9.971726e-02,9.943449e-02,1.020774e-01,1.004152e-01,9.013808e-02,7.691979e-02,7.443511e-02,7.130992e-02,7.411349e-02,8.434331e-02,9.556377e-02,9.657276e-02,9.026241e-02,8.710730e-02,8.817005e-02,9.318614e-02,9.428275e-02,9.630370e-02,9.551156e-02,9.112430e-02,9.026408e-02,8.785009e-02,8.777058e-02,8.652949e-02,8.696795e-02,
9.207153e-02,9.756327e-02,1.014518e-01,1.009042e-01,1.037158e-01,1.090088e-01,1.128867e-01,1.131929e-01,1.107914e-01,1.103077e-01,1.061718e-01,8.634543e-02,1.044370e-01,1.038051e-01,9.963489e-02,9.703839e-02,9.714091e-02,9.467995e-02,9.791470e-02,9.466577e-02,7.486188e-02,9.530115e-02,8.393657e-02,9.160435e-02,8.995175e-02,8.992624e-02,8.850515e-02,8.754110e-02,9.097910e-02,
1.056893e-01,1.137506e-01,1.187730e-01,1.111777e-01,1.111472e-01,1.168454e-01,9.139204e-02,8.789539e-02,9.009087e-02,1.027496e-01,1.035010e-01,1.035935e-01,9.731340e-02,9.963691e-02,1.018782e-01,1.002028e-01,1.009932e-01,1.031065e-01,9.990680e-02,9.617865e-02,9.059477e-02,9.406459e-02,9.587026e-02,9.606230e-02,9.291160e-02,
9.455109e-02,9.501755e-02,9.434307e-02,9.983027e-02,9.886229e-02,1.061354e-01,1.048083e-01,1.052920e-01,9.870684e-02,1.071507e-01,1.144220e-01,1.096954e-01,1.068640e-01,1.097360e-01,1.114397e-01,1.174589e-01,1.157560e-01,1.043566e-01,8.256483e-02,8.448935e-02,8.452857e-02,8.665001e-02,8.503389e-02,7.783008e-02,8.687913e-02,9.622300e-02,9.772754e-02,9.419835e-02,8.878791e-02,8.691251e-02,8.457673e-02,8.850861e-02,8.961046e-02,9.060371e-02,
9.911263e-02,1.016698e-01,1.091735e-01,1.068698e-01,1.049289e-01,1.190194e-01,1.056969e-01,8.996356e-02,1.040138e-01,1.115129e-01,1.071543e-01,1.079338e-01,1.050371e-01,9.962392e-02,1.005831e-01,1.003431e-01,1.015654e-01,1.047940e-01,1.034840e-01,1.007036e-01,9.954536e-02,1.016457e-01,9.769058e-02,9.046793e-02,
1.147503e-01,1.164912e-01,1.186285e-01,1.178520e-01,1.137644e-01,1.092806e-01,1.166998e-01,1.141279e-01,1.099310e-01,1.119089e-01,1.142457e-01,1.096333e-01,1.086473e-01,1.150327e-01,1.118965e-01,1.071591e-01,1.055228e-01,1.087812e-01,1.083233e-01,1.080860e-01,1.072384e-01,
1.039194e-01,1.059743e-01,1.097313e-01,1.076730e-01,1.092634e-01,1.092339e-01,1.096981e-01,1.095955e-01,1.073022e-01,1.110322e-01,1.014885e-01,9.210300e-02,9.290946e-02,9.495282e-02,9.925413e-02,1.014870e-01,1.046613e-01,1.008967e-01,1.050808e-01,1.054722e-01,1.037503e-01,1.048293e-01,1.051289e-01,
9.708834e-02,1.019599e-01,1.093576e-01,1.044122e-01,1.058656e-01,9.970665e-02,1.025538e-01,1.073053e-01,8.481622e-02,8.823991e-02,9.879684e-02,1.066300e-01,1.051152e-01,1.054289e-01,1.072118e-01,1.078954e-01,1.071007e-01,1.040449e-01,1.023960e-01,1.022587e-01,9.881163e-02,
1.260389e-01,1.305836e-01,1.305174e-01,1.088274e-01,1.054410e-01,1.073231e-01,1.148043e-01,1.217860e-01,1.237011e-01,1.197919e-01,1.198087e-01,1.174979e-01,1.146418e-01,1.125175e-01,1.134558e-01,1.181434e-01,1.185334e-01,1.148393e-01,1.140044e-01,
9.801638e-02,9.807682e-02,1.000452e-01,1.047405e-01,1.098133e-01,1.095965e-01,1.171222e-01,1.172862e-01,1.178468e-01,1.119568e-01,7.661951e-02,8.049726e-02,8.266854e-02,8.204901e-02,7.659483e-02,8.571649e-02,9.178734e-02,1.022692e-01,9.519362e-02,8.729172e-02,8.538353e-02,8.382678e-02,8.372784e-02,8.439767e-02,8.012772e-02,8.629632e-02,8.685207e-02,8.461237e-02,
1.021116e-01,1.040323e-01,1.054316e-01,1.098552e-01,1.072028e-01,1.048013e-01,1.155726e-01,1.142440e-01,1.176796e-01,1.153260e-01,1.152036e-01,1.205508e-01,1.151155e-01,1.094168e-01,1.095198e-01,1.075873e-01,1.094517e-01,1.082932e-01,1.045583e-01,1.101853e-01,1.159140e-01,1.137103e-01,1.085656e-01,1.055603e-01,
1.098241e-01,1.089046e-01,1.130644e-01,1.154503e-01,1.108056e-01,1.064975e-01,1.068962e-01,1.103613e-01,1.138303e-01,1.091763e-01,1.064609e-01,1.067454e-01,1.100098e-01,1.100246e-01,1.124958e-01,1.113746e-01,1.094531e-01,1.100687e-01,1.048079e-01,9.882045e-02,1.037292e-01,1.048537e-01,1.032190e-01,1.043916e-01,1.032528e-01,
1.245546e-01,1.195241e-01,1.251361e-01,1.281940e-01,1.038022e-01,1.163291e-01,1.275499e-01,1.352113e-01,1.342329e-01,1.277826e-01,1.207855e-01,1.194029e-01,1.140110e-01,1.119647e-01,1.122848e-01,1.130475e-01,1.125619e-01,1.158750e-01,1.131986e-01,1.144727e-01,1.133537e-01,1.139510e-01,1.115470e-01,1.117816e-01,1.118668e-01,1.165550e-01,1.175119e-01,1.165047e-01,
1.015059e-01,1.065369e-01,1.066779e-01,1.100801e-01,1.083324e-01,1.106477e-01,1.103096e-01,1.119283e-01,1.139493e-01,1.115010e-01,1.110623e-01,1.043448e-01,9.753263e-02,9.331310e-02,9.609842e-02,1.007276e-01,1.073823e-01,1.099757e-01,1.047560e-01,1.026837e-01,1.023735e-01,1.006333e-01,
9.354782e-02,9.614909e-02,1.038296e-01,1.040115e-01,1.031103e-01,1.062480e-01,1.076295e-01,1.078097e-01,1.098096e-01,1.078331e-01,1.067300e-01,1.044344e-01,1.030891e-01,1.020850e-01,1.035335e-01,1.039460e-01,1.021041e-01,9.912097e-02,9.870672e-02,9.841657e-02,9.775662e-02,9.867537e-02,9.643590e-02,9.494483e-02,9.082246e-02,7.852447e-02,8.710432e-02,8.816469e-02,8.580470e-02,8.658946e-02,8.520401e-02,8.353937e-02,8.549654e-02,8.757901e-02,
6.527627e-02,6.621420e-02,6.753004e-02,6.968701e-02,7.282269e-02,7.239783e-02,7.521164e-02,7.581866e-02,7.437110e-02,7.392442e-02,7.197165e-02,7.145393e-02,7.378078e-02,7.384360e-02,7.388949e-02,7.305133e-02,7.494986e-02,7.578075e-02,7.403958e-02,7.511759e-02,7.688284e-02,7.628834e-02,7.314086e-02,7.436657e-02,7.631409e-02,7.894278e-02,8.198023e-02,8.314979e-02,8.415508e-02,8.190811e-02,8.327615e-02,8.524680e-02,
1.308807e-01,1.278596e-01,1.262612e-01,1.265517e-01,1.202818e-01,1.201665e-01,1.194249e-01,1.199967e-01,1.195964e-01,1.216178e-01,1.239594e-01,1.219220e-01,1.221073e-01,1.191216e-01,1.189673e-01,1.151745e-01,1.179750e-01,1.203681e-01,1.221273e-01,1.240187e-01,1.257870e-01,1.272658e-01,1.242527e-01,1.231189e-01,
9.954762e-02,1.018782e-01,1.020516e-01,1.073946e-01,1.108123e-01,1.123656e-01,1.129508e-01,1.130525e-01,1.145235e-01,1.146641e-01,1.153743e-01,1.152425e-01,1.160425e-01,1.166474e-01,1.166141e-01,1.167216e-01,1.151282e-01,1.149602e-01,1.158230e-01,1.167307e-01,1.175699e-01,1.180328e-01,1.170009e-01,1.179298e-01,1.190827e-01,1.201936e-01,1.184678e-01,1.165152e-01,1.167617e-01,1.167657e-01,1.159953e-01,1.141427e-01,1.097190e-01,1.066729e-01,1.033604e-01,1.014369e-01,1.011915e-01,9.976816e-02,9.932292e-02,
1.061283e-01,1.078163e-01,1.027256e-01,1.031677e-01,1.075724e-01,1.108953e-01,1.132405e-01,1.128923e-01,1.127058e-01,1.136587e-01,1.142799e-01,1.136065e-01,1.130925e-01,1.105678e-01,1.107591e-01,1.122684e-01,1.136310e-01,1.137463e-01,1.134750e-01,1.125528e-01,1.135345e-01,1.134481e-01,1.122005e-01,1.119354e-01,1.119465e-01,1.105826e-01,1.083519e-01,1.094766e-01,1.098316e-01,1.094519e-01,1.080213e-01,1.046056e-01,1.037741e-01,1.031992e-01,1.017278e-01,1.029801e-01,1.037952e-01,1.029449e-01,1.018276e-01,
1.089624e-01,1.072809e-01,1.082468e-01,1.062355e-01,9.477639e-02,1.080614e-01,1.055870e-01,9.634709e-02,9.742689e-02,9.869409e-02,9.625959e-02,9.357452e-02,9.321010e-02,9.543800e-02,9.686804e-02,9.643936e-02,9.589756e-02,9.609532e-02,9.682941e-02,9.729195e-02,9.497094e-02,9.710920e-02,1.005222e-01,1.010840e-01,9.722483e-02,
8.812940e-02,9.113574e-02,9.581625e-02,9.583151e-02,9.620225e-02,8.853340e-02,7.645524e-02,6.883216e-02,9.347820e-02,8.958447e-02,8.971369e-02,8.783388e-02,8.809996e-02,8.575666e-02,8.337045e-02,8.001518e-02,8.018672e-02,8.329153e-02,8.428860e-02,8.526158e-02,8.499813e-02,8.545983e-02,8.293641e-02,8.318794e-02,8.020937e-02,8.120430e-02,8.297896e-02,8.417857e-02,8.337438e-02,7.958591e-02,7.823646e-02,
1.056867e-01,1.068951e-01,1.056814e-01,1.031370e-01,1.085780e-01,1.125734e-01,1.141771e-01,1.143875e-01,1.151003e-01,1.166186e-01,1.174229e-01,1.183181e-01,1.176772e-01,1.180389e-01,1.184994e-01,1.193675e-01,1.179321e-01,1.177729e-01,1.198595e-01,1.204159e-01,1.219156e-01,1.204993e-01,1.198980e-01,1.202224e-01,1.206901e-01,1.180651e-01,1.158060e-01,1.141068e-01,1.100503e-01,1.114893e-01,1.046517e-01,1.047590e-01,1.070660e-01,1.045560e-01,1.051705e-01,1.051308e-01,1.037529e-01,
9.453261e-02,9.789634e-02,1.005871e-01,1.025338e-01,1.023376e-01,1.009585e-01,1.037604e-01,1.043457e-01,1.039239e-01,1.020116e-01,1.017830e-01,9.968114e-02,9.966445e-02,9.667301e-02,9.714365e-02,9.584343e-02,9.528148e-02,9.772384e-02,9.898281e-02,9.564912e-02,9.282887e-02,9.403944e-02,9.200215e-02,9.151161e-02,8.615649e-02,8.449113e-02,
1.073774e-01,1.057366e-01,1.029142e-01,1.006143e-01,1.024556e-01,8.971298e-02,1.055907e-01,1.034209e-01,1.004367e-01,9.975410e-02,9.872687e-02,9.782171e-02,9.488297e-02,9.773755e-02,9.713233e-02,9.879673e-02,9.859872e-02,9.759831e-02,9.693301e-02,9.840739e-02,9.749150e-02,9.460878e-02,9.428132e-02,9.684098e-02,9.670305e-02,
1.287799e-01,1.259304e-01,1.265358e-01,1.254247e-01,1.218814e-01,1.236572e-01,1.228867e-01,1.196295e-01,1.151849e-01,1.184311e-01,1.213212e-01,1.179521e-01,1.154499e-01,1.117232e-01,1.142352e-01,1.143439e-01,1.149907e-01,1.168798e-01,1.220059e-01,1.252334e-01,1.228707e-01,
1.294092e-01,1.270866e-01,1.245040e-01,1.222240e-01,1.254358e-01,1.271847e-01,1.295831e-01,1.286713e-01,1.282321e-01,1.261123e-01,1.267122e-01,1.199746e-01,1.222982e-01,1.245151e-01,1.232512e-01,1.245265e-01,1.206917e-01,1.228707e-01,1.221138e-01,1.242360e-01,1.242177e-01,1.212958e-01,
1.119235e-01,1.111132e-01,1.098760e-01,1.089033e-01,1.123523e-01,1.177437e-01,1.158073e-01,1.145120e-01,1.135646e-01,1.145967e-01,1.150119e-01,1.110975e-01,1.090856e-01,1.043820e-01,1.058134e-01,1.085913e-01,1.093357e-01,1.089299e-01,1.097424e-01,1.075165e-01,1.089468e-01,1.070126e-01,1.066948e-01,1.048486e-01,1.024332e-01,
1.101679e-01,1.093582e-01,1.096425e-01,1.134433e-01,1.140990e-01,1.098648e-01,1.116771e-01,1.164535e-01,1.187114e-01,1.219044e-01,1.210458e-01,1.209245e-01,1.184630e-01,1.171085e-01,1.185884e-01,1.188267e-01,1.190716e-01,1.189467e-01,1.170279e-01,1.166608e-01,1.197590e-01,1.205282e-01,1.212442e-01,1.195493e-01,1.202363e-01,1.192690e-01,1.181064e-01,1.177855e-01,1.153023e-01,1.148314e-01,1.143610e-01,1.118485e-01,1.109946e-01,1.091754e-01,1.086986e-01,1.060165e-01,1.070118e-01,1.019868e-01,
1.257880e-01,1.247000e-01,1.302025e-01,1.319630e-01,1.322614e-01,1.329834e-01,1.295666e-01,1.250911e-01,1.255893e-01,1.258165e-01,1.270887e-01,1.259478e-01,1.273738e-01,1.270787e-01,1.264520e-01,1.251802e-01,1.249428e-01,1.249423e-01,1.278307e-01,1.279577e-01,1.316102e-01,1.336721e-01,
1.153919e-01,1.162004e-01,1.159583e-01,1.157663e-01,1.150212e-01,1.166388e-01,1.131340e-01,1.154648e-01,1.159309e-01,1.140431e-01,1.106596e-01,1.082060e-01,1.080246e-01,1.064954e-01,1.073508e-01,1.076738e-01,1.050383e-01,1.069279e-01,1.093494e-01,1.102424e-01,1.134826e-01,1.103313e-01,1.126535e-01,1.113721e-01,1.116093e-01,1.105173e-01,1.100756e-01,1.095008e-01,1.096172e-01,
1.036861e-01,1.021088e-01,1.029737e-01,9.882903e-02,9.856641e-02,1.059178e-01,1.027977e-01,8.267355e-02,7.762110e-02,8.317339e-02,9.353971e-02,1.005565e-01,8.279884e-02,5.236375e-02,5.002356e-02,4.879951e-02,5.030370e-02,4.225945e-02,3.632212e-02,3.657484e-02,6.293082e-02,7.283866e-02,7.615578e-02,7.727242e-02,7.643878e-02,7.968056e-02,7.982206e-02,8.082867e-02,8.095682e-02,8.701801e-02,
1.320590e-01,1.225348e-01,1.004773e-01,1.079227e-01,1.197320e-01,1.283561e-01,1.283159e-01,1.277541e-01,1.273561e-01,1.315007e-01,1.315790e-01,1.286952e-01,1.270676e-01,1.274148e-01,1.233232e-01,1.279349e-01,1.268954e-01,1.254089e-01,1.275133e-01,1.280707e-01,1.258734e-01,1.255288e-01,1.262531e-01,
1.170316e-01,1.183430e-01,1.197865e-01,1.232128e-01,1.184530e-01,1.225803e-01,1.231982e-01,1.229283e-01,1.237226e-01,1.222278e-01,1.179484e-01,1.163781e-01,1.190572e-01,1.139756e-01,1.170250e-01,1.185005e-01,1.202419e-01,1.183301e-01,1.172501e-01,1.145788e-01,
1.184732e-01,1.160394e-01,1.204478e-01,1.174898e-01,1.158844e-01,1.189650e-01,1.216768e-01,1.214014e-01,1.191289e-01,1.163805e-01,1.131039e-01,1.159083e-01,1.109245e-01,1.064616e-01,1.080348e-01,1.120605e-01,1.141431e-01,1.161952e-01,1.133217e-01,1.155326e-01,1.164042e-01,1.182396e-01,1.204758e-01,1.207856e-01,1.211098e-01,1.212440e-01,
9.115934e-02,9.390247e-02,9.863877e-02,1.003914e-01,1.035293e-01,1.037863e-01,1.043663e-01,9.700012e-02,1.036303e-01,1.027527e-01,9.679496e-02,9.189939e-02,8.498168e-02,7.928646e-02,8.649409e-02,9.122276e-02,7.850492e-02,6.247473e-02,7.425117e-02,8.560550e-02,8.574152e-02,8.218503e-02,8.398378e-02,8.178937e-02,8.301723e-02,8.196318e-02,8.183372e-02,
9.514618e-02,9.800851e-02,9.899342e-02,1.038208e-01,1.087353e-01,1.098762e-01,1.124054e-01,1.066021e-01,9.631109e-02,1.084141e-01,1.045868e-01,1.013541e-01,9.815586e-02,9.990275e-02,9.846759e-02,9.893608e-02,8.903921e-02,7.597125e-02,8.347666e-02,9.534681e-02,9.888160e-02,9.772623e-02,9.522140e-02,9.102690e-02,8.892488e-02,8.894789e-02,8.897829e-02,9.170973e-02,
1.029375e-01,1.025845e-01,1.040446e-01,1.065599e-01,1.077507e-01,1.078049e-01,1.099058e-01,1.120079e-01,1.145806e-01,1.152022e-01,1.153866e-01,1.160288e-01,1.233289e-01,1.187572e-01,1.116438e-01,1.101265e-01,1.084019e-01,1.147479e-01,1.183592e-01,1.122581e-01,1.098011e-01,1.036555e-01,1.025599e-01,1.036659e-01,1.085473e-01,1.111207e-01,1.092309e-01,1.138868e-01,1.101303e-01,1.053064e-01,1.092591e-01,1.078627e-01,1.060284e-01,1.017181e-01,1.060309e-01,
1.251663e-01,1.229398e-01,1.274199e-01,1.266446e-01,1.237353e-01,1.213529e-01,1.212976e-01,1.189092e-01,1.178031e-01,1.221198e-01,1.225147e-01,1.241059e-01,1.237502e-01,1.248336e-01,1.252943e-01,1.220286e-01,1.197203e-01,1.225814e-01,1.271716e-01,1.277860e-01,1.280193e-01,1.271288e-01,1.257492e-01,1.255642e-01,1.248908e-01,
8.013296e-02,8.263171e-02,8.670986e-02,9.024894e-02,9.172082e-02,8.267629e-02,8.352506e-02,8.901107e-02,8.675265e-02,7.538450e-02,8.341479e-02,9.104848e-02,8.800268e-02,8.279526e-02,7.979810e-02,4.433417e-02,4.665494e-02,5.078578e-02,4.955506e-02,4.272878e-02,3.676605e-02,4.851401e-02,5.865800e-02,6.273150e-02,7.527912e-02,7.082748e-02,6.925547e-02,7.002330e-02,6.967044e-02,
1.037134e-01,1.010060e-01,1.046957e-01,1.069136e-01,1.035252e-01,1.080400e-01,1.218263e-01,1.092805e-01,8.838403e-02,9.949374e-02,1.095222e-01,1.055828e-01,9.262717e-02,9.111595e-02,6.740296e-02,7.262611e-02,6.538939e-02,7.341003e-02,7.569110e-02,8.964241e-02,5.855072e-02,5.206192e-02,6.313956e-02,7.447243e-02,8.978689e-02,8.182228e-02,7.632232e-02,7.341313e-02,7.317448e-02,7.781839e-02,7.619202e-02,8.158290e-02,8.378434e-02,
1.296177e-01,1.295786e-01,1.254879e-01,1.249204e-01,1.221520e-01,1.132782e-01,1.140233e-01,1.118447e-01,1.124108e-01,1.101202e-01,1.151838e-01,1.158446e-01,1.162690e-01,1.127213e-01,1.133729e-01,1.151044e-01,1.174809e-01,1.223446e-01,1.247165e-01,1.267366e-01,1.318066e-01,1.326206e-01,1.291808e-01,1.278980e-01,
1.265492e-01,1.241931e-01,1.241741e-01,1.205386e-01,1.261432e-01,1.272776e-01,1.329099e-01,1.239067e-01,1.127307e-01,1.262223e-01,1.250454e-01,1.231403e-01,1.253928e-01,1.271968e-01,1.288697e-01,1.296921e-01,1.275290e-01,1.249371e-01,1.281496e-01,1.303145e-01,1.274270e-01,1.281834e-01,1.265535e-01,1.298119e-01,1.285546e-01,
8.727396e-02,9.060895e-02,9.416115e-02,1.070230e-01,1.147140e-01,1.112460e-01,1.142529e-01,1.176527e-01,1.197357e-01,1.170837e-01,1.154417e-01,1.140256e-01,1.094934e-01,1.092073e-01,9.397662e-02,5.452645e-02,7.635868e-02,9.405720e-02,1.096292e-01,1.023761e-01,1.011000e-01,1.009353e-01,1.012698e-01,1.019148e-01,9.855473e-02,9.656549e-02,9.480429e-02,9.410238e-02,9.439611e-02,9.328091e-02,9.057724e-02,
1.106174e-01,1.118387e-01,1.146427e-01,1.178329e-01,1.134332e-01,1.145536e-01,1.125972e-01,1.111649e-01,1.131755e-01,1.118582e-01,1.115522e-01,1.122203e-01,1.048352e-01,1.054379e-01,1.094456e-01,1.120083e-01,1.116405e-01,1.126119e-01,1.117100e-01,1.082097e-01,1.066489e-01,1.033102e-01,1.042436e-01,1.039472e-01,1.025356e-01,
1.129470e-01,1.181686e-01,1.041312e-01,1.226473e-01,1.171907e-01,1.121130e-01,1.222413e-01,1.212687e-01,1.179860e-01,1.284019e-01,1.170435e-01,1.032559e-01,1.204915e-01,1.083438e-01,1.118407e-01,1.186641e-01,1.104791e-01,9.098566e-02,1.044235e-01,8.816051e-02,9.772384e-02,1.154337e-01,1.115028e-01,1.088951e-01,1.091142e-01,1.097704e-01,1.040702e-01,9.425437e-02,1.036186e-01,1.029274e-01,1.006584e-01,
1.043082e-01,1.042889e-01,1.043100e-01,1.022074e-01,9.900177e-02,9.777391e-02,1.017147e-01,9.266186e-02,8.455372e-02,9.005404e-02,1.045755e-01,1.012771e-01,9.713447e-02,9.525323e-02,9.382093e-02,9.340143e-02,9.258676e-02,9.393930e-02,9.256923e-02,9.496891e-02,9.655869e-02,9.630930e-02,9.688389e-02,9.795082e-02,9.652472e-02,9.526706e-02,9.725618e-02,9.413636e-02,9.232175e-02,8.927035e-02,9.051919e-02,
1.046658e-01,1.067206e-01,1.065373e-01,1.074044e-01,1.072297e-01,1.075794e-01,1.048623e-01,1.004739e-01,8.712888e-02,1.039648e-01,1.024822e-01,1.012014e-01,1.002165e-01,9.704638e-02,9.518778e-02,9.405053e-02,9.583807e-02,9.441221e-02,9.620702e-02,9.797180e-02,9.858453e-02,9.923637e-02,9.676445e-02,9.366381e-02,9.216368e-02,9.394908e-02,9.352064e-02,9.431195e-02,9.347939e-02,9.307086e-02,
9.896493e-02,9.967744e-02,9.948969e-02,9.666491e-02,9.572291e-02,9.424675e-02,1.021842e-01,1.050237e-01,1.047038e-01,1.068558e-01,1.081245e-01,1.085496e-01,1.067657e-01,1.079186e-01,1.098663e-01,1.130842e-01,1.118227e-01,1.103492e-01,1.104162e-01,1.112882e-01,1.128569e-01,1.140058e-01,1.130881e-01,1.138822e-01,1.155709e-01,1.166502e-01,1.158891e-01,1.145158e-01,1.144791e-01,1.106230e-01,1.097183e-01,1.109726e-01,1.041231e-01,
1.016698e-01,1.030083e-01,1.037964e-01,1.033072e-01,1.096040e-01,1.117961e-01,1.135706e-01,1.129696e-01,1.132309e-01,1.126914e-01,1.118431e-01,1.122072e-01,1.139165e-01,1.141241e-01,1.156592e-01,1.141853e-01,1.136291e-01,1.145656e-01,1.140517e-01,1.130694e-01,1.124146e-01,1.090779e-01,1.090341e-01,1.104877e-01,1.114795e-01,1.105857e-01,1.088072e-01,1.049770e-01,1.027461e-01,9.827268e-02,1.001397e-01,1.020517e-01,
1.131577e-01,1.146624e-01,1.155782e-01,1.202800e-01,1.183364e-01,1.166888e-01,1.153646e-01,1.161861e-01,1.165068e-01,1.169324e-01,1.175029e-01,1.168694e-01,1.158818e-01,1.166457e-01,1.174833e-01,1.182315e-01,1.171546e-01,1.166764e-01,1.155356e-01,1.167755e-01,1.171252e-01,1.177301e-01,1.173401e-01,1.166271e-01,1.163844e-01,1.170062e-01,1.137509e-01,1.106867e-01,1.069866e-01,1.072801e-01,1.075442e-01,
1.289949e-01,1.284804e-01,1.311980e-01,1.294347e-01,1.249850e-01,1.245847e-01,1.255682e-01,1.227388e-01,1.277339e-01,1.266372e-01,1.277573e-01,1.287761e-01,1.246433e-01,1.225510e-01,1.217633e-01,1.243371e-01,1.263911e-01,1.264781e-01,1.293302e-01,1.302513e-01,1.321009e-01,1.306604e-01,1.312256e-01,1.267740e-01,1.272618e-01,1.274121e-01,
1.095359e-01,1.109174e-01,1.068330e-01,1.063690e-01,1.104598e-01,1.115841e-01,1.117728e-01,1.115109e-01,1.101713e-01,1.094998e-01,1.083878e-01,1.059546e-01,1.051995e-01,1.069818e-01,1.050593e-01,1.019372e-01,1.003633e-01,1.007459e-01,1.002740e-01,9.845710e-02,9.731770e-02,9.790170e-02,9.919500e-02,9.909534e-02,9.853399e-02,9.726262e-02,9.753990e-02,1.001091e-01,1.008917e-01,1.007859e-01,9.725344e-02,9.730589e-02,1.028159e-01,1.041629e-01,1.015413e-01,1.005952e-01,1.020001e-01,1.007768e-01,9.921682e-02,1.004330e-01,9.864366e-02,1.000301e-01,
1.229552e-01,1.258305e-01,1.271995e-01,1.270429e-01,1.311045e-01,1.267884e-01,1.281202e-01,1.290423e-01,1.265839e-01,1.232795e-01,1.230050e-01,1.241311e-01,1.220814e-01,1.253867e-01,1.252291e-01,1.206508e-01,1.222202e-01,1.212839e-01,1.200325e-01,1.223102e-01,1.239884e-01,1.255851e-01,1.265317e-01,1.267669e-01,1.266708e-01,
9.008229e-02,9.237671e-02,9.526467e-02,1.002423e-01,1.001406e-01,9.281123e-02,7.192624e-02,7.107723e-02,7.083189e-02,7.635319e-02,7.958698e-02,9.493446e-02,9.324658e-02,9.478676e-02,9.466362e-02,9.315920e-02,9.277749e-02,9.222865e-02,9.067547e-02,9.165978e-02,9.204352e-02,9.485567e-02,9.611464e-02,9.397674e-02,9.045386e-02,8.927023e-02,9.050477e-02,9.315205e-02,9.576881e-02,9.794199e-02,9.842896e-02,9.630454e-02,
1.010773e-01,1.034662e-01,1.058445e-01,1.013451e-01,9.758174e-02,9.319425e-02,7.563567e-02,9.481955e-02,8.324838e-02,1.007786e-01,1.026462e-01,9.983957e-02,9.801495e-02,9.425902e-02,9.472096e-02,9.346628e-02,9.592664e-02,9.621394e-02,9.730136e-02,9.719944e-02,9.485388e-02,9.255469e-02,9.153175e-02,8.869016e-02,8.408558e-02,8.872247e-02,
1.028925e-01,1.040776e-01,1.005369e-01,1.033609e-01,1.064346e-01,1.060218e-01,1.058406e-01,1.054193e-01,1.065832e-01,1.071934e-01,1.084483e-01,1.083777e-01,1.101797e-01,1.078651e-01,1.071088e-01,1.047814e-01,1.045405e-01,1.056839e-01,1.057377e-01,1.091166e-01,1.073215e-01,1.063432e-01,1.069429e-01,1.029327e-01,9.999847e-02,9.935057e-02,9.879398e-02,1.010481e-01,
1.019405e-01,1.021638e-01,1.028290e-01,1.015924e-01,1.087160e-01,1.115725e-01,1.124027e-01,1.132609e-01,1.136279e-01,1.132518e-01,1.147050e-01,1.156828e-01,1.162598e-01,1.161342e-01,1.139467e-01,1.146237e-01,1.155448e-01,1.156036e-01,1.144669e-01,1.135349e-01,1.116346e-01,1.111029e-01,1.122850e-01,1.130170e-01,1.132886e-01,1.120654e-01,1.109471e-01,1.094840e-01,1.068561e-01,1.034942e-01,1.006488e-01,1.004856e-01,9.926605e-02,9.759641e-02,9.535849e-02,
1.080782e-01,1.128666e-01,1.149783e-01,1.142219e-01,1.262226e-01,1.198517e-01,1.112072e-01,1.202059e-01,1.299388e-01,1.371444e-01,1.458168e-01,1.477352e-01,1.535816e-01,1.530977e-01,1.514872e-01,1.469520e-01,1.490519e-01,1.426557e-01,1.409973e-01,1.376184e-01,1.356933e-01,1.339742e-01,1.236950e-01,1.216593e-01,1.187929e-01,1.237694e-01,1.239994e-01,1.242681e-01,
9.621680e-02,9.749269e-02,9.621894e-02,9.609103e-02,9.693956e-02,1.018157e-01,1.041340e-01,1.057010e-01,1.066048e-01,1.059706e-01,1.034706e-01,1.066952e-01,1.070161e-01,1.077137e-01,1.075096e-01,1.086938e-01,1.085392e-01,1.078290e-01,1.055073e-01,1.074361e-01,1.065848e-01,1.071833e-01,1.082762e-01,1.066560e-01,1.048626e-01,9.955490e-02,9.371674e-02,9.375465e-02,9.183002e-02,8.903313e-02,8.916259e-02,8.940566e-02,8.399749e-02,8.738875e-02,8.464766e-02,
1.052616e-01,1.049064e-01,1.064638e-01,1.075168e-01,1.096635e-01,1.140493e-01,1.174693e-01,1.141093e-01,1.065837e-01,1.094497e-01,1.065114e-01,1.088612e-01,1.074051e-01,1.052797e-01,1.095153e-01,1.097879e-01,1.037947e-01,1.076550e-01,1.072814e-01,1.049536e-01,1.067275e-01,1.070769e-01,1.051770e-01,1.069523e-01,1.045793e-01,1.072538e-01,1.099141e-01,1.039369e-01,9.633815e-02,9.522510e-02,9.261358e-02,9.099305e-02,9.078932e-02,
1.132951e-01,1.143562e-01,1.165999e-01,1.187373e-01,1.204115e-01,1.221083e-01,1.248626e-01,1.239059e-01,1.282779e-01,1.299808e-01,1.321929e-01,1.320256e-01,1.328086e-01,1.306968e-01,1.275581e-01,1.239061e-01,1.202093e-01,1.160002e-01,1.135302e-01,1.126754e-01,1.135986e-01,1.173917e-01,1.102746e-01,1.067932e-01,1.091331e-01,1.111460e-01,1.112248e-01,
9.667945e-02,9.617996e-02,1.049796e-01,1.055102e-01,1.059566e-01,1.088443e-01,1.088048e-01,1.109548e-01,1.125669e-01,1.108341e-01,1.172454e-01,1.118958e-01,1.109006e-01,1.089365e-01,1.114111e-01,1.107916e-01,1.089169e-01,
8.955359e-02,9.168410e-02,9.596360e-02,1.035457e-01,1.024619e-01,1.046385e-01,1.068388e-01,1.083913e-01,1.105417e-01,1.141558e-01,1.194577e-01,1.280518e-01,1.317166e-01,1.290767e-01,1.252451e-01,1.286671e-01,1.231428e-01,1.260329e-01,1.211233e-01,1.205658e-01,1.216760e-01,1.126728e-01,1.045338e-01,1.028132e-01,9.748781e-02,9.624922e-02,8.798170e-02,8.802807e-02,8.563626e-02,7.829869e-02,8.251131e-02,8.496249e-02,8.496976e-02,8.381402e-02,8.101201e-02,
1.040170e-01,1.044869e-01,1.088908e-01,1.068217e-01,1.120718e-01,1.179235e-01,1.127757e-01,1.161797e-01,1.200631e-01,1.160543e-01,1.085724e-01,1.136413e-01,1.155958e-01,1.152033e-01,1.182004e-01,1.197019e-01,1.141065e-01,1.111037e-01,1.041660e-01,1.020366e-01,1.054213e-01,
1.070460e-01,1.107452e-01,1.084704e-01,1.141723e-01,1.117630e-01,1.106112e-01,1.144187e-01,1.183336e-01,1.149192e-01,1.147635e-01,1.157328e-01,1.154592e-01,1.167709e-01,1.168971e-01,1.167806e-01,1.135912e-01,1.134101e-01,1.109747e-01,1.112041e-01,1.107575e-01,
1.048123e-01,1.071010e-01,1.073260e-01,1.105304e-01,1.159549e-01,1.174706e-01,1.160599e-01,1.152961e-01,1.208349e-01,1.164943e-01,1.150140e-01,1.165154e-01,1.139895e-01,1.167396e-01,1.174954e-01,1.131228e-01,1.109090e-01,1.087707e-01,1.073484e-01,
1.065329e-01,1.068922e-01,1.055616e-01,1.101910e-01,1.110739e-01,1.140994e-01,1.163590e-01,1.165489e-01,1.151559e-01,1.125675e-01,1.094581e-01,1.070406e-01,1.083550e-01,1.106584e-01,1.124442e-01,1.126873e-01,1.128010e-01,1.121687e-01,1.110338e-01,1.098139e-01,1.086398e-01,1.075341e-01,1.053094e-01,1.045594e-01,1.048694e-01,1.051745e-01,1.036620e-01,1.030960e-01,1.003960e-01,9.847796e-02,9.590340e-02,9.358215e-02,9.451568e-02,9.154558e-02,8.782709e-02,9.167433e-02,9.260714e-02,8.776939e-02,8.472407e-02,8.205628e-02,7.532072e-02,7.501018e-02,7.651532e-02,
9.392810e-02,9.568167e-02,1.055992e-01,1.072483e-01,1.078258e-01,1.093714e-01,1.111162e-01,1.164103e-01,1.230066e-01,1.281726e-01,1.348014e-01,1.312757e-01,1.298687e-01,1.328176e-01,1.269673e-01,1.237775e-01,1.219211e-01,1.167953e-01,1.087999e-01,1.126809e-01,1.101695e-01,1.037303e-01,1.035634e-01,
1.022508e-01,1.045392e-01,1.109744e-01,1.169611e-01,1.204374e-01,1.254878e-01,1.227177e-01,1.235285e-01,1.237382e-01,1.285366e-01,1.320959e-01,1.332040e-01,1.340489e-01,1.315526e-01,1.265554e-01,1.214545e-01,1.196730e-01,1.190826e-01,1.209671e-01,1.172361e-01,1.098064e-01,1.130520e-01,1.109611e-01,1.130236e-01,1.114082e-01,1.135244e-01,1.136061e-01,1.130587e-01,1.107261e-01,1.098106e-01,1.082242e-01,1.075352e-01,1.116159e-01,1.133796e-01,
9.922099e-02,1.009778e-01,1.024139e-01,1.024989e-01,1.027668e-01,1.059257e-01,1.076568e-01,1.141433e-01,1.145352e-01,1.110882e-01,1.097349e-01,1.106791e-01,1.145471e-01,1.153262e-01,1.173419e-01,1.180283e-01,1.194453e-01,1.183689e-01,1.171601e-01,1.167421e-01,1.185414e-01,1.195089e-01,1.182017e-01,1.187968e-01,1.170011e-01,1.078176e-01,1.062065e-01,
1.227468e-01,1.261038e-01,1.277714e-01,1.221647e-01,1.284002e-01,1.315848e-01,1.324568e-01,1.387147e-01,1.417084e-01,1.446592e-01,1.488745e-01,1.489503e-01,1.488366e-01,1.468534e-01,1.478202e-01,1.442692e-01,1.393650e-01,1.361663e-01,1.325936e-01,1.304084e-01,1.294335e-01,1.347263e-01,1.310141e-01,1.240908e-01,1.259305e-01,1.259928e-01,1.232094e-01,1.237555e-01,
1.028126e-01,1.044983e-01,1.060109e-01,1.074842e-01,1.088223e-01,1.097931e-01,1.055166e-01,1.037123e-01,1.067157e-01,1.107503e-01,1.128006e-01,1.131474e-01,1.129208e-01,1.135064e-01,1.144246e-01,1.133130e-01,1.129346e-01,1.114881e-01,1.087859e-01,1.114495e-01,1.091337e-01,1.088493e-01,1.051800e-01,
1.051141e-01,1.061648e-01,1.094574e-01,1.074448e-01,1.078495e-01,1.079636e-01,1.108004e-01,1.109484e-01,1.116521e-01,1.132758e-01,1.153245e-01,1.171892e-01,1.175134e-01,1.183203e-01,1.179034e-01,1.163123e-01,1.163508e-01,1.154858e-01,1.141808e-01,1.123360e-01,1.086019e-01,1.018413e-01,9.695137e-02,
1.081265e-01,1.089885e-01,1.075372e-01,1.074781e-01,1.098311e-01,1.103038e-01,1.078377e-01,1.088786e-01,1.078246e-01,1.094258e-01,1.099985e-01,1.107689e-01,1.131606e-01,1.139438e-01,1.137154e-01,1.128236e-01,1.123697e-01,1.116310e-01,1.128302e-01,1.120975e-01,1.122421e-01,1.116552e-01,1.087290e-01,1.016971e-01,9.750533e-02,9.337330e-02,
1.137949e-01,1.156379e-01,1.171727e-01,1.206356e-01,1.234940e-01,1.281685e-01,1.310778e-01,1.317027e-01,1.337566e-01,1.344783e-01,1.342121e-01,1.315310e-01,1.311172e-01,1.313245e-01,1.314304e-01,1.327474e-01,1.353034e-01,1.359189e-01,1.317166e-01,1.275803e-01,1.219752e-01,1.191483e-01,1.141893e-01,1.129332e-01,1.106431e-01,1.091306e-01,
1.286232e-01,1.287258e-01,1.313376e-01,1.337569e-01,1.350930e-01,1.397561e-01,1.422691e-01,1.475246e-01,1.501907e-01,1.513318e-01,1.467476e-01,1.445563e-01,1.396211e-01,1.507007e-01,1.510834e-01,1.501657e-01,1.499251e-01,1.485741e-01,1.478453e-01,1.421036e-01,1.355686e-01,1.228697e-01,1.297640e-01,1.230201e-01,1.179776e-01,1.159700e-01,1.182830e-01,1.171918e-01,
1.049534e-01,1.069800e-01,1.074692e-01,1.115996e-01,1.152223e-01,1.157368e-01,1.158607e-01,1.175606e-01,1.136467e-01,1.178888e-01,1.126339e-01,1.147957e-01,1.154790e-01,1.201415e-01,1.178756e-01,1.212151e-01,1.149371e-01,1.146539e-01,1.096975e-01,1.083918e-01,1.070149e-01,
1.070991e-01,1.081510e-01,1.130326e-01,1.183838e-01,1.213815e-01,1.236078e-01,1.227967e-01,1.241844e-01,1.234937e-01,1.231757e-01,1.227000e-01,1.217455e-01,1.218868e-01,1.215969e-01,1.213551e-01,1.210474e-01,1.207188e-01,1.224849e-01,1.232564e-01,1.224186e-01,1.196331e-01,1.172841e-01,1.143825e-01,1.091970e-01,1.042205e-01,1.034712e-01,1.033225e-01,
9.537315e-02,9.928489e-02,9.890342e-02,9.991062e-02,9.933913e-02,9.913278e-02,1.023347e-01,1.020677e-01,1.044656e-01,1.034629e-01,1.027963e-01,1.023297e-01,1.052595e-01,1.035975e-01,1.033261e-01,1.037111e-01,1.042665e-01,1.027160e-01,1.023865e-01,1.002382e-01,9.626973e-02,9.008241e-02,8.644354e-02,
9.404027e-02,9.628439e-02,9.958959e-02,9.951746e-02,1.009582e-01,1.028731e-01,9.972918e-02,9.756815e-02,9.584510e-02,9.658146e-02,9.754658e-02,9.818101e-02,1.002247e-01,9.920967e-02,1.010466e-01,1.013570e-01,1.003948e-01,1.016420e-01,1.018045e-01,1.036414e-01,1.033672e-01,1.069549e-01,1.084224e-01,1.151795e-01,1.209874e-01,1.229755e-01,1.246977e-01,1.235595e-01,
1.302614e-01,1.280777e-01,1.316422e-01,1.345788e-01,1.365478e-01,1.410049e-01,1.444860e-01,1.451677e-01,1.473167e-01,1.498334e-01,1.497358e-01,1.470598e-01,1.494036e-01,1.509831e-01,1.511328e-01,1.501437e-01,1.478977e-01,1.433978e-01,1.416765e-01,1.379673e-01,1.334189e-01,1.266857e-01,1.255599e-01,1.249642e-01,1.270498e-01,1.255475e-01,1.202161e-01,
1.253451e-01,1.279182e-01,1.282622e-01,1.361226e-01,1.420882e-01,1.440048e-01,1.460087e-01,1.478407e-01,1.503146e-01,1.492450e-01,1.489900e-01,1.514032e-01,1.512073e-01,1.514791e-01,1.506114e-01,1.505086e-01,1.487058e-01,1.469725e-01,1.395569e-01,1.379637e-01,1.342020e-01,1.326543e-01,1.340168e-01,
1.154243e-01,1.157079e-01,1.174347e-01,1.141301e-01,1.083511e-01,1.109426e-01,1.168857e-01,1.148238e-01,1.097940e-01,1.096061e-01,1.108203e-01,1.136985e-01,1.139157e-01,1.130497e-01,1.137401e-01,1.156183e-01,1.112037e-01,1.038902e-01,
1.218048e-01,1.227994e-01,1.183909e-01,1.194350e-01,1.196375e-01,1.238502e-01,1.234684e-01,1.156789e-01,1.152073e-01,1.176106e-01,1.190307e-01,1.115789e-01,1.144310e-01,1.139491e-01,1.121761e-01,1.100190e-01,1.077677e-01,
1.007262e-01,1.044030e-01,1.083934e-01,1.101482e-01,1.114701e-01,1.136310e-01,1.132796e-01,1.139295e-01,1.152399e-01,1.163642e-01,1.171092e-01,1.191534e-01,1.236969e-01,1.197054e-01,1.148595e-01,1.084824e-01,1.073616e-01,1.060913e-01,1.012965e-01,9.895742e-02,1.009065e-01,9.920037e-02,9.898150e-02,9.882879e-02,9.798622e-02,9.832764e-02,
1.419529e-01,1.409341e-01,1.402508e-01,1.409693e-01,1.449236e-01,1.444907e-01,1.482506e-01,1.538820e-01,1.542864e-01,1.550640e-01,1.545533e-01,1.532183e-01,1.525580e-01,1.519942e-01,1.523315e-01,1.526189e-01,1.528959e-01,1.506087e-01,1.493180e-01,1.512775e-01,1.475128e-01,1.433308e-01,1.377840e-01,1.387374e-01,1.381916e-01,1.349370e-01,1.299754e-01,
1.178141e-01,1.184576e-01,1.178367e-01,1.171914e-01,1.231980e-01,1.274638e-01,1.263657e-01,1.325284e-01,1.305064e-01,1.354907e-01,1.364285e-01,1.359352e-01,1.367984e-01,1.331258e-01,1.248527e-01,1.269611e-01,1.210613e-01,1.188745e-01,1.187222e-01,1.220326e-01,1.155778e-01,1.111699e-01,
1.327176e-01,1.338520e-01,1.382402e-01,1.371529e-01,1.416562e-01,1.453879e-01,1.500391e-01,1.497599e-01,1.483113e-01,1.486862e-01,1.465900e-01,1.436905e-01,1.461118e-01,1.447397e-01,1.441572e-01,1.467127e-01,1.450572e-01,1.436057e-01,1.391144e-01,1.327430e-01,1.268376e-01,1.304736e-01,1.283960e-01,1.263142e-01,1.256908e-01,
1.191549e-01,1.202370e-01,1.216328e-01,1.236899e-01,1.251085e-01,1.279305e-01,1.279259e-01,1.299917e-01,1.301924e-01,1.304693e-01,1.302092e-01,1.290231e-01,1.281013e-01,1.278346e-01,1.271926e-01,1.275427e-01,1.296905e-01,1.298286e-01,1.324016e-01,1.305054e-01,1.238371e-01,1.197053e-01,1.163921e-01,1.111937e-01,1.119175e-01,1.113819e-01,1.101269e-01,1.087307e-01,
1.128529e-01,1.128862e-01,1.156929e-01,1.170402e-01,1.144218e-01,1.182494e-01,1.188943e-01,1.196440e-01,1.201177e-01,1.185433e-01,1.154553e-01,1.150185e-01,1.148988e-01,1.188092e-01,1.170231e-01,1.142278e-01,1.123002e-01,1.104918e-01,1.087132e-01,1.078887e-01,
1.253712e-01,1.248946e-01,1.280636e-01,1.294568e-01,1.324720e-01,1.340289e-01,1.352404e-01,1.360608e-01,1.363336e-01,1.344482e-01,1.344352e-01,1.333084e-01,1.333960e-01,1.335100e-01,1.329529e-01,1.319246e-01,1.310478e-01,1.317015e-01,1.319590e-01,1.331381e-01,1.329113e-01,1.304523e-01,1.270001e-01,1.232139e-01,1.182805e-01,1.151922e-01,1.140249e-01,1.117954e-01,1.127321e-01,
1.175691e-01,1.211023e-01,1.301823e-01,1.302449e-01,1.291180e-01,1.288956e-01,1.299566e-01,1.347497e-01,1.372377e-01,1.393282e-01,1.409961e-01,1.422762e-01,1.408250e-01,1.394867e-01,1.379086e-01,1.349071e-01,1.329430e-01,1.359959e-01,1.360260e-01,1.352729e-01,1.378111e-01,1.410455e-01,1.418129e-01,
1.066723e-01,1.077092e-01,1.101373e-01,1.114635e-01,1.119325e-01,1.108081e-01,1.112599e-01,1.121619e-01,1.102456e-01,1.109565e-01,1.105413e-01,1.105297e-01,1.090531e-01,1.083120e-01,1.064368e-01,1.053092e-01,1.043727e-01,1.016032e-01,1.008104e-01,1.009052e-01,9.900141e-02,9.635341e-02,9.978926e-02,9.872615e-02,9.793091e-02,9.647751e-02,9.473145e-02,9.874165e-02,1.015536e-01,1.022664e-01,1.031832e-01,9.954119e-02,9.695303e-02,9.706402e-02,9.755945e-02,9.537625e-02,
1.078715e-01,1.117753e-01,1.175054e-01,1.190060e-01,1.131384e-01,1.146132e-01,1.135591e-01,1.161759e-01,1.150501e-01,1.135448e-01,1.107190e-01,1.124583e-01,1.149879e-01,1.145070e-01,1.155097e-01,1.132790e-01,1.112101e-01,1.067818e-01,1.049242e-01,9.975183e-02,
1.060936e-01,1.053985e-01,1.118339e-01,1.078337e-01,1.100529e-01,1.154177e-01,1.162401e-01,1.165438e-01,1.150922e-01,1.147910e-01,1.153226e-01,1.143119e-01,1.113173e-01,1.119078e-01,1.118475e-01,1.123520e-01,1.157142e-01,
1.166841e-01,1.146311e-01,1.145276e-01,1.188041e-01,1.232532e-01,1.257415e-01,1.267374e-01,1.250191e-01,1.242247e-01,1.232370e-01,1.213666e-01,1.183912e-01,1.191859e-01,1.190153e-01,1.196452e-01,1.198057e-01,1.187477e-01,1.193651e-01,1.191179e-01,1.191382e-01,1.181511e-01,1.172982e-01,1.168289e-01,1.184794e-01,1.182581e-01,1.183376e-01,1.190095e-01,1.189730e-01,1.160237e-01,1.131676e-01,1.117203e-01,1.102327e-01,1.060812e-01,1.013006e-01,1.005992e-01,
1.038719e-01,1.029930e-01,1.024603e-01,1.063173e-01,1.046188e-01,1.063534e-01,1.106796e-01,1.133515e-01,1.217620e-01,1.434516e-01,1.527001e-01,1.554635e-01,1.579311e-01,1.495048e-01,1.494491e-01,1.489494e-01,1.403420e-01,1.326585e-01,1.261778e-01,1.200598e-01,1.109973e-01,1.094822e-01,1.036992e-01,1.052177e-01,
1.334479e-01,1.297162e-01,1.240672e-01,1.259141e-01,1.318213e-01,1.317999e-01,1.359444e-01,1.372998e-01,1.374781e-01,1.377637e-01,1.481583e-01,1.443244e-01,1.341499e-01,1.475033e-01,1.301875e-01,1.298169e-01,1.356983e-01,1.364213e-01,1.425750e-01,1.360515e-01,1.307938e-01,1.291368e-01,1.259896e-01,1.229967e-01,1.232713e-01,1.244432e-01,1.181301e-01,1.250211e-01,
9.124446e-02,9.250283e-02,9.573090e-02,9.730589e-02,9.896672e-02,9.905195e-02,9.852564e-02,9.816158e-02,9.788609e-02,9.679163e-02,9.684515e-02,1.008505e-01,9.828234e-02,9.933031e-02,9.799612e-02,9.742224e-02,9.790909e-02,9.668410e-02,9.648132e-02,9.596896e-02,9.401810e-02,9.325480e-02,9.855974e-02,9.680343e-02,1.008536e-01,1.009202e-01,9.703314e-02,9.578574e-02,9.557700e-02,9.458816e-02,9.501469e-02,9.282279e-02,9.013224e-02,
1.001439e-01,1.030023e-01,1.047242e-01,1.074687e-01,1.075002e-01,1.096756e-01,1.122006e-01,1.141306e-01,1.147534e-01,1.153157e-01,1.143336e-01,1.134466e-01,1.125221e-01,1.103277e-01,1.070673e-01,1.053623e-01,1.056290e-01,1.057703e-01,1.050234e-01,1.040013e-01,1.043849e-01,1.033248e-01,1.022599e-01,1.028414e-01,1.031157e-01,1.029620e-01,1.002697e-01,9.504700e-02,9.569848e-02,9.682000e-02,9.664440e-02,9.638309e-02,9.544778e-02,9.381783e-02,9.295678e-02,9.136879e-02,8.925402e-02,8.859611e-02,8.670115e-02,8.439922e-02,
1.314517e-01,1.329671e-01,1.363482e-01,1.370713e-01,1.353906e-01,1.376705e-01,1.416105e-01,1.465634e-01,1.479149e-01,1.450520e-01,1.459740e-01,1.479293e-01,1.425762e-01,1.426052e-01,1.396458e-01,1.372496e-01,1.319373e-01,1.368569e-01,1.375418e-01,1.315536e-01,1.316077e-01,1.345305e-01,1.351266e-01,1.326731e-01,1.322310e-01,1.320240e-01,1.297966e-01,1.284614e-01,
1.237780e-01,1.262342e-01,1.293631e-01,1.384891e-01,1.373787e-01,1.364586e-01,1.321676e-01,1.447283e-01,1.436989e-01,1.432987e-01,1.423908e-01,1.410748e-01,1.430676e-01,1.409181e-01,1.377703e-01,1.397139e-01,1.422410e-01,1.411117e-01,1.381761e-01,1.344758e-01,1.294930e-01,1.247501e-01,1.205006e-01,
9.753847e-02,9.984875e-02,1.022332e-01,1.069591e-01,1.055040e-01,1.060251e-01,1.041090e-01,1.038853e-01,1.026756e-01,1.039286e-01,1.025399e-01,1.025088e-01,1.004421e-01,1.003783e-01,1.005645e-01,1.011037e-01,1.005129e-01,1.011701e-01,1.011672e-01,1.020483e-01,9.787762e-02,9.282625e-02,
1.310089e-01,1.336545e-01,1.367131e-01,1.327354e-01,1.369183e-01,1.387950e-01,1.394523e-01,1.417170e-01,1.490707e-01,1.497445e-01,1.467837e-01,1.468160e-01,1.447639e-01,1.450810e-01,1.425097e-01,1.440854e-01,1.420707e-01,1.335037e-01,1.313779e-01,1.307938e-01,1.297389e-01,1.263130e-01,1.221728e-01,
1.032828e-01,1.029795e-01,1.036086e-01,1.049939e-01,1.085615e-01,1.102269e-01,1.103451e-01,1.102146e-01,1.085082e-01,1.062211e-01,1.041663e-01,1.036345e-01,1.033932e-01,1.002094e-01,9.956527e-02,9.834862e-02,9.587443e-02,9.195268e-02,8.807433e-02,8.667529e-02,8.880913e-02,9.217370e-02,9.267044e-02,9.405971e-02,8.954406e-02,8.460176e-02,8.014524e-02,7.683432e-02,7.328570e-02,7.108223e-02,
1.136509e-01,1.125824e-01,1.156559e-01,1.213700e-01,1.268810e-01,1.279420e-01,1.287072e-01,1.289659e-01,1.291432e-01,1.279899e-01,1.274664e-01,1.266671e-01,1.280497e-01,1.304122e-01,1.323609e-01,1.315646e-01,1.293124e-01,1.277955e-01,1.241056e-01,1.199131e-01,1.129684e-01,1.097052e-01,1.095753e-01,1.088369e-01,
1.311713e-01,1.330481e-01,1.371992e-01,1.362175e-01,1.394091e-01,1.349753e-01,1.451595e-01,1.457140e-01,1.460251e-01,1.438146e-01,1.435919e-01,1.435493e-01,1.406028e-01,1.436116e-01,1.442719e-01,1.434468e-01,1.393210e-01,1.385336e-01,1.341357e-01,1.291786e-01,1.284531e-01,1.286918e-01,1.286526e-01,
1.026725e-01,1.047033e-01,1.044211e-01,1.049649e-01,1.046339e-01,1.053466e-01,1.059716e-01,1.058401e-01,1.046191e-01,1.046711e-01,1.054596e-01,1.043680e-01,1.062921e-01,1.053214e-01,1.067785e-01,1.054707e-01,1.073976e-01,1.049763e-01,1.052002e-01,1.080232e-01,1.101546e-01,1.119559e-01,1.100483e-01,1.084040e-01,1.105859e-01,1.105007e-01,1.127934e-01,1.125878e-01,1.135187e-01,1.115202e-01,1.105503e-01,1.093249e-01,1.092389e-01,1.094882e-01,1.090254e-01,1.068484e-01,1.005034e-01,9.509969e-02,9.440660e-02,
1.040832e-01,1.026206e-01,1.007818e-01,1.012981e-01,1.036545e-01,1.079118e-01,1.103354e-01,1.117874e-01,1.121097e-01,1.164169e-01,1.134622e-01,1.107326e-01,1.142775e-01,1.168487e-01,1.169116e-01,1.160036e-01,1.160059e-01,1.166533e-01,1.166815e-01,1.161870e-01,1.145939e-01,1.138648e-01,1.143117e-01,1.134278e-01,1.146615e-01,1.135700e-01,1.136190e-01,1.099527e-01,1.066995e-01,1.031442e-01,9.908164e-02,9.487832e-02,9.185445e-02,9.036529e-02,8.883667e-02,8.854675e-02,8.860934e-02,8.831418e-02,8.699524e-02,
1.145401e-01,1.175931e-01,1.173967e-01,1.203628e-01,1.246966e-01,1.260314e-01,1.290334e-01,1.297312e-01,1.287153e-01,1.283803e-01,1.274484e-01,1.279056e-01,1.283849e-01,1.283165e-01,1.278329e-01,1.285686e-01,1.277008e-01,1.273363e-01,1.279089e-01,1.272386e-01,1.246020e-01,1.227908e-01,1.200068e-01,1.139971e-01,1.142552e-01,1.096077e-01,1.127661e-01,
1.037560e-01,1.053034e-01,1.103441e-01,1.103510e-01,1.141903e-01,1.191345e-01,1.225259e-01,1.233184e-01,1.251960e-01,1.260630e-01,1.283332e-01,1.300596e-01,1.310434e-01,1.307454e-01,1.295456e-01,1.283730e-01,1.284148e-01,1.282296e-01,1.280378e-01,1.286628e-01,1.292257e-01,1.297288e-01,1.263468e-01,1.242932e-01,1.190153e-01,1.155305e-01,1.131790e-01,1.092203e-01,
1.131341e-01,1.169748e-01,1.196331e-01,1.219913e-01,1.261636e-01,1.271571e-01,1.310768e-01,1.351135e-01,1.358718e-01,1.357267e-01,1.340009e-01,1.348686e-01,1.346314e-01,1.349683e-01,1.354375e-01,1.360881e-01,1.356460e-01,1.361333e-01,1.354929e-01,1.361823e-01,1.312605e-01,1.295429e-01,1.256672e-01,1.166253e-01,1.166239e-01,1.159941e-01,
1.096319e-01,1.129938e-01,1.155953e-01,1.180322e-01,1.249540e-01,1.275187e-01,1.283247e-01,1.278294e-01,1.285084e-01,1.289170e-01,1.277913e-01,1.248581e-01,1.241286e-01,1.244860e-01,1.248958e-01,1.255553e-01,1.278654e-01,1.273279e-01,1.239392e-01,1.212870e-01,1.182910e-01,1.142609e-01,1.125956e-01,
1.090875e-01,1.098063e-01,1.125785e-01,1.120028e-01,1.116807e-01,1.131192e-01,1.134406e-01,1.161873e-01,1.146066e-01,1.145213e-01,1.117992e-01,1.128818e-01,1.123450e-01,1.126144e-01,1.123786e-01,1.112307e-01,1.115620e-01,1.111552e-01,1.113054e-01,1.104766e-01,1.069026e-01,1.054239e-01,
9.242749e-02,9.141994e-02,9.488058e-02,9.727788e-02,9.784234e-02,9.574807e-02,9.536505e-02,9.483957e-02,9.768367e-02,9.642470e-02,9.407353e-02,9.488797e-02,9.731197e-02,9.730422e-02,9.756541e-02,9.798515e-02,9.841573e-02,9.834111e-02,9.760308e-02,9.739184e-02,9.836376e-02,9.568202e-02,9.363294e-02,8.966839e-02,8.684623e-02,8.521533e-02,
1.136968e-01,1.133813e-01,1.140904e-01,1.179326e-01,1.230565e-01,1.285125e-01,1.283468e-01,1.305524e-01,1.304889e-01,1.309464e-01,1.303290e-01,1.320325e-01,1.330519e-01,1.323341e-01,1.319557e-01,1.319774e-01,1.313704e-01,1.295056e-01,1.290864e-01,1.291494e-01,1.298825e-01,1.306677e-01,1.321692e-01,1.295049e-01,1.267829e-01,1.235262e-01,1.173835e-01,1.137341e-01,1.119143e-01,1.124706e-01,
1.367719e-01,1.423472e-01,1.465831e-01,1.461927e-01,1.468759e-01,1.451796e-01,1.448298e-01,1.322199e-01,1.337368e-01,1.367885e-01,1.385645e-01,1.507885e-01,1.484418e-01,1.459274e-01,1.427765e-01,1.372033e-01,1.238216e-01,1.299659e-01,1.335182e-01,1.419878e-01,1.384310e-01,1.316094e-01,1.292306e-01,
