-2.605994e+00,-2.474005e+00,-2.503114e+00,-2.482115e+00,-2.552713e+00,-2.606168e+00,-2.650462e+00,-2.752403e+00,-2.691022e+00,-2.588074e+00,-2.504001e+00,-2.558198e+00,-2.488998e+00,-2.402964e+00,-2.404985e+00,-2.462604e+00,-2.547912e+00,-2.549605e+00,-2.552281e+00,-2.472956e+00,-2.433744e+00,-2.364865e+00,-2.356101e+00,-2.361369e+00,-2.361032e+00,
-2.220113e+00,-2.426188e+00,-2.469211e+00,-2.587636e+00,-2.577944e+00,-2.570821e+00,-2.520790e+00,-2.545607e+00,-2.466623e+00,-1.930539e+00,-2.062335e+00,-1.950351e+00,-2.554772e+00,-2.565854e+00,-2.578029e+00,-2.545938e+00,-2.549041e+00,-2.365086e+00,-1.969020e+00,-2.077944e+00,-1.491519e+00,-2.164323e+00,-2.181035e+00,-2.553384e+00,-2.638059e+00,-2.581291e+00,-2.582521e+00,-2.544256e+00,-2.632167e+00,
-2.306483e+00,-2.350890e+00,-2.385581e+00,7.281327e-01,7.129576e-01,-2.488944e+00,4.591238e-01,4.121845e-01,5.504597e-01,-2.457856e+00,-2.336645e+00,-2.366184e+00,-2.396612e+00,-2.514718e+00,-2.600124e+00,-2.632648e+00,-2.634994e+00,-2.658487e+00,-2.560783e+00,-2.455658e+00,-2.396131e+00,-2.423038e+00,-2.439300e+00,-2.486103e+00,-2.456291e+00,
-2.816424e+00,-2.803385e+00,-2.663145e+00,-2.682457e+00,-2.672341e+00,3.773776e-01,4.940912e-01,6.726925e-01,6.458187e-01,5.369596e-01,5.779970e-01,6.069357e-01,6.156148e-01,4.750615e-01,3.988194e-01,4.530368e-01,3.711878e-01,2.771186e-01,2.430848e-01,3.647325e-01,4.828340e-01,4.805810e-01,4.421526e-01,3.071616e-01,4.099643e-01,3.685699e-01,-2.739785e+00,-2.810385e+00,-2.674335e+00,-2.642295e+00,-2.628887e+00,-2.733900e+00,-2.774712e+00,3.614463e-01,
-2.268559e+00,-2.256921e+00,-2.347494e+00,-2.294689e+00,-2.362119e+00,8.633850e-01,7.139043e-01,6.478756e-01,7.497800e-01,-2.353127e+00,-2.460961e+00,-2.507941e+00,-2.423978e+00,-2.471235e+00,-2.574963e+00,-2.663821e+00,-2.674099e+00,-2.683594e+00,-2.646107e+00,-2.652550e+00,-2.664163e+00,-2.663951e+00,-2.682815e+00,-2.720544e+00,
-2.516577e+00,-2.437280e+00,-2.195807e+00,-2.173154e+00,-2.188060e+00,-2.237760e+00,-2.157835e+00,-2.207288e+00,-2.258186e+00,-2.268811e+00,-2.106424e+00,-2.098125e+00,-2.272723e+00,-2.424491e+00,-2.274329e+00,-2.218214e+00,-2.190928e+00,-2.300552e+00,-2.394788e+00,-2.451431e+00,-2.516277e+00,
-2.495081e+00,-2.230953e+00,-2.022457e+00,-1.817813e+00,-1.820104e+00,-2.057711e+00,-2.035641e+00,-2.205185e+00,-2.182475e+00,-2.197243e+00,-2.055963e+00,-1.841530e+00,-1.812628e+00,-1.802815e+00,-1.956939e+00,-1.951082e+00,-2.143165e+00,-2.155891e+00,-2.285943e+00,-2.231986e+00,-2.143221e+00,-2.049620e+00,-1.973388e+00,
-2.290917e+00,-2.291305e+00,-2.332848e+00,-2.331118e+00,5.592157e-01,-2.482845e+00,5.293912e-01,-2.604327e+00,-2.741481e+00,4.629172e-01,-2.519203e+00,-2.423754e+00,-2.414567e+00,-2.535768e+00,-2.525167e+00,-2.567481e+00,-2.566720e+00,-2.558748e+00,-2.576664e+00,-2.508100e+00,-2.419867e+00,
-2.728268e+00,-2.514243e+00,-1.871542e+00,-1.690969e-01,-7.093716e-02,-1.379431e+00,-2.412283e+00,-2.652359e+00,-2.675909e+00,-2.677912e+00,-2.649225e+00,-2.670302e+00,-2.689318e+00,-2.685924e+00,-2.667762e+00,-2.658505e+00,-2.618594e+00,-2.657167e+00,-2.627425e+00,
-2.545650e+00,-2.363472e+00,-2.356964e+00,-2.356017e+00,-2.352757e+00,-2.279002e+00,-2.395943e+00,-2.303961e+00,-1.788081e+00,-1.348818e+00,-9.993362e-01,-9.734955e-01,-9.708182e-01,-9.824924e-01,-1.005919e+00,-1.383562e+00,-2.003038e+00,-2.459458e+00,-2.576567e+00,-2.593000e+00,-2.658921e+00,-2.682900e+00,-2.574487e+00,-2.621725e+00,-2.736058e+00,-2.935803e+00,-3.098081e+00,-8.339393e-02,
-1.734358e+00,-1.882428e+00,-2.002039e+00,-2.003520e+00,-2.006385e+00,-1.844805e+00,-1.849480e+00,-1.827197e+00,-1.841478e+00,-1.993224e+00,-2.032820e+00,-2.080690e+00,-2.097222e+00,-2.084121e+00,-2.187970e+00,-2.185116e+00,-2.055632e+00,-1.907208e+00,-1.957362e+00,-2.116435e+00,-2.288601e+00,-2.268034e+00,-2.305357e+00,-2.321763e+00,
-2.135756e+00,-2.133999e+00,-2.168235e+00,-2.322469e+00,-2.402840e+00,-2.297408e+00,-2.266219e+00,-2.263358e+00,-2.247122e+00,-2.096216e+00,-1.930114e+00,-2.093396e+00,-2.311088e+00,-2.511391e+00,-2.534186e+00,-2.531183e+00,-2.560722e+00,-2.468647e+00,-2.377419e+00,-2.246653e+00,-2.258058e+00,-2.364914e+00,-2.453775e+00,-2.610782e+00,-2.605294e+00,
-2.164449e+00,-2.209947e+00,-2.220385e+00,-2.417351e+00,5.436738e-01,5.714385e-01,6.334737e-01,7.338696e-01,7.452647e-01,-2.338978e+00,-2.393437e+00,-2.476291e+00,-2.586290e+00,-2.579801e+00,-2.476582e+00,-2.509682e+00,-2.498779e+00,-2.598258e+00,-2.582684e+00,-2.609522e+00,-2.629329e+00,-2.648841e+00,-2.587109e+00,-2.587728e+00,-2.570311e+00,-2.629735e+00,-2.645223e+00,-2.639596e+00,
-2.232798e+00,-2.135826e+00,-2.141032e+00,-2.200227e+00,-2.254134e+00,-2.273109e+00,-2.287427e+00,-2.299982e+00,-2.297769e+00,-2.204088e+00,-2.110034e+00,-1.987412e+00,-2.008612e+00,-2.030855e+00,-2.030734e+00,-2.142210e+00,-2.110117e+00,-2.253283e+00,-2.225192e+00,-2.326951e+00,-2.320494e+00,-2.302161e+00,
-2.665630e+00,-2.715217e+00,-2.763447e+00,-2.756401e+00,-2.770535e+00,-2.743095e+00,-2.730463e+00,-2.722715e+00,-2.705411e+00,-2.696368e+00,-2.700400e+00,-2.705102e+00,-2.703405e+00,-2.702957e+00,-2.624755e+00,-2.640095e+00,-2.620612e+00,-2.703591e+00,-2.708976e+00,-2.706134e+00,-2.617152e+00,-2.629918e+00,-2.605153e+00,-2.129054e+00,-2.201784e+00,-2.186466e+00,-2.673858e+00,-2.718706e+00,-2.744823e+00,-2.787749e+00,-2.801795e+00,-2.797567e+00,-2.693789e+00,-2.688951e+00,
6.112039e-02,6.480920e-02,6.567729e-02,7.159507e-02,5.253053e-02,5.798244e-02,8.193147e-02,1.166855e-01,1.243423e-01,1.286668e-01,1.174370e-01,1.268928e-01,-2.966413e+00,-2.935939e+00,-2.905485e+00,-2.934223e+00,-2.916760e+00,-2.916144e+00,-2.941786e+00,-2.915556e+00,-2.926168e+00,-2.753846e+00,-2.820902e+00,-2.856914e+00,8.129489e-02,8.696222e-02,8.040941e-02,3.596401e-02,-2.967947e+00,-2.878913e+00,-2.873112e+00,5.775928e-02,
-2.729263e+00,-2.569623e+00,-2.376206e+00,-2.337177e+00,-2.354957e+00,-2.327038e+00,-2.312369e+00,-2.310731e+00,-2.305031e+00,-2.228955e+00,-2.207917e+00,-2.201158e+00,-2.206186e+00,-2.246945e+00,-2.311636e+00,-2.364215e+00,-2.371302e+00,-2.383942e+00,-2.336255e+00,-2.329752e+00,-2.338453e+00,-2.373852e+00,-2.430443e+00,-2.451248e+00,
-2.558161e+00,-2.572121e+00,-2.605379e+00,-2.579683e+00,-2.598195e+00,-2.606829e+00,-2.617454e+00,-2.612129e+00,-2.624806e+00,-2.623193e+00,-2.649762e+00,-2.680187e+00,-2.683866e+00,-2.686650e+00,-2.696003e+00,-2.702222e+00,-2.706182e+00,-2.710215e+00,-2.709452e+00,-2.708816e+00,-2.704828e+00,-2.697569e+00,-2.689054e+00,-2.684724e+00,-2.691140e+00,-2.697185e+00,-2.692743e+00,-2.679084e+00,-2.680760e+00,-2.677075e+00,-2.655206e+00,-2.649449e+00,-2.644402e+00,-2.653983e+00,-2.667969e+00,-2.653171e+00,-2.615787e+00,-2.604802e+00,-2.594853e+00,
-2.654115e+00,-2.671222e+00,-2.684865e+00,-2.670743e+00,-2.668815e+00,-2.663822e+00,-2.658399e+00,-2.667149e+00,-2.657549e+00,-2.651325e+00,-2.659072e+00,-2.665123e+00,-2.677012e+00,-2.691086e+00,-2.694756e+00,-2.694335e+00,-2.692304e+00,-2.692281e+00,-2.701444e+00,-2.705042e+00,-2.706737e+00,-2.691861e+00,-2.688410e+00,-2.673448e+00,-2.678486e+00,-2.673810e+00,-2.676996e+00,-2.695011e+00,-2.710310e+00,-2.728100e+00,-2.733240e+00,-2.738292e+00,-2.729280e+00,-2.728876e+00,-2.715868e+00,-2.682724e+00,-2.650009e+00,-2.629721e+00,-2.616658e+00,
-2.617672e+00,-2.589267e+00,-2.676411e+00,-2.610316e+00,-2.637696e+00,-2.392879e+00,-2.275057e+00,-2.160047e+00,-2.279069e+00,-2.383362e+00,-2.378027e+00,-2.426376e+00,-2.312692e+00,-2.468598e+00,-2.372380e+00,-2.438431e+00,-2.397803e+00,-2.423357e+00,-2.325113e+00,-2.209757e+00,-2.236811e+00,-2.353397e+00,-2.494297e+00,-2.376390e+00,-2.298939e+00,
1.131319e-01,-3.000470e+00,-2.870679e+00,-2.783522e+00,-2.745453e+00,-2.443955e+00,-2.497845e+00,-2.302074e+00,-2.694986e+00,-2.652659e+00,-2.631543e+00,-2.441083e+00,-2.288786e+00,-2.161324e+00,-2.129768e+00,-2.142655e+00,-2.170692e+00,-2.206482e+00,-2.251739e+00,-2.255345e+00,-2.238540e+00,-2.220387e+00,-2.204928e+00,-2.225896e+00,-2.235527e+00,-2.486710e+00,-2.696349e+00,-2.895801e+00,-2.941162e+00,-2.956207e+00,-2.959895e+00,
-2.592760e+00,-2.620428e+00,-2.629821e+00,-2.597812e+00,-2.600502e+00,-2.599324e+00,-2.614503e+00,-2.627881e+00,-2.630091e+00,-2.639699e+00,-2.656677e+00,-2.651172e+00,-2.640300e+00,-2.648841e+00,-2.661199e+00,-2.678751e+00,-2.672603e+00,-2.677947e+00,-2.719511e+00,-2.697768e+00,-2.692595e+00,-2.655620e+00,-2.646664e+00,-2.643847e+00,-2.650722e+00,-2.638496e+00,-2.650597e+00,-2.842997e+00,-2.824002e+00,-2.820253e+00,-2.686795e+00,-2.670924e+00,-2.678416e+00,-2.670508e+00,-2.640178e+00,-2.625541e+00,-2.649067e+00,
-2.621906e+00,-2.604753e+00,-2.565291e+00,-2.705247e+00,-2.692356e+00,-2.641548e+00,-2.627860e+00,-2.608142e+00,-2.644646e+00,-2.560169e+00,-2.513016e+00,-2.531998e+00,-2.593422e+00,-2.632210e+00,-2.458292e+00,-2.439996e+00,-2.392927e+00,-2.495312e+00,-2.351348e+00,-2.213070e+00,-2.206891e+00,-2.355002e+00,-2.516129e+00,-2.493209e+00,-2.394151e+00,-2.281164e+00,
-2.842206e+00,-2.798457e+00,-2.785902e+00,-2.822232e+00,-2.867283e+00,-2.894183e+00,-2.865127e+00,-2.800872e+00,-2.718911e+00,-2.693583e+00,-2.557551e+00,-2.597719e+00,-2.644030e+00,-2.802460e+00,-2.841595e+00,-2.793009e+00,-2.684377e+00,-2.506343e+00,-2.509158e+00,-2.483758e+00,-2.491004e+00,-2.544369e+00,-2.567366e+00,-2.779547e+00,-2.773165e+00,
-2.754956e+00,-2.632120e+00,-2.415362e+00,-2.357559e+00,-2.327228e+00,-2.281622e+00,-2.239596e+00,-2.264848e+00,-2.397477e+00,-2.451073e+00,-2.571740e+00,-2.422817e+00,-2.368883e+00,-2.313031e+00,-2.339709e+00,-2.338169e+00,-2.341149e+00,-2.392437e+00,-2.429298e+00,-2.458635e+00,-2.453757e+00,
-2.369359e+00,-2.344039e+00,-2.325730e+00,-2.346617e+00,-2.321425e+00,-2.288347e+00,-2.209774e+00,-2.194703e+00,-2.324306e+00,-2.311175e+00,-2.295007e+00,-2.287293e+00,-2.384866e+00,-2.507463e+00,-2.434421e+00,-2.379310e+00,-2.297610e+00,-2.322882e+00,-2.313431e+00,-2.180227e+00,-2.222523e+00,-2.283203e+00,
-1.995147e+00,-2.003389e+00,-1.985852e+00,-1.959713e+00,-1.980094e+00,-1.913003e+00,-2.065773e+00,-2.099329e+00,-2.237140e+00,-2.251477e+00,-2.236972e+00,-2.072932e+00,-1.926494e+00,-1.803159e+00,-1.791979e+00,-1.809056e+00,-1.819015e+00,-2.021171e+00,-2.208038e+00,-2.366408e+00,-2.340978e+00,-2.294731e+00,-2.269292e+00,-2.267547e+00,-2.268177e+00,
-2.600101e+00,-2.584723e+00,-2.553405e+00,-2.757836e+00,-2.745068e+00,-2.764768e+00,-2.624325e+00,-2.653244e+00,-2.663009e+00,-2.658446e+00,-2.614834e+00,-2.591856e+00,-2.647994e+00,-2.640215e+00,-2.636726e+00,-2.608546e+00,-2.628689e+00,-2.641773e+00,-2.625414e+00,-2.611981e+00,-2.604141e+00,-2.615915e+00,-2.609340e+00,-2.603923e+00,-2.622273e+00,-2.660750e+00,-2.648856e+00,-2.607183e+00,-2.569812e+00,-2.584528e+00,-2.634939e+00,-2.667023e+00,-2.659051e+00,-2.771903e+00,-2.984381e+00,-2.938259e+00,-2.761141e+00,-2.581083e+00,
-2.378786e+00,-2.467253e+00,-2.517387e+00,-2.524419e+00,-2.532658e+00,-2.528141e+00,-2.515863e+00,-2.494748e+00,-2.444102e+00,-2.418993e+00,-2.424814e+00,-2.439793e+00,-2.443946e+00,-2.447092e+00,-2.445621e+00,-2.451252e+00,-2.458066e+00,-2.367020e+00,-2.319207e+00,-2.255739e+00,-2.257503e+00,-2.240784e+00,
-2.594338e+00,-2.582592e+00,-2.562828e+00,-2.560026e+00,-2.564296e+00,-2.546137e+00,-2.516393e+00,-2.536609e+00,-2.552486e+00,-2.567972e+00,-2.569418e+00,-2.564517e+00,-2.555443e+00,-2.550261e+00,-2.569762e+00,-2.608323e+00,-2.619507e+00,-2.638453e+00,-2.628374e+00,-2.618674e+00,-2.594732e+00,-2.580580e+00,-2.587356e+00,-2.602293e+00,-2.621296e+00,-2.633292e+00,-2.623642e+00,-2.604357e+00,-2.587368e+00,
4.274436e-01,4.817034e-01,5.823366e-01,6.620715e-01,5.424927e-01,3.921828e-01,6.207600e-01,4.083202e-01,3.717557e-01,2.723095e-01,5.326575e-01,5.745316e-01,7.425185e-01,3.096047e+00,2.694443e+00,1.810210e+00,2.124774e+00,7.688364e-01,8.895033e-01,5.420948e-01,2.978896e-01,-2.612974e+00,-2.847138e+00,-2.866257e+00,-2.868534e+00,-2.878948e+00,-2.930648e+00,-2.892424e+00,-2.815030e+00,-2.723140e+00,
-2.647144e+00,-2.685225e+00,-2.720521e+00,-2.671286e+00,-2.613010e+00,-2.516576e+00,-2.494539e+00,-2.487140e+00,-2.488689e+00,-2.570773e+00,-2.587356e+00,-2.546624e+00,-2.509950e+00,-2.440587e+00,-2.350052e+00,-2.369118e+00,-2.384847e+00,-2.396473e+00,-2.411773e+00,-2.405143e+00,-2.400817e+00,-2.388592e+00,-2.377216e+00,
-1.757802e+00,-1.977733e+00,-2.071550e+00,-2.153697e+00,-2.145566e+00,-2.147782e+00,-2.229913e+00,-2.198456e+00,-2.185575e+00,-2.217303e+00,-2.268253e+00,-2.292086e+00,-2.273499e+00,-2.245767e+00,-2.190910e+00,-2.199869e+00,-2.202515e+00,-2.070327e+00,-2.089716e+00,-2.103239e+00,
-2.122829e+00,-1.992262e+00,-2.086335e+00,-2.086174e+00,-2.218983e+00,-2.164967e+00,-2.130290e+00,-2.121892e+00,-2.119028e+00,-2.127871e+00,-2.090708e+00,-2.100308e+00,-2.167952e+00,-2.237362e+00,-2.227682e+00,-2.205581e+00,-2.204113e+00,-2.237588e+00,-2.270091e+00,-2.269880e+00,-2.266487e+00,-2.283456e+00,-2.296674e+00,-2.333678e+00,-2.343295e+00,-2.342770e+00,
-2.828312e+00,-2.835706e+00,-2.746695e+00,-2.748955e+00,-2.697279e+00,-2.723789e+00,-2.700997e+00,-2.492740e+00,-2.446900e+00,-2.624897e+00,-2.669828e+00,-2.044505e+00,-2.121714e+00,-1.992427e+00,-2.353959e+00,-1.990354e+00,-1.433773e+00,-1.491771e+00,-2.142420e+00,-2.625907e+00,-2.560512e+00,-2.664147e+00,-2.670009e+00,-2.732107e+00,-2.703988e+00,-2.609031e+00,-2.593959e+00,
-2.863039e+00,3.012083e-01,2.842380e-01,4.148995e-01,4.913702e-01,4.750403e-01,9.461348e-01,6.064370e-01,7.101118e-01,4.110786e-01,3.911693e-01,3.360271e-01,3.718350e-01,3.708367e-01,3.670526e-01,3.492981e-01,2.219870e-01,3.452407e-01,3.981810e-01,4.747367e-01,3.690737e-01,3.678925e-01,-2.765633e+00,-2.781456e+00,-2.822646e+00,-2.837473e+00,-2.780967e+00,-2.770016e+00,
-2.676579e+00,-2.660816e+00,-2.575706e+00,-2.378626e+00,-2.288270e+00,-2.283315e+00,-2.442620e+00,-2.464206e+00,-2.523451e+00,-2.529727e+00,-2.473671e+00,-2.408303e+00,-2.139748e+00,-1.999175e+00,-2.051639e+00,-2.218868e+00,-2.351959e+00,-2.356814e+00,-2.363898e+00,-2.251250e+00,-2.040253e+00,-1.843185e+00,-1.823202e+00,-1.995637e+00,-2.022499e+00,-2.279060e+00,-2.302454e+00,-2.318698e+00,-2.241168e+00,-2.117966e+00,-2.165080e+00,-2.141579e+00,-2.196630e+00,-2.317078e+00,-2.503602e+00,
-2.203608e+00,-2.190220e+00,-2.187971e+00,-2.199179e+00,-2.225946e+00,-2.182838e+00,-2.128711e+00,-2.144876e+00,-2.132612e+00,-2.119602e+00,-2.140920e+00,-2.233832e+00,-2.320910e+00,-2.346603e+00,-2.287811e+00,-2.233750e+00,-2.260219e+00,-2.258845e+00,-2.254966e+00,-2.283505e+00,-2.328397e+00,-2.329958e+00,-2.334625e+00,-2.312284e+00,-2.286586e+00,
2.315323e-01,2.512329e-01,3.306842e-01,4.055159e-01,5.566111e-01,-2.431691e+00,-2.255905e+00,-2.398710e+00,-2.353425e+00,-2.363308e+00,-2.122480e+00,-2.179873e+00,-2.133240e+00,1.279845e+00,-1.297230e+00,-1.004125e+00,-9.938049e-01,-1.004726e+00,-9.757652e-01,-1.005397e+00,-1.081655e+00,-1.229655e+00,1.585224e+00,1.053384e+00,8.608496e-01,7.185634e-01,6.564957e-01,-2.496147e+00,-2.591465e+00,
-2.926842e+00,2.979958e-01,2.951605e-01,3.539722e-01,4.026965e-01,3.062688e-01,8.101065e-01,1.879924e+00,1.488114e+00,7.381479e-01,4.636317e-01,5.559716e-01,4.349831e-01,3.359194e-01,-8.227825e-03,2.742337e+00,2.726506e+00,1.927372e-01,-2.894046e+00,2.265363e-01,1.528295e-01,1.682240e-01,2.091219e-01,2.114377e-01,-2.971903e+00,-2.973457e+00,2.447906e-01,2.567385e-01,2.622638e-01,2.782332e-01,2.504451e-01,2.425326e-01,2.547203e-01,
-3.001137e+00,-2.971522e+00,-2.547774e+00,-2.120413e+00,-2.141144e+00,-2.324882e+00,-2.546335e+00,-2.510889e+00,-2.664908e+00,-2.668558e+00,-2.773537e+00,-2.734483e+00,-2.662462e+00,-2.466143e+00,-2.333147e+00,-2.358322e+00,-2.347102e+00,-2.422492e+00,-2.421050e+00,-2.663096e+00,-2.640225e+00,-2.701830e+00,-2.502846e+00,-2.573907e+00,
-2.369350e+00,-2.435789e+00,-2.486296e+00,-2.514439e+00,-2.516563e+00,-2.521532e+00,-2.139025e+00,-2.269425e+00,-2.179451e+00,-2.417584e+00,-2.427562e+00,-2.411508e+00,-2.437995e+00,-2.450211e+00,-2.448633e+00,-2.407648e+00,-2.390375e+00,-2.378270e+00,-2.324706e+00,-2.251472e+00,-2.201999e+00,-2.263877e+00,-2.326439e+00,-2.308044e+00,-2.251139e+00,
5.118601e-01,4.908319e-01,5.099249e-01,4.342387e-01,4.404186e-01,4.057503e-01,3.825089e-01,3.752288e-01,4.108248e-01,4.170702e-01,4.665983e-01,5.629580e-01,5.297435e-01,5.768714e-01,2.754200e-01,2.195116e-01,2.427007e-01,4.106920e-01,5.587515e-01,6.403400e-01,6.843207e-01,5.371646e-01,4.646891e-01,3.468657e-01,3.557717e-01,3.296294e-01,3.548242e-01,4.089389e-01,4.020439e-01,3.918332e-01,3.721088e-01,
-2.482662e+00,-2.464610e+00,-2.282604e+00,-2.163470e+00,-2.187784e+00,-2.309883e+00,-2.392160e+00,-2.385503e+00,-2.388922e+00,-2.403328e+00,-2.247620e+00,-2.017102e+00,-1.997681e+00,-2.179538e+00,-2.414603e+00,-2.438551e+00,-2.457382e+00,-2.499701e+00,-2.520574e+00,-2.505446e+00,-2.445535e+00,-2.436965e+00,-2.478375e+00,-2.525974e+00,-2.532885e+00,
-2.649523e+00,-2.730242e+00,-2.628760e+00,-2.678053e+00,-2.740439e+00,-1.828969e+00,-2.575028e+00,-2.609467e+00,-2.455610e+00,-2.231702e+00,-2.383460e+00,-1.162784e+00,-2.525640e+00,-2.528537e+00,-2.467121e+00,-1.965603e+00,-2.033916e+00,-1.372968e+00,-1.350229e+00,-1.426096e+00,-2.027008e+00,-2.572448e+00,-2.568200e+00,-2.654248e+00,-2.651337e+00,-2.524464e+00,-2.496543e+00,-2.441742e+00,-2.436291e+00,-2.526103e+00,-2.664443e+00,
-2.883043e+00,-2.848779e+00,-2.623042e+00,-2.407021e+00,-2.315795e+00,-2.377288e+00,-2.643555e+00,-2.755078e+00,-2.796250e+00,-2.721589e+00,-2.610132e+00,-2.527941e+00,-2.474017e+00,-2.331006e+00,-2.180844e+00,-2.257727e+00,-2.288407e+00,-2.501205e+00,-2.433484e+00,-2.488005e+00,-2.443066e+00,-2.442248e+00,-2.428476e+00,-2.271789e+00,-2.310496e+00,-2.329607e+00,-2.510049e+00,-2.386457e+00,-2.305772e+00,-2.160204e+00,-2.126576e+00,
-2.938576e+00,-2.914593e+00,-2.866048e+00,-2.767955e+00,-2.733274e+00,-2.716244e+00,-2.811253e+00,-2.846840e+00,-2.872366e+00,-2.817402e+00,-2.793939e+00,-2.766126e+00,-2.586038e+00,-2.454867e+00,-2.462710e+00,-2.710699e+00,-2.869371e+00,-2.882435e+00,-2.845284e+00,-2.852182e+00,-2.860916e+00,-2.841968e+00,-2.834726e+00,-2.852216e+00,-2.915006e+00,-2.982610e+00,1.078694e-01,8.714151e-02,6.611168e-02,6.344426e-02,
-2.592218e+00,-2.603840e+00,-2.637471e+00,-2.642351e+00,-2.659629e+00,-2.717932e+00,-2.724687e+00,-2.703649e+00,-2.687164e+00,-2.687331e+00,-2.691222e+00,-2.709694e+00,-2.712461e+00,-2.722195e+00,-2.767405e+00,-2.766567e+00,-2.762773e+00,-2.757259e+00,-2.761689e+00,-2.774983e+00,-2.786399e+00,-2.772800e+00,-2.800593e+00,-2.861279e+00,-2.905006e+00,-2.902779e+00,-2.902390e+00,-2.907313e+00,-2.940131e+00,-2.975647e+00,-2.951496e+00,-9.836197e-03,-2.294008e-01,
-2.643583e+00,-2.654321e+00,-2.657757e+00,-2.631321e+00,-2.654094e+00,-2.685490e+00,-2.696805e+00,-2.699651e+00,-2.691072e+00,-2.688832e+00,-2.681157e+00,-2.698618e+00,-2.684499e+00,-2.691469e+00,-2.703504e+00,-2.710496e+00,-2.722927e+00,-2.708177e+00,-2.688130e+00,-2.682752e+00,-2.674466e+00,-2.667955e+00,-2.672870e+00,-2.673610e+00,-2.684783e+00,-2.697274e+00,-2.701696e+00,-2.703478e+00,-2.723162e+00,-2.713177e+00,-2.667899e+00,-2.637382e+00,
-2.622329e+00,-2.618148e+00,-2.626041e+00,-2.619834e+00,-2.630192e+00,-2.633430e+00,-2.639599e+00,-2.636216e+00,-2.627202e+00,-2.627156e+00,-2.636281e+00,-2.635433e+00,-2.620692e+00,-2.633303e+00,-2.642285e+00,-2.646125e+00,-2.647769e+00,-2.644863e+00,-2.641870e+00,-2.648714e+00,-2.647280e+00,-2.638844e+00,-2.641191e+00,-2.642885e+00,-2.645610e+00,-2.658987e+00,-2.665528e+00,-2.676172e+00,-2.702591e+00,-2.701819e+00,-2.661261e+00,
-2.909687e+00,-2.649615e+00,-2.441957e+00,-2.421184e+00,-2.402102e+00,-2.372451e+00,-2.453163e+00,-2.750744e+00,-2.750655e+00,-2.744844e+00,-2.520822e+00,-2.489583e+00,-2.397003e+00,-2.316128e+00,-2.387521e+00,-2.458578e+00,-2.556471e+00,-2.584112e+00,-2.609619e+00,-2.520202e+00,-2.557795e+00,-2.601696e+00,-2.613031e+00,-2.781487e+00,-2.891587e+00,-3.020441e+00,
-2.595553e+00,-2.627636e+00,-2.623070e+00,-2.591730e+00,-2.634665e+00,-2.655002e+00,-2.666462e+00,-2.616516e+00,-2.593687e+00,-2.599216e+00,-2.633111e+00,-2.636362e+00,-2.622880e+00,-2.767246e+00,-2.768215e+00,-2.807176e+00,-2.676850e+00,-2.675185e+00,-2.710150e+00,-2.702218e+00,-2.683189e+00,-2.665322e+00,-2.677690e+00,-2.725442e+00,-2.718564e+00,-2.695277e+00,-2.655350e+00,-2.824466e+00,9.714377e-02,-3.015532e+00,-2.848093e+00,-2.678174e+00,-2.871350e+00,-2.837747e+00,-2.814515e+00,-2.650643e+00,-2.691612e+00,-2.922714e+00,-2.891937e+00,-2.886414e+00,-2.719853e+00,-2.778498e+00,
-2.430548e+00,-2.426346e+00,-2.516037e+00,-2.509766e+00,-2.523582e+00,-2.528085e+00,-2.517939e+00,-2.583773e+00,-2.534783e+00,-2.612325e+00,-2.616988e+00,-2.648036e+00,-2.668802e+00,-2.674049e+00,-2.711545e+00,-2.746517e+00,-2.667918e+00,-2.581453e+00,-2.501406e+00,-2.505077e+00,-2.532785e+00,-2.588840e+00,-2.623380e+00,-2.645388e+00,-2.658074e+00,
-2.119993e+00,-2.286765e+00,-2.356309e+00,-2.469964e+00,-2.532145e+00,-2.601983e+00,-2.713356e+00,-2.726054e+00,-2.739869e+00,-2.661727e+00,-2.546828e+00,-2.366466e+00,-2.443144e+00,-2.438529e+00,-2.322422e+00,-2.175750e+00,-2.056717e+00,-2.091290e+00,-2.144483e+00,-2.308859e+00,-2.398091e+00,-2.546955e+00,-2.450816e+00,-2.305708e+00,-2.143343e+00,-2.114164e+00,-2.262046e+00,-2.443027e+00,-2.650431e+00,-2.718000e+00,-2.789816e+00,-2.795735e+00,
-2.921744e+00,-2.869750e+00,-2.843721e+00,-2.780409e+00,-2.827871e+00,-2.782963e+00,-2.904113e+00,-2.833132e+00,-2.866876e+00,-2.777284e+00,-2.771812e+00,-2.766012e+00,-2.764770e+00,-2.790747e+00,-2.771806e+00,-2.886440e+00,-2.846013e+00,-2.858279e+00,-2.816506e+00,-2.835985e+00,-2.847723e+00,-2.894290e+00,-2.793974e+00,-2.816081e+00,-2.854102e+00,-3.018085e+00,
-2.689067e+00,-2.696580e+00,-2.676632e+00,-2.677505e+00,-2.677007e+00,-2.674025e+00,-2.669924e+00,-2.661621e+00,-2.679033e+00,-2.692600e+00,-2.695196e+00,-2.710381e+00,-2.712069e+00,-2.697973e+00,-2.699802e+00,-2.702105e+00,-2.690312e+00,-2.676202e+00,-2.658000e+00,-2.641623e+00,-2.658825e+00,-2.668024e+00,-2.703368e+00,-2.725034e+00,-2.726813e+00,-2.706023e+00,-2.695652e+00,-2.671119e+00,
-2.633756e+00,-2.652322e+00,-2.669679e+00,-2.667085e+00,-2.683527e+00,-2.695468e+00,-2.687723e+00,-2.676494e+00,-2.671338e+00,-2.659314e+00,-2.658308e+00,-2.662898e+00,-2.668354e+00,-2.680573e+00,-2.696167e+00,-2.705098e+00,-2.701770e+00,-2.700445e+00,-2.704459e+00,-2.691321e+00,-2.694250e+00,-2.708295e+00,-2.713073e+00,-2.726397e+00,-2.748687e+00,-2.769978e+00,-2.778190e+00,-2.790985e+00,-2.801144e+00,-2.818554e+00,-2.830247e+00,-2.838948e+00,-2.822723e+00,-2.788879e+00,-2.751947e+00,
7.690148e-01,8.102932e-01,7.327470e-01,6.376200e-01,5.461106e-01,5.043153e-01,4.888729e-01,5.217238e-01,5.335062e-01,5.151694e-01,5.045902e-01,4.852372e-01,5.326674e-01,6.014823e-01,6.961319e-01,7.004859e-01,7.416207e-01,8.011875e-01,8.124338e-01,8.109236e-01,7.831173e-01,7.721438e-01,7.504361e-01,6.797669e-01,7.397012e-01,7.485213e-01,-2.337286e+00,-2.365663e+00,
-1.785097e-01,-4.354048e-02,-3.073393e+00,-3.078844e+00,-3.060290e+00,-3.001613e+00,-2.980746e+00,-2.965061e+00,-2.944926e+00,-2.916418e+00,-2.897213e+00,-2.944663e+00,-3.000417e+00,-3.026960e+00,-3.030911e+00,-3.033351e+00,-3.031314e+00,-3.024479e+00,-3.010776e+00,-3.005458e+00,-3.006067e+00,-3.011302e+00,-3.005273e+00,-3.008852e+00,-3.003567e+00,-2.997827e+00,-2.975290e+00,-2.922790e+00,-2.901403e+00,-2.905592e+00,-2.972753e+00,-2.993433e+00,-2.995265e+00,-2.944465e+00,-2.950178e+00,
-2.726025e+00,-2.727627e+00,-2.721908e+00,-2.722628e+00,-2.711518e+00,4.293385e-01,4.908313e-01,5.836807e-01,5.521605e-01,4.885128e-01,-2.674695e+00,-2.632783e+00,-2.563966e+00,5.261796e-01,5.573792e-01,5.443438e-01,5.512372e-01,5.567539e-01,5.622935e-01,6.912820e-01,6.805580e-01,6.651534e-01,6.748666e-01,7.042857e-01,5.526549e-01,4.764655e-01,4.717993e-01,4.441319e-01,4.736321e-01,4.058683e-01,-2.743960e+00,-2.740079e+00,-2.739858e+00,
-2.557255e+00,-2.618803e+00,-2.633160e+00,-2.635658e+00,-2.626490e+00,-2.566129e+00,-2.494725e+00,-2.400660e+00,-2.394015e+00,-2.385445e+00,-2.387118e+00,-2.401406e+00,-2.377555e+00,-2.364450e+00,-2.365655e+00,-2.389363e+00,-2.425047e+00,-2.563446e+00,-2.634277e+00,-2.679820e+00,-2.640231e+00,-2.574931e+00,-2.513867e+00,-2.564256e+00,-2.496210e+00,-2.620990e+00,-2.665827e+00,
-1.938326e+00,-2.057522e+00,-2.178708e+00,-2.225399e+00,-2.312204e+00,-2.287191e+00,-2.266464e+00,-2.252361e+00,-2.279427e+00,-2.276944e+00,-2.134221e+00,-2.220096e+00,-2.226266e+00,-2.378608e+00,-2.360029e+00,-2.358612e+00,-2.323353e+00,
-2.306589e+00,-2.475010e+00,-2.556512e+00,-2.612429e+00,-2.635030e+00,-2.633402e+00,-2.611324e+00,-2.557488e+00,-2.538000e+00,-2.566922e+00,-2.625814e+00,-2.658508e+00,-2.675508e+00,-2.755835e+00,-2.736272e+00,-2.710434e+00,-2.562972e+00,-2.529483e+00,-2.355072e+00,-2.376559e+00,-2.519939e+00,-2.441403e+00,-2.605573e+00,-2.625608e+00,-2.660467e+00,-2.705917e+00,-2.705772e+00,-2.685257e+00,-2.668912e+00,-2.716825e+00,-2.711974e+00,-2.747995e+00,-2.745463e+00,-2.737004e+00,-2.740674e+00,
-2.018304e+00,-2.071012e+00,-2.153414e+00,-2.180397e+00,-2.202435e+00,-2.144625e+00,-2.134427e+00,-2.136635e+00,-2.038003e+00,-1.975384e+00,-1.979010e+00,-2.093580e+00,-2.173327e+00,-2.163747e+00,-2.113957e+00,-2.000567e+00,-2.003167e+00,-2.007077e+00,-2.157094e+00,-2.119625e+00,-2.062438e+00,
-2.489558e+00,-2.340589e+00,-2.337508e+00,-2.077511e+00,-2.302532e+00,-2.259442e+00,-2.491963e+00,-2.308182e+00,-2.306530e+00,-2.273133e+00,-2.469821e+00,-2.483112e+00,-2.436670e+00,-2.508044e+00,-2.505468e+00,-2.578741e+00,-2.546166e+00,-2.556960e+00,-2.560602e+00,-2.574820e+00,
-2.549744e+00,-2.459019e+00,-2.401967e+00,-2.235215e+00,-2.225322e+00,-2.362116e+00,-2.550066e+00,-2.537536e+00,-2.323765e+00,-2.323780e+00,-2.036334e+00,-2.295740e+00,-2.267210e+00,-2.475140e+00,-2.529889e+00,-2.592000e+00,-2.610828e+00,-2.564922e+00,-2.573648e+00,
3.506685e-01,3.407404e-01,-2.805772e+00,-2.880285e+00,-2.862886e+00,-2.839738e+00,-2.823605e+00,-2.804844e+00,-2.799754e+00,-2.773649e+00,-2.790324e+00,-2.804855e+00,-2.839163e+00,-2.852744e+00,-2.868906e+00,-2.877681e+00,-2.881562e+00,-2.886445e+00,-2.879473e+00,-2.880527e+00,-2.882975e+00,-2.886919e+00,-2.890686e+00,-2.894694e+00,-2.900220e+00,-2.902781e+00,-2.896229e+00,-2.872722e+00,-2.873598e+00,-2.863918e+00,-2.867059e+00,-2.851444e+00,-2.838312e+00,-2.858133e+00,-2.847195e+00,-2.808904e+00,-2.772846e+00,-2.770178e+00,-2.795429e+00,-2.838233e+00,-2.854684e+00,-2.846552e+00,-2.840571e+00,
-2.393997e+00,-2.451331e+00,-2.494239e+00,-2.546774e+00,-2.501927e+00,6.921923e-01,7.570534e-01,6.580850e-01,5.650176e-01,4.878070e-01,5.646384e-01,5.068671e-01,4.627677e-01,4.789131e-01,5.114733e-01,6.567086e-01,6.517100e-01,7.374300e-01,-2.426959e+00,-2.454291e+00,-2.466588e+00,-2.507668e+00,-2.493258e+00,
4.251269e-01,4.632244e-01,-2.639614e+00,-2.613709e+00,5.844275e-01,6.905155e-01,7.805759e-01,7.896522e-01,7.970635e-01,8.101730e-01,8.070954e-01,8.335474e-01,8.087469e-01,8.100020e-01,7.866794e-01,7.088363e-01,6.296315e-01,5.773001e-01,-2.524294e+00,-2.463869e+00,-2.348536e+00,-2.296525e+00,-2.273063e+00,-2.372369e+00,-2.348491e+00,-2.373512e+00,-2.389468e+00,-2.442615e+00,-2.454427e+00,-2.385304e+00,-2.302216e+00,-2.304526e+00,-2.263022e+00,-2.230371e+00,
-1.629645e+00,-1.650882e+00,-1.662700e+00,-1.671679e+00,-1.670453e+00,-1.771167e+00,-1.870468e+00,-1.886549e+00,-1.789703e+00,-1.660236e+00,-1.773110e+00,-1.891259e+00,-2.010105e+00,-2.007348e+00,-2.007884e+00,-2.009797e+00,-1.974782e+00,-1.951784e+00,-1.925500e+00,-1.934083e+00,-1.951099e+00,-1.965083e+00,-1.960140e+00,-1.865209e+00,-1.780302e+00,-1.659067e+00,-1.652979e+00,
-2.293550e+00,-2.248914e+00,-2.222461e+00,-2.167794e+00,-2.194888e+00,-2.364662e+00,-2.383805e+00,-2.410959e+00,-2.335823e+00,7.596985e-01,7.580654e-01,7.717793e-01,8.121523e-01,7.764410e-01,7.510958e-01,7.243575e-01,5.800484e-01,5.284315e-01,-2.638742e+00,-2.641044e+00,-2.648448e+00,-2.576128e+00,-2.541052e+00,-2.483241e+00,-2.435473e+00,-2.567368e+00,-2.639019e+00,-2.680104e+00,
-2.087705e+00,-2.188214e+00,-2.177656e+00,-2.246760e+00,-2.119183e+00,-2.123642e+00,-2.016928e+00,-2.127701e+00,-2.235077e+00,-2.345198e+00,-2.384102e+00,-2.351619e+00,-2.375363e+00,-2.315485e+00,-2.310889e+00,-2.281771e+00,-2.312392e+00,-2.315448e+00,-2.338645e+00,-2.348200e+00,-2.249182e+00,-2.162631e+00,-2.057604e+00,
-2.291486e+00,-2.400002e+00,-2.507037e+00,-2.371427e+00,-2.373462e+00,-2.365183e+00,-2.487573e+00,-2.483694e+00,-2.467540e+00,-2.494671e+00,-2.525618e+00,-2.578647e+00,-2.554379e+00,-2.554195e+00,-2.545955e+00,-2.576181e+00,-2.577225e+00,-2.587150e+00,-2.591927e+00,-2.592966e+00,-2.612187e+00,-2.618935e+00,-2.623065e+00,
-2.625389e+00,-2.687777e+00,-2.710843e+00,-2.702037e+00,-2.585488e+00,-2.474278e+00,-2.373866e+00,-2.386455e+00,-2.495680e+00,-2.601883e+00,-2.736191e+00,-2.774123e+00,-2.799717e+00,-2.783954e+00,-2.742521e+00,-2.684331e+00,-2.670359e+00,-2.681821e+00,-2.702823e+00,-2.720437e+00,-2.720544e+00,-2.709145e+00,-2.706990e+00,-2.694559e+00,-2.665974e+00,-2.642595e+00,
-2.716189e+00,-2.729422e+00,-2.728409e+00,-2.727272e+00,-2.727524e+00,-2.736489e+00,-2.727162e+00,-2.722136e+00,-2.720546e+00,-2.716110e+00,-2.716757e+00,-2.711418e+00,-2.718256e+00,-2.712605e+00,-2.707163e+00,-2.705339e+00,-2.705227e+00,-2.717333e+00,-2.734608e+00,-2.735751e+00,-2.737871e+00,-2.737512e+00,-2.734898e+00,-2.697363e+00,-2.666113e+00,-2.642492e+00,
-2.171940e+00,-2.124632e+00,-2.121767e+00,-2.144574e+00,-2.134112e+00,-2.133976e+00,-2.136405e+00,-2.083630e+00,-2.076872e+00,-2.078366e+00,-2.120521e+00,-2.170987e+00,-2.202535e+00,-2.071280e+00,-2.083016e+00,-2.101683e+00,-2.091792e+00,-2.105367e+00,-2.105125e+00,-2.167766e+00,-2.210531e+00,-2.242457e+00,-2.112382e+00,-2.119283e+00,-2.110338e+00,-2.139091e+00,-2.130378e+00,-2.169572e+00,
-2.010463e+00,-2.012265e+00,-2.096182e+00,-2.167539e+00,-2.182614e+00,-2.153757e+00,-2.092562e+00,-2.193348e+00,-2.172453e+00,-2.328974e+00,-2.375211e+00,-2.370528e+00,-2.373095e+00,-2.337847e+00,-2.349396e+00,-2.254555e+00,-2.284316e+00,-2.251414e+00,-2.404397e+00,-2.421184e+00,-2.410055e+00,
-2.664721e+00,-2.702309e+00,-2.716418e+00,-2.717658e+00,-2.728683e+00,-2.743907e+00,-2.737320e+00,-2.727271e+00,-2.730473e+00,-2.728634e+00,-2.738984e+00,-2.728894e+00,-2.726974e+00,-2.742965e+00,-2.753548e+00,-2.757894e+00,-2.747576e+00,-2.743056e+00,-2.748672e+00,-2.753361e+00,-2.752512e+00,-2.728825e+00,-2.738194e+00,-2.733956e+00,-2.720340e+00,-2.676072e+00,-2.642118e+00,
-1.985452e+00,-2.079868e+00,-2.076636e+00,-2.078131e+00,-1.967189e+00,-1.968858e+00,-2.067806e+00,-2.161231e+00,-2.180609e+00,-2.105533e+00,-2.130065e+00,-2.198041e+00,-2.288843e+00,-2.263975e+00,-2.267306e+00,-2.299089e+00,-2.315859e+00,-2.309710e+00,-2.277428e+00,-2.171954e+00,-2.103010e+00,-2.043019e+00,-2.049927e+00,
-2.069392e+00,-2.159837e+00,-2.277521e+00,-2.387875e+00,-2.370973e+00,-2.254240e+00,-2.141060e+00,-2.038049e+00,-2.028242e+00,-2.032632e+00,-2.154146e+00,-2.291446e+00,-2.449002e+00,-2.464633e+00,-2.444439e+00,-2.410904e+00,-2.380025e+00,-2.340526e+00,-2.313116e+00,-2.332039e+00,-2.362762e+00,-2.386294e+00,-2.376647e+00,-2.355688e+00,-2.346032e+00,-2.343936e+00,-2.239105e+00,-2.143112e+00,
-2.088487e+00,-1.983396e+00,-1.884040e+00,-1.905953e+00,-2.065542e+00,-2.052026e+00,-2.007798e+00,-1.968430e+00,-2.010010e+00,-1.942454e+00,-1.858500e+00,-1.922270e+00,-2.053234e+00,-2.247637e+00,-2.259973e+00,-2.108478e+00,-1.943532e+00,-1.793092e+00,-1.848662e+00,-1.842188e+00,-1.922055e+00,-1.968273e+00,-2.123122e+00,-2.163119e+00,-2.063007e+00,-1.918248e+00,-1.747774e+00,
-2.165529e+00,-2.156958e+00,-2.096699e+00,-2.138128e+00,-2.125471e+00,-2.176956e+00,-2.154844e+00,-2.133295e+00,-2.076624e+00,-2.091501e+00,-2.068892e+00,-2.067310e+00,-2.063221e+00,-2.065389e+00,-2.121459e+00,-2.150116e+00,-2.165534e+00,-2.120853e+00,-2.090275e+00,-2.068143e+00,-2.102949e+00,-2.147259e+00,-2.162919e+00,
-2.420159e+00,-2.457900e+00,-2.316023e+00,-2.118095e+00,-2.103715e+00,-2.247477e+00,-2.213971e+00,-2.028675e+00,-1.829264e+00,-1.989251e+00,-2.127595e+00,-2.269290e+00,-2.238963e+00,-2.236948e+00,-2.259412e+00,-2.120270e+00,-1.970920e+00,-1.803027e+00,
-2.251948e+00,-2.323858e+00,-2.308975e+00,-2.493865e+00,-2.483856e+00,-2.343259e+00,-2.168824e+00,-1.986444e+00,-2.158713e+00,-2.122018e+00,-2.354910e+00,-2.360657e+00,-2.574486e+00,-2.593833e+00,-2.562590e+00,-2.541644e+00,-2.507740e+00,
-2.798896e+00,-2.777824e+00,-2.761489e+00,-2.747590e+00,-2.687833e+00,-2.694123e+00,-2.709915e+00,-2.768949e+00,-2.788543e+00,-2.777019e+00,3.721026e-01,3.722366e-01,4.376093e-01,5.158614e-01,-2.527222e+00,-2.656698e+00,-2.634296e+00,-2.649111e+00,-2.673544e+00,-2.652323e+00,-2.667989e+00,-2.555786e+00,-2.549188e+00,-2.542372e+00,-2.659393e+00,-2.715883e+00,
-2.779364e+00,-2.489705e+00,-2.264966e+00,-1.996705e+00,-2.018377e+00,-2.078747e+00,-2.143754e+00,-2.210230e+00,-2.267518e+00,-2.304285e+00,-2.271907e+00,-2.225126e+00,-2.168865e+00,-2.141586e+00,-2.224150e+00,-2.259687e+00,-2.269229e+00,-2.215786e+00,-2.236867e+00,-2.208846e+00,-2.248168e+00,-2.259315e+00,-2.268154e+00,-2.350131e+00,-2.364378e+00,-2.382974e+00,-2.325527e+00,
-2.575241e+00,-2.572876e+00,-2.568552e+00,-2.565701e+00,-2.509497e+00,6.316721e-01,6.761845e-01,6.708704e-01,7.498453e-01,6.626440e-01,5.973055e-01,5.862685e-01,6.598925e-01,6.624960e-01,-2.414754e+00,-2.408627e+00,-2.400985e+00,-2.456193e+00,-2.460358e+00,-2.389088e+00,-2.301849e+00,-2.292830e+00,
-2.591251e+00,-2.459393e+00,-2.373042e+00,-2.389793e+00,-2.417342e+00,-2.303564e+00,-2.286878e+00,-2.261899e+00,-2.265437e+00,-2.103796e+00,-2.145825e+00,-2.247687e+00,-2.297868e+00,-2.453440e+00,-2.297871e+00,-2.401709e+00,-2.337214e+00,-2.338128e+00,-2.245428e+00,-2.362847e+00,-2.524075e+00,-2.729184e+00,-2.810097e+00,-2.783457e+00,-2.847349e+00,
-2.641623e+00,-2.650640e+00,-2.658444e+00,-2.655185e+00,-2.645599e+00,-2.642816e+00,-2.636246e+00,-2.642920e+00,-2.646162e+00,-2.647763e+00,-2.651335e+00,-2.660004e+00,-2.670306e+00,-2.672835e+00,-2.669589e+00,-2.663310e+00,-2.663949e+00,-2.656714e+00,-2.623267e+00,-2.640488e+00,-2.626360e+00,-2.663528e+00,-2.687461e+00,-2.688463e+00,-2.655282e+00,-2.623863e+00,-2.611907e+00,-2.601341e+00,
-2.671863e+00,-2.666763e+00,-2.636968e+00,-2.637599e+00,-2.664920e+00,-2.415016e+00,-2.441975e+00,-2.407475e+00,-2.644917e+00,-2.647295e+00,-2.662498e+00,-2.642836e+00,-2.635696e+00,-2.636789e+00,-2.596441e+00,-2.606348e+00,-2.623207e+00,-2.656358e+00,-2.665566e+00,-2.662858e+00,
-2.676346e+00,-2.682832e+00,-2.688006e+00,-2.683215e+00,-2.684689e+00,-2.689048e+00,-2.680089e+00,-2.678439e+00,-2.681434e+00,-2.702036e+00,-2.711396e+00,-2.710315e+00,-2.701873e+00,-2.699316e+00,-2.701084e+00,-2.704039e+00,-2.700054e+00,-2.710809e+00,-2.716021e+00,-2.718490e+00,-2.722019e+00,-2.715136e+00,-2.710147e+00,-2.714205e+00,-2.721429e+00,-2.692225e+00,-2.672709e+00,-2.658900e+00,-2.651504e+00,
-2.445740e+00,-2.493690e+00,-2.553203e+00,-2.562988e+00,5.750405e-01,5.751756e-01,5.790246e-01,6.038492e-01,5.833176e-01,5.553893e-01,5.518334e-01,5.503846e-01,5.613354e-01,5.906659e-01,6.677779e-01,-2.399413e+00,-2.322923e+00,-2.339387e+00,-2.339214e+00,-2.311554e+00,-2.288220e+00,-2.281668e+00,-2.293492e+00,
3.590471e-01,3.612137e-01,3.609066e-01,3.643219e-01,3.688068e-01,3.728819e-01,3.664243e-01,3.754789e-01,3.774446e-01,3.801707e-01,3.909860e-01,3.917080e-01,3.956082e-01,3.817654e-01,3.695959e-01,3.695817e-01,3.673053e-01,3.621612e-01,3.433926e-01,4.226688e-01,4.156345e-01,4.320331e-01,3.664896e-01,3.652095e-01,4.513584e-01,4.250653e-01,4.263663e-01,3.543158e-01,3.652039e-01,3.713146e-01,3.638067e-01,3.516560e-01,3.472581e-01,3.670505e-01,3.612752e-01,3.597701e-01,
-2.453256e+00,-2.445046e+00,-2.462606e+00,-2.481367e+00,-2.543800e+00,-2.554764e+00,-2.545582e+00,-2.555712e+00,-2.318007e+00,-2.096747e+00,-2.085532e+00,-2.298764e+00,-2.483180e+00,-2.490715e+00,-2.520407e+00,-2.526074e+00,-2.543981e+00,-2.515478e+00,-2.486943e+00,-2.477698e+00,
-2.759542e+00,-2.747272e+00,-2.706825e+00,-2.909520e+00,-2.908249e+00,-2.933849e+00,-2.950226e+00,-2.937497e+00,-2.942366e+00,-2.895735e+00,-2.892153e+00,-2.895656e+00,-2.953745e+00,-2.964427e+00,-2.969788e+00,-2.999460e+00,-3.005056e+00,
-2.833193e+00,-2.825505e+00,-2.807160e+00,-2.794220e+00,-2.778737e+00,-2.767777e+00,-2.765873e+00,-2.771946e+00,-2.786088e+00,-2.805059e+00,-2.813582e+00,-2.832054e+00,-2.841685e+00,-2.843163e+00,-2.843365e+00,-2.840891e+00,-2.842164e+00,-2.831593e+00,-2.830977e+00,-2.831137e+00,-2.826401e+00,-2.811715e+00,-2.809869e+00,-2.805194e+00,-2.802055e+00,-2.779714e+00,-2.772063e+00,-2.773453e+00,-2.760591e+00,-2.760537e+00,-2.753240e+00,-2.765135e+00,-2.771640e+00,-2.764723e+00,-2.753631e+00,
-2.957673e+00,-2.992754e+00,-3.005773e+00,-2.962270e+00,-2.926560e+00,-2.908675e+00,-2.923528e+00,-2.928614e+00,-2.933239e+00,1.376595e-01,-1.316452e-02,4.529357e-03,1.508954e-01,-2.899542e+00,-2.880843e+00,-2.912105e+00,-2.894136e+00,-2.895586e+00,-2.904926e+00,-2.913073e+00,-2.901151e+00,-2.813138e+00,-2.790731e+00,-2.774590e+00,
-2.316368e+00,-2.319597e+00,-2.290290e+00,-2.294514e+00,-2.272468e+00,-2.328958e+00,-2.399440e+00,-2.411407e+00,-2.378365e+00,-2.261957e+00,-2.284292e+00,8.580320e-01,7.322831e-01,6.989406e-01,5.057623e-01,4.857426e-01,5.861444e-01,6.986125e-01,8.142646e-01,-2.285031e+00,-2.301081e+00,-2.415416e+00,-2.480717e+00,-2.538033e+00,-2.541067e+00,-2.535896e+00,-2.470873e+00,-2.392214e+00,
-2.746290e+00,-2.740517e+00,-2.746210e+00,-2.755776e+00,-2.753569e+00,-2.754016e+00,-2.719242e+00,-2.716962e+00,-2.725503e+00,-2.720284e+00,-2.710954e+00,-2.697242e+00,-2.714764e+00,-2.667933e+00,-2.736065e+00,-2.740622e+00,-2.771571e+00,-2.772910e+00,-2.759578e+00,-2.754488e+00,-2.767448e+00,-2.760888e+00,-2.695273e+00,-2.713572e+00,5.183548e-01,-2.634330e+00,-2.536147e+00,-2.647221e+00,-2.721703e+00,-2.792801e+00,-2.792896e+00,-2.725756e+00,-2.663842e+00,
-2.352693e+00,-2.536893e+00,-2.634412e+00,-2.704069e+00,-2.706339e+00,-2.710980e+00,-2.704866e+00,-2.696749e+00,-2.695214e+00,-2.697373e+00,-2.713388e+00,-2.728305e+00,-2.764689e+00,-2.769694e+00,-2.773441e+00,-2.779517e+00,-2.785441e+00,-2.786301e+00,-2.797766e+00,-2.800632e+00,-2.809804e+00,-2.807480e+00,-2.791890e+00,-2.785688e+00,-2.808685e+00,-2.794579e+00,-2.799452e+00,-2.814107e+00,-2.809397e+00,-2.782229e+00,-2.778409e+00,-2.764956e+00,-2.764733e+00,-2.764671e+00,-2.758121e+00,-2.756835e+00,-2.763296e+00,-2.762188e+00,-2.758785e+00,-2.775228e+00,
-2.289397e+00,-2.377278e+00,-2.442401e+00,-2.494645e+00,-2.514167e+00,6.471228e-01,6.357560e-01,6.355467e-01,6.435542e-01,6.328311e-01,6.710138e-01,6.707829e-01,6.521542e-01,6.513879e-01,7.495562e-01,-2.328350e+00,-2.280361e+00,-2.296916e+00,-2.310289e+00,-2.311634e+00,-2.270018e+00,-2.271847e+00,-2.269472e+00,-2.285094e+00,-2.230130e+00,-2.231280e+00,-2.235399e+00,-2.273811e+00,
-2.190891e+00,-2.132315e+00,-2.124643e+00,-2.064419e+00,-2.081167e+00,-2.089660e+00,-2.067765e+00,-2.014719e+00,-2.033460e+00,-2.030464e+00,-2.075472e+00,-2.197162e+00,-2.115429e+00,-2.140216e+00,-2.022566e+00,-2.087872e+00,-2.092277e+00,-2.094628e+00,-2.101753e+00,-2.123605e+00,-2.232828e+00,-2.204687e+00,-2.222049e+00,
-2.022643e+00,-2.142294e+00,-2.245466e+00,-2.331186e+00,-2.314939e+00,-2.191620e+00,-2.108909e+00,-2.104857e+00,-2.183346e+00,-2.278236e+00,-2.327448e+00,-2.342957e+00,-2.357315e+00,-2.335219e+00,-2.288699e+00,-2.270091e+00,-2.270365e+00,-2.270515e+00,-2.278843e+00,-2.281981e+00,-2.187865e+00,-2.110361e+00,
-2.784628e+00,-2.442220e+00,-2.339822e+00,-2.224940e+00,-2.177067e+00,-2.134316e+00,-2.190349e+00,-2.445780e+00,-2.424490e+00,-2.494894e+00,-2.432365e+00,-2.481739e+00,-2.191742e+00,-1.818020e+00,-1.962884e+00,-2.054384e+00,-2.143452e+00,-2.098167e+00,-2.054919e+00,-1.845417e+00,-1.607447e+00,-1.612245e+00,-1.713987e+00,
3.667610e-01,3.575394e-01,3.441949e-01,3.139008e-01,2.949806e-01,2.827373e-01,2.723647e-01,2.676959e-01,2.674117e-01,2.748464e-01,2.806333e-01,2.748014e-01,2.608502e-01,2.580994e-01,2.616401e-01,2.570863e-01,2.527802e-01,2.537529e-01,2.606001e-01,2.726821e-01,2.722455e-01,2.686523e-01,2.686582e-01,2.824768e-01,2.930754e-01,2.947757e-01,3.075904e-01,3.141391e-01,3.265544e-01,3.361989e-01,
-2.661827e+00,-2.680660e+00,-2.668187e+00,-2.667214e+00,-2.670053e+00,-2.674123e+00,-2.677814e+00,-2.676346e+00,-2.666022e+00,-2.667857e+00,-2.683268e+00,-2.691664e+00,-2.700143e+00,-2.701088e+00,-2.702562e+00,-2.703600e+00,-2.708147e+00,-2.709920e+00,-2.710990e+00,-2.726735e+00,-2.739345e+00,-2.716660e+00,-2.697622e+00,-2.693875e+00,
-2.724022e+00,-2.573635e+00,-2.504640e+00,-2.495502e+00,-2.550020e+00,-2.532323e+00,-2.525913e+00,-2.486252e+00,-2.427910e+00,-2.318701e+00,-2.205822e+00,-2.388580e+00,-2.541510e+00,-2.759619e+00,-2.774334e+00,-2.776997e+00,-2.686970e+00,-2.464884e+00,-2.275412e+00,-2.306160e+00,-2.587598e+00,-2.787253e+00,-2.882167e+00,
-2.904045e+00,-2.880931e+00,-2.868989e+00,-2.859094e+00,-2.840564e+00,-2.816099e+00,-2.812630e+00,-2.815220e+00,-2.805021e+00,-2.779826e+00,-2.779649e+00,-2.793731e+00,-2.809832e+00,-2.800362e+00,-2.756924e+00,-2.761552e+00,-2.776232e+00,-2.816093e+00,-2.813067e+00,-2.821825e+00,-2.826282e+00,-2.843346e+00,-2.852283e+00,-2.686363e+00,-2.712154e+00,-2.716340e+00,-2.837415e+00,-2.807629e+00,-2.803033e+00,-2.849869e+00,-2.892817e+00,-2.883654e+00,-2.817518e+00,-2.808244e+00,-2.811432e+00,-2.694780e+00,-2.573777e+00,-2.592278e+00,-2.756331e+00,
2.139539e-01,-2.929713e+00,-2.919978e+00,-2.886985e+00,-2.853697e+00,-2.826147e+00,-2.808584e+00,-2.795519e+00,-2.802209e+00,-2.823549e+00,-2.879833e+00,-2.911225e+00,-2.893178e+00,-2.878706e+00,-2.879545e+00,-2.880593e+00,-2.884360e+00,-2.883194e+00,-2.889497e+00,-2.901305e+00,-2.905068e+00,-2.895472e+00,-2.882754e+00,-2.877000e+00,-2.872310e+00,-2.865969e+00,-2.853836e+00,-2.840387e+00,-2.821893e+00,-2.809027e+00,-2.809636e+00,-2.799590e+00,-2.799921e+00,-2.800832e+00,-2.810279e+00,-2.824742e+00,-2.839558e+00,-2.855406e+00,-2.861706e+00,
-2.640127e+00,-2.671893e+00,-2.696986e+00,-2.703689e+00,-2.706251e+00,-2.698435e+00,-2.708738e+00,-2.715620e+00,-2.705632e+00,-2.698436e+00,-2.688893e+00,-2.694571e+00,-2.682592e+00,-2.693424e+00,-2.692904e+00,-2.699682e+00,-2.715137e+00,-2.705986e+00,-2.714688e+00,-2.723771e+00,-2.728146e+00,-2.727997e+00,-2.733480e+00,-2.716922e+00,-2.708732e+00,-2.700720e+00,-2.672607e+00,
-2.652552e+00,-2.662914e+00,-2.676256e+00,-2.706755e+00,-2.715319e+00,-2.748204e+00,-2.757897e+00,-2.754889e+00,-2.740354e+00,-2.716872e+00,-2.711849e+00,-2.702839e+00,-2.702312e+00,-2.706069e+00,-2.726986e+00,-2.737828e+00,-2.734076e+00,-2.742144e+00,-2.748113e+00,-2.768697e+00,-2.780362e+00,-2.789683e+00,-2.792129e+00,-2.816809e+00,-2.843420e+00,-2.820424e+00,-2.796504e+00,-2.762047e+00,
-2.661839e+00,-2.672417e+00,-2.703282e+00,-2.716020e+00,-2.726852e+00,-2.736645e+00,-2.733951e+00,-2.724677e+00,-2.714651e+00,-2.713525e+00,-2.717426e+00,-2.721129e+00,-2.703662e+00,-2.705051e+00,-2.712875e+00,-2.725254e+00,-2.747336e+00,-2.739235e+00,-2.746236e+00,-2.744226e+00,-2.743068e+00,-2.743693e+00,-2.743177e+00,-2.734873e+00,-2.714993e+00,-2.699569e+00,
-2.476418e+00,-2.496225e+00,-2.532428e+00,-2.524654e+00,-2.529692e+00,-2.522995e+00,-2.536201e+00,-2.530006e+00,-2.513968e+00,-2.454111e+00,-2.417141e+00,-2.433904e+00,-2.458866e+00,-2.496194e+00,-2.480103e+00,-2.483167e+00,-2.434828e+00,-2.382231e+00,-2.294336e+00,-2.276516e+00,-2.257609e+00,-2.241302e+00,-2.236579e+00,
-2.295464e+00,-2.411480e+00,-2.538705e+00,-2.521487e+00,-2.523577e+00,-2.524724e+00,-2.515113e+00,-2.500316e+00,-2.495498e+00,-2.548249e+00,-2.591965e+00,-2.644365e+00,-2.654612e+00,-2.669818e+00,-2.665582e+00,-2.663387e+00,-2.674015e+00,-2.659917e+00,-2.646332e+00,-2.648753e+00,-2.679971e+00,-2.695092e+00,
-2.022808e+00,-2.032540e+00,-2.157602e+00,-2.276934e+00,-2.378000e+00,-2.233469e+00,-2.135722e+00,-2.148158e+00,-2.150357e+00,-2.156288e+00,-2.167835e+00,-2.290353e+00,-2.413211e+00,-2.417555e+00,-2.362310e+00,-2.331497e+00,-2.328471e+00,-2.312264e+00,-2.314123e+00,-2.322292e+00,-2.332079e+00,-2.247182e+00,-2.168131e+00,-2.068658e+00,-2.064239e+00,-2.057190e+00,
-2.645331e+00,-2.660951e+00,-2.682326e+00,-2.715734e+00,-2.719870e+00,-2.727388e+00,-2.724914e+00,-2.748323e+00,-2.724792e+00,-2.721531e+00,-2.716355e+00,-2.719013e+00,-2.726709e+00,-2.719066e+00,-2.719392e+00,-2.714201e+00,-2.743659e+00,-2.738886e+00,-2.737244e+00,-2.739942e+00,-2.736708e+00,-2.734286e+00,-2.748117e+00,-2.750351e+00,-2.740823e+00,-2.757685e+00,-2.771568e+00,-2.748513e+00,-2.720543e+00,-2.700195e+00,
-2.162092e+00,-2.193169e+00,-2.155566e+00,-2.105534e+00,-2.116595e+00,-2.067742e+00,-2.150116e+00,-2.265703e+00,-2.256544e+00,-2.212749e+00,-2.058324e+00,-2.003034e+00,-1.996887e+00,-2.123076e+00,-2.176458e+00,-2.329293e+00,-2.455814e+00,-2.333938e+00,-2.206708e+00,-2.120372e+00,-2.125706e+00,-2.146285e+00,-2.189298e+00,
