2.100450e+00,1.981583e+00,2.060878e+00,2.158687e+00,2.323390e+00,2.387637e+00,2.423627e+00,2.498694e+00,2.310685e+00,2.131454e+00,2.075120e+00,2.104607e+00,2.151805e+00,2.163059e+00,2.151866e+00,2.125916e+00,2.115777e+00,2.131122e+00,2.129089e+00,2.142195e+00,2.120621e+00,2.161752e+00,2.182007e+00,2.215795e+00,2.203788e+00,
2.103271e+00,2.108884e+00,2.133168e+00,2.119361e+00,2.109053e+00,2.074467e+00,2.053610e+00,2.045469e+00,2.074027e+00,2.034994e+00,1.984422e+00,-1.084455e+00,2.079235e+00,2.102999e+00,2.100995e+00,2.080758e+00,2.076870e+00,2.072665e+00,2.069141e+00,2.064642e+00,-9.329398e-01,2.037964e+00,2.042785e+00,2.040247e+00,2.054343e+00,2.021766e+00,2.012336e+00,2.010806e+00,2.041703e+00,
2.213912e+00,2.219607e+00,2.244376e+00,2.160072e+00,2.218964e+00,2.297754e+00,2.453680e+00,2.497253e+00,2.265824e+00,2.111884e+00,2.036388e+00,2.077182e+00,2.067028e+00,2.077415e+00,2.107287e+00,2.109596e+00,2.109432e+00,2.113154e+00,2.138610e+00,2.166658e+00,2.211360e+00,2.203063e+00,2.119082e+00,2.068718e+00,2.012732e+00,
2.027420e+00,2.036841e+00,2.007643e+00,2.021216e+00,2.014094e+00,2.030960e+00,1.962363e+00,1.964242e+00,2.003006e+00,1.997424e+00,1.952881e+00,1.967704e+00,1.947437e+00,1.981568e+00,2.021614e+00,2.050393e+00,2.116465e+00,2.278879e+00,2.388002e+00,2.344048e+00,2.305083e+00,2.310922e+00,2.323887e+00,2.371128e+00,2.185610e+00,2.072790e+00,1.998204e+00,2.012138e+00,1.941551e+00,1.958033e+00,1.941453e+00,1.999657e+00,1.991990e+00,2.031482e+00,
1.904855e+00,1.870999e+00,1.915654e+00,1.927030e+00,1.943991e+00,1.968533e+00,2.100183e+00,2.065525e+00,1.933876e+00,1.876106e+00,1.878646e+00,1.905246e+00,1.925975e+00,1.942582e+00,1.967412e+00,2.014416e+00,2.005210e+00,1.981984e+00,1.982940e+00,1.978051e+00,1.991683e+00,2.015669e+00,2.020385e+00,2.047475e+00,
1.839883e+00,1.931220e+00,1.975884e+00,2.027178e+00,2.085531e+00,2.192872e+00,2.107063e+00,2.005610e+00,1.879179e+00,1.855530e+00,1.896842e+00,1.898577e+00,1.856211e+00,1.953158e+00,1.979922e+00,2.065716e+00,2.049953e+00,2.050713e+00,1.926741e+00,1.832482e+00,1.772803e+00,
-1.213964e+00,-1.185610e+00,-1.139203e+00,-1.111916e+00,-1.113659e+00,-1.103950e+00,-1.105222e+00,-1.159928e+00,-1.230109e+00,-1.229630e+00,-1.159847e+00,-1.102639e+00,-1.085000e+00,-1.070701e+00,-1.118853e+00,-1.131403e+00,-1.158293e+00,-1.195536e+00,-1.199596e+00,-1.206685e+00,-1.148606e+00,-1.113188e+00,-1.083033e+00,
1.928483e+00,1.943162e+00,1.988467e+00,1.979831e+00,2.154845e+00,2.042803e+00,2.265517e+00,2.310490e+00,2.443166e+00,2.300266e+00,2.153987e+00,2.064134e+00,2.099193e+00,2.094943e+00,2.081666e+00,2.105024e+00,2.106982e+00,2.085746e+00,2.124857e+00,2.171223e+00,2.185603e+00,
1.945983e+00,1.784504e+00,1.675161e+00,-1.273114e+00,-1.179522e+00,1.638875e+00,1.705402e+00,1.871163e+00,1.903064e+00,1.950779e+00,1.954729e+00,1.947377e+00,1.928584e+00,1.931142e+00,1.949419e+00,1.979855e+00,1.943018e+00,1.975550e+00,1.962155e+00,
1.848357e+00,1.792877e+00,1.786328e+00,1.783193e+00,1.793974e+00,1.846890e+00,1.918056e+00,1.890663e+00,1.877905e+00,2.087586e+00,-8.128697e-01,-8.227440e-01,-8.227369e-01,-8.210630e-01,-8.210908e-01,2.064962e+00,1.833501e+00,1.910820e+00,1.960076e+00,1.932009e+00,1.871828e+00,1.854130e+00,1.796708e+00,1.800681e+00,1.842119e+00,1.908550e+00,1.902269e+00,1.889423e+00,
-1.105590e+00,-1.143199e+00,-1.159958e+00,-1.145178e+00,-1.142763e+00,-1.144798e+00,-1.136564e+00,-1.128950e+00,-1.096863e+00,-1.121644e+00,-1.156984e+00,-1.179271e+00,-1.169234e+00,-1.161999e+00,-1.181891e+00,-1.186643e+00,-1.163490e+00,-1.130257e+00,-1.152959e+00,-1.215014e+00,-1.223392e+00,-1.220349e+00,-1.207202e+00,-1.226091e+00,
2.215787e+00,2.228483e+00,-9.957880e-01,2.133601e+00,2.177154e+00,-9.598116e-01,2.153399e+00,2.006535e+00,2.033277e+00,-1.050020e+00,-1.009623e+00,-1.061434e+00,2.025595e+00,2.019730e+00,-1.118788e+00,2.012580e+00,1.988849e+00,2.092638e+00,-9.369618e-01,-8.472898e-01,2.239903e+00,2.093747e+00,1.982942e+00,1.889123e+00,1.874290e+00,
1.852791e+00,1.838128e+00,1.895393e+00,2.017060e+00,2.239536e+00,2.129688e+00,2.009857e+00,1.910935e+00,1.857171e+00,1.815782e+00,1.843398e+00,1.867575e+00,1.935883e+00,1.937916e+00,1.912359e+00,1.884145e+00,1.855482e+00,1.873357e+00,1.868040e+00,1.883522e+00,1.898077e+00,1.944784e+00,1.959211e+00,1.945768e+00,1.910865e+00,1.886714e+00,1.891916e+00,1.877537e+00,
2.331792e+00,-8.742661e-01,-8.409587e-01,-7.872757e-01,-7.156151e-01,-7.472894e-01,2.349398e+00,-7.819310e-01,-8.739657e-01,-9.263698e-01,-1.009677e+00,-9.678867e-01,-9.287163e-01,-9.166292e-01,-9.256259e-01,-9.629251e-01,2.170269e+00,-9.956620e-01,2.134034e+00,-1.013608e+00,-9.167039e-01,-8.325444e-01,
1.880629e+00,1.914523e+00,1.919422e+00,1.928477e+00,1.921238e+00,1.917591e+00,1.920226e+00,1.918149e+00,1.916924e+00,1.926553e+00,1.935924e+00,1.958388e+00,1.976186e+00,1.987839e+00,1.986726e+00,1.998010e+00,1.996670e+00,2.016954e+00,2.013803e+00,2.011584e+00,1.988999e+00,1.989722e+00,1.992315e+00,1.909468e+00,1.946302e+00,1.940596e+00,2.009439e+00,2.020456e+00,2.021806e+00,2.012183e+00,2.007272e+00,1.998063e+00,1.975951e+00,1.979513e+00,
1.543851e+00,1.542373e+00,1.543875e+00,1.543701e+00,1.537713e+00,1.546263e+00,1.541451e+00,1.528515e+00,1.509523e+00,1.498021e+00,1.489321e+00,1.486447e+00,1.490407e+00,1.506246e+00,1.518682e+00,1.531696e+00,1.551078e+00,1.556860e+00,1.551104e+00,1.528693e+00,1.511543e+00,1.504112e+00,1.510217e+00,1.514587e+00,1.518613e+00,1.521302e+00,1.549880e+00,1.569840e+00,1.547765e+00,1.586651e+00,1.558712e+00,1.567951e+00,
1.586094e+00,1.600981e+00,1.629911e+00,1.646941e+00,1.699850e+00,1.702767e+00,1.712137e+00,1.713535e+00,1.726554e+00,1.688905e+00,1.663030e+00,1.665421e+00,1.652687e+00,1.660235e+00,1.691026e+00,1.712148e+00,1.715337e+00,1.715065e+00,1.678964e+00,1.660188e+00,1.645561e+00,1.643019e+00,1.656532e+00,1.666792e+00,
1.802314e+00,1.797423e+00,1.783950e+00,1.735089e+00,1.715593e+00,1.713036e+00,1.704831e+00,1.703984e+00,1.705049e+00,1.705154e+00,1.723833e+00,1.732531e+00,1.731353e+00,1.728647e+00,1.723997e+00,1.719046e+00,1.724637e+00,1.723800e+00,1.719794e+00,1.716728e+00,1.718178e+00,1.716620e+00,1.718520e+00,1.723644e+00,1.718619e+00,1.721661e+00,1.720471e+00,1.723974e+00,1.724632e+00,1.729196e+00,1.710681e+00,1.708845e+00,1.719462e+00,1.723998e+00,1.730407e+00,1.734037e+00,1.731867e+00,1.758977e+00,1.780683e+00,
1.790483e+00,1.801737e+00,1.805858e+00,1.792082e+00,1.771283e+00,1.746051e+00,1.727272e+00,1.721017e+00,1.717943e+00,1.692349e+00,1.687711e+00,1.686866e+00,1.706626e+00,1.728851e+00,1.726722e+00,1.737983e+00,1.740705e+00,1.737360e+00,1.728241e+00,1.737185e+00,1.733194e+00,1.711203e+00,1.713837e+00,1.715572e+00,1.729663e+00,1.726058e+00,1.715088e+00,1.710060e+00,1.722742e+00,1.733028e+00,1.737408e+00,1.755421e+00,1.757814e+00,1.778800e+00,1.779674e+00,1.777178e+00,1.767926e+00,1.774697e+00,1.787681e+00,
1.744623e+00,1.753869e+00,1.922797e+00,1.910739e+00,1.975136e+00,1.796848e+00,1.807480e+00,1.807314e+00,1.807669e+00,1.792065e+00,1.794527e+00,1.808847e+00,1.792263e+00,1.760451e+00,1.755076e+00,1.775121e+00,1.801785e+00,1.802123e+00,1.804810e+00,1.808124e+00,1.795566e+00,1.788810e+00,1.784846e+00,1.784415e+00,1.796722e+00,
1.620290e+00,1.620738e+00,1.627910e+00,1.645515e+00,1.780757e+00,1.737774e+00,1.770300e+00,1.686670e+00,1.654430e+00,1.658216e+00,1.654007e+00,1.694922e+00,1.713495e+00,1.739502e+00,1.736418e+00,1.726458e+00,1.735946e+00,1.728104e+00,1.718019e+00,1.700818e+00,1.706680e+00,1.711408e+00,1.720105e+00,1.704665e+00,1.694794e+00,1.677021e+00,1.671719e+00,1.668954e+00,1.640908e+00,1.640656e+00,1.637713e+00,
1.782666e+00,1.784142e+00,1.819208e+00,1.816392e+00,1.782183e+00,1.740745e+00,1.732230e+00,1.717825e+00,1.718192e+00,1.716327e+00,1.719878e+00,1.729915e+00,1.732769e+00,1.726730e+00,1.725944e+00,1.728975e+00,1.729238e+00,1.725543e+00,1.715658e+00,1.718789e+00,1.727917e+00,1.726021e+00,1.722418e+00,1.723508e+00,1.716085e+00,1.714127e+00,1.715882e+00,1.701712e+00,1.737122e+00,1.744899e+00,1.751372e+00,1.731389e+00,1.742516e+00,1.765699e+00,1.771405e+00,1.784558e+00,1.793567e+00,
1.630962e+00,1.640754e+00,1.631681e+00,1.623324e+00,1.630150e+00,1.644178e+00,1.647565e+00,1.650499e+00,1.649470e+00,1.651593e+00,1.664722e+00,1.654524e+00,1.634216e+00,1.637339e+00,1.659112e+00,1.685755e+00,1.701392e+00,1.698954e+00,1.700886e+00,1.712560e+00,1.697716e+00,1.669268e+00,1.663152e+00,1.678522e+00,1.696918e+00,1.701334e+00,
1.681686e+00,1.670029e+00,1.668108e+00,1.861325e+00,1.816556e+00,1.846278e+00,1.645277e+00,1.656389e+00,1.680563e+00,1.691947e+00,1.691579e+00,1.688939e+00,1.695786e+00,1.685941e+00,1.691415e+00,1.665001e+00,1.663704e+00,1.680089e+00,1.675099e+00,1.667365e+00,1.658178e+00,1.678273e+00,1.661612e+00,1.669138e+00,1.648694e+00,
1.599204e+00,1.610236e+00,1.647024e+00,1.692837e+00,1.743085e+00,1.716688e+00,1.711239e+00,1.728583e+00,1.708278e+00,1.652572e+00,1.633588e+00,1.676506e+00,1.725392e+00,1.755505e+00,1.757218e+00,1.764782e+00,1.762235e+00,1.731462e+00,1.706683e+00,1.698198e+00,1.722654e+00,
1.742217e+00,1.773113e+00,1.799535e+00,1.801370e+00,1.784698e+00,1.779431e+00,1.763870e+00,1.782559e+00,1.746568e+00,1.744279e+00,1.761862e+00,1.781090e+00,1.760677e+00,1.741419e+00,1.763411e+00,1.801328e+00,1.816723e+00,1.788165e+00,1.775337e+00,1.774945e+00,1.786629e+00,1.775153e+00,
2.097601e+00,2.084397e+00,2.092254e+00,-1.031261e+00,-1.051315e+00,-1.077817e+00,-1.037974e+00,-9.647658e-01,-9.154113e-01,-1.015228e+00,2.032159e+00,-1.170308e+00,-1.140327e+00,-1.104457e+00,-1.113812e+00,-1.131509e+00,-1.123908e+00,-1.170732e+00,-1.203479e+00,1.913062e+00,1.877363e+00,1.871345e+00,1.865271e+00,1.859907e+00,1.855860e+00,
1.745814e+00,1.770838e+00,1.767860e+00,1.688519e+00,1.697821e+00,1.735769e+00,1.737868e+00,1.722623e+00,1.717018e+00,1.718226e+00,1.709093e+00,1.711175e+00,1.683643e+00,1.699807e+00,1.713588e+00,1.714331e+00,1.704591e+00,1.701166e+00,1.710059e+00,1.711487e+00,1.717912e+00,1.711710e+00,1.709846e+00,1.712179e+00,1.702114e+00,1.686365e+00,1.670915e+00,1.681177e+00,1.695142e+00,1.696130e+00,1.675275e+00,1.681774e+00,1.694575e+00,1.707241e+00,1.692641e+00,1.711327e+00,1.742759e+00,1.772136e+00,
1.966971e+00,1.949454e+00,1.910566e+00,1.902015e+00,1.908592e+00,1.924874e+00,1.918034e+00,1.900844e+00,1.908464e+00,1.917912e+00,1.937866e+00,1.937099e+00,1.948886e+00,1.964313e+00,1.980527e+00,1.990291e+00,1.989406e+00,1.992684e+00,2.023151e+00,2.035223e+00,2.022847e+00,1.992546e+00,
1.761132e+00,1.759340e+00,1.772023e+00,1.780620e+00,1.797589e+00,1.802579e+00,1.791527e+00,1.774826e+00,1.772443e+00,1.778955e+00,1.778413e+00,1.791604e+00,1.793058e+00,1.796381e+00,1.806204e+00,1.826234e+00,1.844117e+00,1.839708e+00,1.832567e+00,1.819915e+00,1.820719e+00,1.821043e+00,1.789645e+00,1.776655e+00,1.775892e+00,1.771926e+00,1.762875e+00,1.760055e+00,1.752744e+00,
2.021932e+00,1.972878e+00,1.926466e+00,1.914010e+00,1.905493e+00,2.090074e+00,2.009113e+00,2.229408e+00,2.005612e+00,2.072355e+00,1.881512e+00,1.956496e+00,1.826026e+00,1.657838e+00,1.596969e+00,1.566609e+00,1.566982e+00,1.838972e+00,1.797558e+00,-1.322712e+00,1.616477e+00,1.779513e+00,1.962920e+00,1.980644e+00,2.013987e+00,2.003790e+00,1.978080e+00,1.942950e+00,1.932907e+00,1.992818e+00,
2.055674e+00,2.266659e+00,2.440525e+00,2.272837e+00,2.052992e+00,1.947157e+00,1.997364e+00,2.011386e+00,2.013973e+00,1.991211e+00,2.005799e+00,1.981614e+00,2.046369e+00,2.062221e+00,2.085002e+00,2.095666e+00,2.123170e+00,2.134897e+00,2.132409e+00,2.147145e+00,2.150987e+00,2.146174e+00,2.144299e+00,
1.882577e+00,1.841066e+00,1.852535e+00,1.869206e+00,1.861162e+00,1.798519e+00,1.750023e+00,1.735578e+00,1.736584e+00,1.750067e+00,1.746115e+00,1.737738e+00,1.778205e+00,1.826432e+00,1.838357e+00,1.838842e+00,1.835975e+00,1.799877e+00,1.798165e+00,1.783099e+00,
1.763461e+00,1.784229e+00,1.815847e+00,1.844891e+00,1.865099e+00,1.849559e+00,1.828573e+00,1.816821e+00,1.827713e+00,1.824610e+00,1.827703e+00,1.795767e+00,1.829893e+00,1.843783e+00,1.832051e+00,1.813372e+00,1.792199e+00,1.805116e+00,1.823813e+00,1.821875e+00,1.807571e+00,1.802807e+00,1.782861e+00,1.777226e+00,1.763789e+00,1.750711e+00,
2.084671e+00,2.090830e+00,2.033745e+00,2.043692e+00,2.030154e+00,2.051291e+00,2.037422e+00,1.999397e+00,1.988582e+00,2.006399e+00,2.046495e+00,1.955192e+00,1.964004e+00,1.972118e+00,2.019524e+00,1.960614e+00,2.151911e+00,2.137160e+00,1.953764e+00,2.042211e+00,2.040709e+00,2.072982e+00,2.058885e+00,2.093291e+00,2.074120e+00,2.042863e+00,2.051575e+00,
2.024768e+00,2.046069e+00,2.039773e+00,2.060378e+00,2.010512e+00,2.036487e+00,1.910200e+00,1.930920e+00,1.908133e+00,2.044878e+00,2.037358e+00,2.064919e+00,2.065882e+00,2.050410e+00,2.050271e+00,2.077945e+00,2.323417e+00,2.274318e+00,2.050261e+00,1.995603e+00,2.048277e+00,2.050507e+00,2.072032e+00,2.064077e+00,2.089551e+00,2.099684e+00,2.086185e+00,2.064971e+00,
1.833623e+00,1.837906e+00,1.843192e+00,1.869947e+00,1.862467e+00,1.852070e+00,1.813976e+00,1.802164e+00,1.800908e+00,1.790766e+00,1.803092e+00,1.901694e+00,1.937689e+00,1.976792e+00,1.977659e+00,2.016802e+00,2.052081e+00,1.979323e+00,1.896223e+00,-1.251978e+00,1.941457e+00,2.000492e+00,2.000448e+00,1.938082e+00,1.905658e+00,1.873102e+00,1.846565e+00,1.824448e+00,1.917250e+00,2.017797e+00,2.035713e+00,1.992294e+00,1.900025e+00,1.841697e+00,1.789989e+00,
1.743767e+00,1.749397e+00,1.760319e+00,1.774878e+00,1.798514e+00,1.806359e+00,1.812314e+00,1.813919e+00,1.795963e+00,1.750442e+00,1.740670e+00,1.714004e+00,1.690098e+00,1.709086e+00,1.753802e+00,1.785191e+00,1.809664e+00,1.790371e+00,1.763338e+00,1.728893e+00,1.709665e+00,1.688184e+00,1.692725e+00,1.702736e+00,1.715056e+00,
2.077486e+00,2.024487e+00,2.020181e+00,2.003149e+00,2.006338e+00,2.038116e+00,2.007155e+00,2.016495e+00,1.986892e+00,2.027378e+00,-1.058976e+00,-9.875376e-01,2.148365e+00,-1.030253e+00,-8.921221e-01,-7.071097e-01,-7.104733e-01,-7.137071e-01,-7.104080e-01,-6.978070e-01,-6.987239e-01,-7.608874e-01,-9.248182e-01,2.101162e+00,-1.041079e+00,-1.047227e+00,2.044347e+00,1.960064e+00,1.979418e+00,
1.907253e+00,1.957147e+00,1.959371e+00,1.970615e+00,1.940201e+00,1.885869e+00,1.665708e+00,1.763818e+00,1.754880e+00,1.775425e+00,2.016575e+00,1.928536e+00,2.000308e+00,2.207780e+00,2.115423e+00,1.790615e+00,1.766363e+00,1.937213e+00,2.209540e+00,2.255805e+00,2.402900e+00,2.435150e+00,2.276057e+00,2.079652e+00,1.964228e+00,1.970376e+00,1.991091e+00,1.974037e+00,2.042372e+00,2.031439e+00,2.041849e+00,2.035714e+00,2.008640e+00,
1.573743e+00,1.560408e+00,1.548859e+00,1.600837e+00,1.624078e+00,1.680103e+00,1.670462e+00,1.690354e+00,1.674148e+00,1.647454e+00,1.597083e+00,1.594827e+00,1.599769e+00,1.633208e+00,1.640224e+00,1.652347e+00,1.652615e+00,1.646032e+00,1.612310e+00,1.596910e+00,1.553740e+00,1.596436e+00,1.610423e+00,1.654156e+00,
1.827298e+00,1.865153e+00,1.868522e+00,1.860301e+00,1.849517e+00,1.877465e+00,1.745875e+00,1.716907e+00,1.715943e+00,1.876601e+00,1.911774e+00,1.924754e+00,1.950418e+00,1.954219e+00,1.957004e+00,1.960096e+00,1.954643e+00,1.975195e+00,1.965824e+00,1.938694e+00,1.973023e+00,1.964855e+00,2.006078e+00,2.004137e+00,2.013373e+00,
2.063534e+00,2.073383e+00,2.065205e+00,2.100229e+00,2.124258e+00,2.139178e+00,2.131377e+00,2.166384e+00,2.127819e+00,2.091722e+00,2.073557e+00,2.048809e+00,2.092184e+00,2.137918e+00,2.383918e+00,2.486673e+00,2.385283e+00,2.138439e+00,1.970186e+00,1.951111e+00,1.945629e+00,2.006301e+00,2.042034e+00,2.095757e+00,2.064397e+00,2.109180e+00,2.101746e+00,2.084936e+00,2.074923e+00,2.074121e+00,2.081437e+00,
1.807196e+00,1.803150e+00,1.886930e+00,1.960269e+00,2.031583e+00,2.052016e+00,2.099264e+00,2.096604e+00,1.991522e+00,1.898873e+00,1.844794e+00,1.878954e+00,1.889357e+00,1.859819e+00,1.859551e+00,1.852462e+00,1.837153e+00,1.818901e+00,1.800828e+00,1.801295e+00,1.801778e+00,1.807576e+00,1.790388e+00,1.785879e+00,1.781957e+00,
1.844792e+00,1.865402e+00,1.850244e+00,1.715123e+00,1.713691e+00,1.646374e+00,1.743083e+00,1.760843e+00,1.965350e+00,1.809966e+00,1.784911e+00,-1.420415e+00,1.759648e+00,1.777425e+00,1.951086e+00,1.877571e+00,1.904417e+00,-1.089895e+00,-1.102871e+00,-1.128477e+00,1.918442e+00,1.955467e+00,1.951892e+00,1.985010e+00,1.985331e+00,1.946794e+00,1.943398e+00,1.986630e+00,1.970255e+00,1.976997e+00,1.960591e+00,
1.629713e+00,1.633573e+00,1.632466e+00,1.639660e+00,1.664215e+00,1.659372e+00,1.801738e+00,1.949202e+00,1.957592e+00,1.840236e+00,1.665715e+00,1.656044e+00,1.668974e+00,1.704586e+00,1.722244e+00,1.720642e+00,1.718996e+00,1.705396e+00,1.714940e+00,1.713415e+00,1.720016e+00,1.721166e+00,1.718037e+00,1.719672e+00,1.708580e+00,1.712247e+00,1.711998e+00,1.715214e+00,1.720371e+00,1.741291e+00,1.752036e+00,
1.677929e+00,1.675943e+00,1.669373e+00,1.667392e+00,1.645432e+00,1.644855e+00,1.829152e+00,1.815140e+00,1.836110e+00,1.649947e+00,1.656071e+00,1.659929e+00,1.672116e+00,1.665706e+00,1.668319e+00,1.678847e+00,1.676134e+00,1.670012e+00,1.645716e+00,1.640231e+00,1.636523e+00,1.630054e+00,1.628437e+00,1.641030e+00,1.654784e+00,1.643088e+00,1.628170e+00,1.617350e+00,1.607368e+00,1.591993e+00,
1.746773e+00,1.746197e+00,1.760514e+00,1.777254e+00,1.782851e+00,1.738402e+00,1.701113e+00,1.682213e+00,1.663254e+00,1.665687e+00,1.669181e+00,1.671797e+00,1.673827e+00,1.686203e+00,1.674379e+00,1.679533e+00,1.683596e+00,1.682413e+00,1.681494e+00,1.686464e+00,1.688090e+00,1.681345e+00,1.677086e+00,1.657041e+00,1.654537e+00,1.650659e+00,1.643013e+00,1.644212e+00,1.651663e+00,1.668354e+00,1.676054e+00,1.701913e+00,1.718883e+00,
1.788587e+00,1.791852e+00,1.798502e+00,1.753916e+00,1.728763e+00,1.730119e+00,1.710061e+00,1.710962e+00,1.716790e+00,1.724069e+00,1.731218e+00,1.736685e+00,1.732070e+00,1.723556e+00,1.720248e+00,1.720051e+00,1.720562e+00,1.725507e+00,1.726700e+00,1.724527e+00,1.726999e+00,1.718778e+00,1.715465e+00,1.714396e+00,1.713920e+00,1.720753e+00,1.729549e+00,1.774468e+00,1.789878e+00,1.818455e+00,1.786350e+00,1.775215e+00,
1.769928e+00,1.767034e+00,1.750521e+00,1.723844e+00,1.718231e+00,1.713239e+00,1.712231e+00,1.701160e+00,1.693443e+00,1.690710e+00,1.701013e+00,1.709006e+00,1.715600e+00,1.716897e+00,1.711080e+00,1.706849e+00,1.705728e+00,1.707350e+00,1.704643e+00,1.700601e+00,1.704471e+00,1.710626e+00,1.711417e+00,1.715403e+00,1.714886e+00,1.712194e+00,1.712394e+00,1.717027e+00,1.726053e+00,1.736004e+00,1.733027e+00,
1.568104e+00,1.585275e+00,1.609889e+00,1.649951e+00,1.700838e+00,1.694451e+00,1.637596e+00,1.638496e+00,1.635198e+00,1.679256e+00,1.639750e+00,1.622012e+00,1.657703e+00,1.670350e+00,1.672523e+00,1.660422e+00,1.648066e+00,1.650877e+00,1.640288e+00,1.603123e+00,1.571422e+00,1.571710e+00,1.568570e+00,1.569678e+00,1.554614e+00,1.568101e+00,
1.777037e+00,1.739754e+00,1.737430e+00,1.719282e+00,1.729283e+00,1.695462e+00,1.661921e+00,1.676650e+00,1.677010e+00,1.686832e+00,1.680814e+00,1.697868e+00,1.702553e+00,1.670658e+00,1.654859e+00,1.673517e+00,1.677823e+00,1.677903e+00,1.678541e+00,1.676008e+00,1.683770e+00,1.688462e+00,1.689991e+00,1.664716e+00,1.658049e+00,1.665765e+00,1.668417e+00,1.636968e+00,1.632936e+00,1.658571e+00,1.664856e+00,1.678765e+00,1.643640e+00,1.635713e+00,1.658713e+00,1.670113e+00,1.671817e+00,1.672063e+00,1.695659e+00,1.730403e+00,1.711876e+00,1.691164e+00,
1.777345e+00,1.778228e+00,1.772780e+00,1.770122e+00,1.765001e+00,1.759095e+00,1.758192e+00,1.755307e+00,1.763472e+00,1.759954e+00,1.720523e+00,1.705000e+00,1.692937e+00,1.685905e+00,1.723174e+00,1.762363e+00,1.787013e+00,1.801827e+00,1.792756e+00,1.776843e+00,1.765765e+00,1.759551e+00,1.755660e+00,1.755515e+00,1.745062e+00,
1.752327e+00,1.749094e+00,1.752193e+00,1.731307e+00,1.825660e+00,1.929620e+00,2.027854e+00,2.063336e+00,2.107692e+00,2.011216e+00,1.889500e+00,1.737755e+00,1.736024e+00,1.747393e+00,1.765626e+00,1.779340e+00,1.791567e+00,1.788128e+00,1.788155e+00,1.770913e+00,1.750901e+00,1.722814e+00,1.718812e+00,1.726719e+00,1.745052e+00,1.741167e+00,1.707003e+00,1.685732e+00,1.672653e+00,1.655388e+00,1.638947e+00,1.639856e+00,
1.672912e+00,1.665339e+00,1.666109e+00,1.659555e+00,1.818437e+00,1.790878e+00,1.996512e+00,1.798203e+00,1.837457e+00,1.654763e+00,1.644497e+00,1.645728e+00,1.656756e+00,1.675783e+00,1.664941e+00,1.684063e+00,1.665923e+00,1.679569e+00,1.657103e+00,1.645044e+00,1.660664e+00,1.674787e+00,1.672276e+00,1.658687e+00,1.648792e+00,1.651482e+00,
1.775220e+00,1.800024e+00,1.784646e+00,1.744673e+00,1.707155e+00,1.690874e+00,1.679219e+00,1.684702e+00,1.690329e+00,1.695815e+00,1.710014e+00,1.714343e+00,1.705543e+00,1.709347e+00,1.705478e+00,1.702761e+00,1.710864e+00,1.700201e+00,1.681184e+00,1.671715e+00,1.673174e+00,1.656744e+00,1.697560e+00,1.715946e+00,1.743596e+00,1.764735e+00,1.771156e+00,1.776299e+00,
1.726826e+00,1.748451e+00,1.753260e+00,1.723185e+00,1.679314e+00,1.663080e+00,1.642116e+00,1.634414e+00,1.631875e+00,1.629145e+00,1.638711e+00,1.654639e+00,1.649068e+00,1.645337e+00,1.648466e+00,1.644047e+00,1.639691e+00,1.638780e+00,1.635815e+00,1.636889e+00,1.641136e+00,1.633471e+00,1.623675e+00,1.617716e+00,1.609613e+00,1.602507e+00,1.603801e+00,1.607163e+00,1.651437e+00,1.674752e+00,1.681392e+00,1.645055e+00,1.646183e+00,1.628482e+00,1.598364e+00,
2.230464e+00,2.157999e+00,2.123003e+00,2.140013e+00,2.197524e+00,2.233939e+00,2.259658e+00,2.232892e+00,-9.185123e-01,-9.253235e-01,2.170537e+00,2.142487e+00,2.088654e+00,2.087662e+00,2.059458e+00,2.059706e+00,2.019218e+00,2.018632e+00,2.031318e+00,2.024556e+00,2.020766e+00,2.047114e+00,2.107368e+00,2.107879e+00,2.106998e+00,2.109026e+00,2.144893e+00,2.147885e+00,
1.934416e+00,1.952562e+00,1.976960e+00,1.971690e+00,1.971705e+00,1.959385e+00,1.946055e+00,1.940472e+00,1.922429e+00,1.910529e+00,1.936301e+00,2.010428e+00,2.082629e+00,2.144853e+00,2.143607e+00,2.131524e+00,2.130105e+00,2.125630e+00,2.117868e+00,2.132740e+00,2.150950e+00,2.172200e+00,2.169174e+00,2.158594e+00,2.156291e+00,2.142167e+00,2.074452e+00,2.032862e+00,1.977318e+00,1.995050e+00,2.085774e+00,2.091565e+00,2.115347e+00,2.036793e+00,2.026883e+00,
2.056545e+00,2.079943e+00,2.048817e+00,2.027477e+00,2.032957e+00,2.025809e+00,1.971946e+00,1.918911e+00,1.936907e+00,1.991572e+00,2.032956e+00,2.000598e+00,1.976444e+00,2.001927e+00,1.974874e+00,1.998512e+00,1.999371e+00,1.986612e+00,1.995643e+00,1.958483e+00,1.947706e+00,1.950861e+00,1.939881e+00,1.926533e+00,1.964895e+00,1.992273e+00,1.975484e+00,1.991597e+00,1.977672e+00,2.004311e+00,2.014158e+00,2.034540e+00,2.039928e+00,
1.858990e+00,1.906174e+00,1.945717e+00,1.977363e+00,1.990847e+00,1.963718e+00,1.955461e+00,1.938295e+00,1.930438e+00,1.912079e+00,1.905186e+00,1.910014e+00,1.906251e+00,1.917038e+00,1.902969e+00,1.916271e+00,1.905199e+00,1.927851e+00,1.944205e+00,1.974889e+00,1.920556e+00,1.885735e+00,1.866215e+00,1.870099e+00,1.851204e+00,1.890560e+00,1.913195e+00,
2.045810e+00,-9.680493e-01,-9.974388e-01,2.045627e+00,1.946807e+00,1.964959e+00,1.954729e+00,1.960871e+00,1.973800e+00,1.970366e+00,2.006496e+00,2.019478e+00,1.981974e+00,1.962295e+00,2.026153e+00,2.081494e+00,2.135523e+00,
2.036419e+00,2.043515e+00,2.040323e+00,2.072405e+00,2.069649e+00,2.043540e+00,2.010172e+00,1.986745e+00,1.986417e+00,1.988282e+00,2.006698e+00,2.047885e+00,1.949347e+00,1.915184e+00,-1.325351e+00,1.863318e+00,1.788946e+00,1.780601e+00,1.712740e+00,1.704246e+00,1.708412e+00,-1.456004e+00,-1.490915e+00,1.789010e+00,1.946068e+00,2.060211e+00,2.048092e+00,2.065594e+00,2.058903e+00,2.055335e+00,2.040792e+00,2.051965e+00,2.039311e+00,2.028610e+00,2.010193e+00,
-1.064574e+00,-1.107754e+00,-1.164194e+00,-1.188815e+00,-1.172858e+00,-1.171370e+00,-1.134570e+00,-1.150059e+00,-1.147347e+00,-1.113779e+00,-1.111739e+00,-1.147582e+00,1.991522e+00,1.987635e+00,2.033192e+00,-1.082773e+00,-1.093874e+00,-1.125450e+00,-1.108154e+00,-1.060287e+00,-1.052830e+00,
1.789048e+00,1.783419e+00,1.796947e+00,1.829279e+00,1.804516e+00,1.790180e+00,1.784437e+00,1.800625e+00,1.809919e+00,1.805992e+00,1.800175e+00,1.796557e+00,1.800844e+00,1.779245e+00,1.772990e+00,1.778260e+00,1.775809e+00,1.776785e+00,1.769683e+00,1.760592e+00,
1.769661e+00,1.780352e+00,1.804743e+00,1.849578e+00,1.836186e+00,1.773649e+00,1.764944e+00,1.776177e+00,1.784534e+00,1.791678e+00,1.820143e+00,1.813302e+00,1.812739e+00,1.802639e+00,1.779901e+00,1.772477e+00,1.768336e+00,1.764265e+00,1.761807e+00,
1.979528e+00,2.007994e+00,2.004937e+00,2.067414e+00,2.052775e+00,2.035146e+00,2.032377e+00,2.032130e+00,2.033081e+00,2.006592e+00,2.004274e+00,2.002749e+00,2.029781e+00,2.049981e+00,2.059349e+00,2.070737e+00,2.076568e+00,2.080109e+00,2.077946e+00,2.087245e+00,2.082892e+00,2.082295e+00,2.078955e+00,2.075137e+00,2.074697e+00,2.076413e+00,2.070017e+00,2.060007e+00,2.070638e+00,2.068490e+00,2.074212e+00,2.062228e+00,2.091475e+00,2.117462e+00,2.107471e+00,2.038195e+00,1.977219e+00,1.975287e+00,2.010643e+00,2.068537e+00,2.076447e+00,2.065450e+00,2.041770e+00,
2.311792e+00,-8.625737e-01,2.229877e+00,2.209930e+00,2.169248e+00,-9.820734e-01,-9.741266e-01,-9.537206e-01,-9.129887e-01,-9.090322e-01,-1.000435e+00,2.133894e+00,2.107692e+00,2.096070e+00,2.125770e+00,-1.020531e+00,-1.037849e+00,-1.055075e+00,-1.062188e+00,-1.061044e+00,-1.065499e+00,-1.065631e+00,2.040110e+00,
2.148539e+00,2.122473e+00,2.131938e+00,2.139594e+00,-1.033856e+00,-1.070701e+00,-1.100044e+00,-1.109286e+00,-1.128149e+00,-1.129409e+00,-1.155203e+00,-1.160321e+00,-1.137348e+00,-1.131160e+00,2.006213e+00,2.012392e+00,2.020081e+00,2.022168e+00,2.008561e+00,1.973305e+00,1.960534e+00,1.941977e+00,1.938564e+00,1.926617e+00,1.871897e+00,1.867695e+00,1.855589e+00,1.889084e+00,1.961452e+00,1.987322e+00,2.020340e+00,2.017244e+00,1.918288e+00,1.862908e+00,
-1.015760e+00,-1.020962e+00,-1.032935e+00,-1.036129e+00,-1.025032e+00,-1.081122e+00,-1.123363e+00,-1.117140e+00,-1.088187e+00,-1.040301e+00,-1.094651e+00,-1.128734e+00,-1.147588e+00,-1.149124e+00,-1.162842e+00,-1.165230e+00,-1.153016e+00,-1.141741e+00,-1.135631e+00,-1.143157e+00,-1.149672e+00,-1.146476e+00,-1.144832e+00,-1.114799e+00,-1.079238e+00,-1.032377e+00,-1.031365e+00,
1.894585e+00,1.913960e+00,1.945552e+00,1.970776e+00,1.940368e+00,1.952346e+00,1.925860e+00,1.917516e+00,1.897187e+00,1.917231e+00,1.912820e+00,1.910735e+00,1.912316e+00,1.921059e+00,1.916187e+00,1.924556e+00,1.943153e+00,1.978812e+00,1.985307e+00,1.975183e+00,1.968570e+00,1.938982e+00,1.909834e+00,1.881416e+00,1.862152e+00,1.896799e+00,1.927122e+00,1.954360e+00,
1.752491e+00,1.740804e+00,1.748212e+00,1.724527e+00,1.732403e+00,1.724857e+00,1.751540e+00,1.729528e+00,1.720544e+00,1.713822e+00,1.701636e+00,1.707097e+00,1.703950e+00,1.709616e+00,1.708368e+00,1.721732e+00,1.714343e+00,1.709597e+00,1.723686e+00,1.730611e+00,1.744096e+00,1.749042e+00,1.771143e+00,
1.770500e+00,1.769144e+00,1.766778e+00,1.767617e+00,1.770515e+00,1.766474e+00,1.765429e+00,1.761631e+00,1.758419e+00,1.757068e+00,1.750847e+00,1.752533e+00,1.750360e+00,1.745486e+00,1.734263e+00,1.728699e+00,1.728858e+00,1.725608e+00,1.732512e+00,1.738342e+00,1.748563e+00,1.752115e+00,1.745562e+00,
1.848778e+00,1.823125e+00,1.787689e+00,1.765287e+00,1.747100e+00,1.755507e+00,1.753304e+00,1.756463e+00,1.764865e+00,1.772442e+00,1.786631e+00,1.784104e+00,1.781350e+00,1.766264e+00,1.764474e+00,1.771223e+00,1.785664e+00,1.794361e+00,1.798084e+00,1.810151e+00,1.813083e+00,1.806556e+00,1.801741e+00,1.809317e+00,1.878243e+00,1.926994e+00,
1.767682e+00,1.769193e+00,1.749932e+00,1.738160e+00,1.716355e+00,1.719625e+00,1.716749e+00,1.714972e+00,1.709032e+00,1.711872e+00,1.715930e+00,1.724746e+00,1.721560e+00,1.726898e+00,1.730977e+00,1.728189e+00,1.738977e+00,1.741472e+00,1.741361e+00,1.752355e+00,1.758109e+00,1.770395e+00,1.786743e+00,1.776461e+00,1.791481e+00,1.804585e+00,
1.760028e+00,1.769567e+00,1.802351e+00,1.798692e+00,1.804331e+00,1.801373e+00,1.806967e+00,1.807744e+00,1.795375e+00,1.797088e+00,1.848535e+00,1.878605e+00,1.876545e+00,1.811923e+00,1.814537e+00,1.815065e+00,1.818060e+00,1.819594e+00,1.815187e+00,1.859852e+00,1.884458e+00,1.891612e+00,1.836192e+00,1.843969e+00,1.831635e+00,1.821200e+00,1.811744e+00,1.818792e+00,
2.051244e+00,2.052743e+00,2.002368e+00,1.964057e+00,1.979497e+00,1.950936e+00,2.014575e+00,1.981360e+00,1.990642e+00,1.947908e+00,1.963125e+00,1.936487e+00,1.902403e+00,1.878170e+00,1.876601e+00,1.934073e+00,1.920732e+00,1.890181e+00,1.853784e+00,1.849009e+00,1.840522e+00,
1.758854e+00,1.748708e+00,1.702702e+00,1.681360e+00,1.678202e+00,1.679498e+00,1.679886e+00,1.681574e+00,1.683106e+00,1.693310e+00,1.697906e+00,1.698963e+00,1.700934e+00,1.702140e+00,1.698754e+00,1.698684e+00,1.695504e+00,1.685442e+00,1.687599e+00,1.688140e+00,1.691051e+00,1.709357e+00,1.715497e+00,1.729705e+00,1.742672e+00,1.747766e+00,1.762708e+00,
1.760843e+00,1.750300e+00,1.749127e+00,1.737598e+00,1.755816e+00,1.755649e+00,1.733322e+00,1.709617e+00,1.715511e+00,1.740798e+00,1.748974e+00,1.744113e+00,1.725970e+00,1.726192e+00,1.718822e+00,1.708349e+00,1.705443e+00,1.712868e+00,1.729444e+00,1.751641e+00,1.769232e+00,1.785716e+00,1.792195e+00,
1.858034e+00,1.844282e+00,1.815500e+00,1.798298e+00,1.774472e+00,1.773948e+00,1.795023e+00,1.817648e+00,1.823433e+00,1.822571e+00,1.797842e+00,1.776540e+00,1.756635e+00,1.744463e+00,1.747370e+00,1.750589e+00,1.749529e+00,1.748473e+00,1.759328e+00,1.760623e+00,1.748601e+00,1.726490e+00,1.727365e+00,1.737727e+00,1.744523e+00,1.739629e+00,1.753798e+00,1.779963e+00,
1.825948e+00,1.834165e+00,1.845775e+00,1.818529e+00,1.800947e+00,1.797033e+00,1.813327e+00,1.843222e+00,1.861385e+00,1.858078e+00,1.868233e+00,1.837545e+00,1.792185e+00,1.749541e+00,1.741231e+00,1.764659e+00,1.830124e+00,1.887990e+00,1.893551e+00,1.906119e+00,1.900960e+00,1.888159e+00,1.847633e+00,1.820578e+00,1.829205e+00,1.865146e+00,1.905573e+00,
1.794203e+00,1.810936e+00,1.797414e+00,1.803354e+00,1.798969e+00,1.810399e+00,1.800422e+00,1.807542e+00,1.807574e+00,1.827426e+00,1.835928e+00,1.837328e+00,1.830593e+00,1.826333e+00,1.819715e+00,1.826699e+00,1.836668e+00,1.829274e+00,1.821378e+00,1.811029e+00,1.813004e+00,1.820027e+00,1.811150e+00,
-1.196638e+00,1.923455e+00,1.903873e+00,-1.204411e+00,-1.195862e+00,1.917864e+00,-1.211376e+00,-1.171978e+00,-1.118414e+00,-1.160096e+00,-1.182125e+00,-1.193013e+00,-1.179560e+00,-1.176384e+00,-1.183072e+00,-1.159595e+00,-1.120186e+00,-1.078033e+00,
2.069310e+00,1.994655e+00,1.921966e+00,1.941028e+00,1.939770e+00,1.924348e+00,1.944326e+00,1.974887e+00,1.938883e+00,1.942341e+00,1.912198e+00,1.881011e+00,1.873922e+00,1.878567e+00,1.872826e+00,1.872509e+00,1.882406e+00,
2.092977e+00,2.090592e+00,2.071344e+00,2.092429e+00,2.055418e+00,2.085060e+00,2.077614e+00,2.111080e+00,2.106538e+00,2.083149e+00,2.071536e+00,2.061770e+00,2.040088e+00,2.012504e+00,1.998418e+00,2.002374e+00,1.975567e+00,1.971859e+00,1.979602e+00,1.958721e+00,1.946340e+00,1.938489e+00,1.938844e+00,1.933755e+00,1.929972e+00,1.944803e+00,
1.646722e+00,1.657021e+00,1.674979e+00,1.726584e+00,1.735683e+00,1.724375e+00,1.712020e+00,1.694985e+00,1.712614e+00,1.710643e+00,1.720818e+00,1.720433e+00,1.731857e+00,1.722146e+00,1.714373e+00,1.703507e+00,1.704539e+00,1.706905e+00,1.701812e+00,1.702786e+00,1.712110e+00,1.726201e+00,1.738384e+00,1.702199e+00,1.712728e+00,1.717913e+00,1.735899e+00,
1.969576e+00,1.977476e+00,1.988877e+00,1.991360e+00,1.943802e+00,1.950183e+00,1.919724e+00,1.916784e+00,1.897839e+00,1.914295e+00,1.940755e+00,1.964483e+00,1.923064e+00,1.933050e+00,1.911596e+00,1.904065e+00,1.890126e+00,1.908392e+00,1.883793e+00,1.856346e+00,1.830559e+00,1.840191e+00,
1.592099e+00,1.628899e+00,1.647032e+00,1.682418e+00,1.674921e+00,1.669413e+00,1.655987e+00,1.674020e+00,1.672666e+00,1.686474e+00,1.687844e+00,1.643244e+00,1.630709e+00,1.617487e+00,1.633269e+00,1.655069e+00,1.665604e+00,1.663944e+00,1.675292e+00,1.673922e+00,1.643830e+00,1.631459e+00,1.628461e+00,1.613127e+00,1.613945e+00,
1.796320e+00,1.796072e+00,1.778813e+00,1.761838e+00,1.763410e+00,1.763759e+00,1.757065e+00,1.751359e+00,1.756698e+00,1.758272e+00,1.761165e+00,1.758046e+00,1.758844e+00,1.758420e+00,1.756798e+00,1.747259e+00,1.741127e+00,1.747388e+00,1.728025e+00,1.733038e+00,1.731727e+00,1.758622e+00,1.777519e+00,1.789219e+00,1.778373e+00,1.784422e+00,1.793894e+00,1.803223e+00,
1.740152e+00,1.750006e+00,1.783167e+00,1.798643e+00,1.806247e+00,1.802425e+00,1.812381e+00,1.811442e+00,1.844141e+00,1.855223e+00,1.868586e+00,1.862808e+00,1.829715e+00,1.799321e+00,1.801254e+00,1.794941e+00,1.788322e+00,1.780731e+00,1.768845e+00,1.754818e+00,
1.756596e+00,1.744834e+00,1.716748e+00,1.696538e+00,1.697195e+00,1.701891e+00,1.681320e+00,1.679587e+00,1.681726e+00,1.694093e+00,1.700966e+00,1.705288e+00,1.702379e+00,1.707702e+00,1.710441e+00,1.704006e+00,1.702367e+00,1.699931e+00,1.696038e+00,1.694908e+00,1.702682e+00,1.703787e+00,1.712757e+00,1.723806e+00,1.731062e+00,1.720358e+00,1.731337e+00,1.739273e+00,1.745095e+00,
2.260925e+00,2.220458e+00,2.185034e+00,2.180764e+00,2.176045e+00,2.177523e+00,2.203537e+00,2.201875e+00,2.201614e+00,2.167181e+00,2.124664e+00,2.087556e+00,2.086625e+00,2.078947e+00,2.109407e+00,2.143529e+00,2.171045e+00,2.189938e+00,2.160528e+00,2.108181e+00,2.064514e+00,2.047197e+00,2.045388e+00,
2.088089e+00,2.089831e+00,2.092327e+00,2.101678e+00,2.109766e+00,2.106232e+00,2.106174e+00,2.107229e+00,2.100474e+00,2.093611e+00,2.083290e+00,2.084944e+00,2.086914e+00,2.108660e+00,2.131846e+00,2.131912e+00,2.131285e+00,2.127263e+00,2.141395e+00,2.088578e+00,2.099674e+00,2.098438e+00,2.141035e+00,2.142077e+00,2.083325e+00,2.081702e+00,2.072962e+00,2.100229e+00,2.096861e+00,2.098380e+00,2.095332e+00,2.088166e+00,2.074335e+00,2.064358e+00,2.066198e+00,2.063138e+00,
1.796690e+00,1.800882e+00,1.785467e+00,1.774215e+00,1.798489e+00,1.817659e+00,1.834147e+00,1.845056e+00,1.860768e+00,1.893242e+00,1.880046e+00,1.849591e+00,1.840371e+00,1.836290e+00,1.823700e+00,1.817307e+00,1.818320e+00,1.846433e+00,1.863019e+00,1.858478e+00,
1.890019e+00,1.892290e+00,1.869998e+00,1.875638e+00,1.857525e+00,1.847291e+00,1.850185e+00,1.863478e+00,1.864130e+00,1.871385e+00,1.872213e+00,1.877137e+00,1.895962e+00,1.919359e+00,-1.224313e+00,1.891064e+00,1.866304e+00,
2.155571e+00,2.140940e+00,2.122525e+00,2.114705e+00,2.106851e+00,2.110090e+00,2.108667e+00,2.111228e+00,2.115893e+00,2.122584e+00,2.131132e+00,2.134727e+00,2.141920e+00,2.146367e+00,2.145075e+00,2.143215e+00,2.134422e+00,2.133102e+00,2.130276e+00,2.135690e+00,2.124545e+00,2.113447e+00,2.115802e+00,2.134585e+00,2.140227e+00,2.133759e+00,2.130009e+00,2.118026e+00,2.095026e+00,2.077985e+00,2.071630e+00,2.092882e+00,2.101737e+00,2.116176e+00,2.091488e+00,
2.061615e+00,2.083206e+00,2.096089e+00,2.069566e+00,2.081794e+00,2.063423e+00,2.075330e+00,2.092290e+00,2.116567e+00,1.962458e+00,-1.283664e+00,-1.252961e+00,2.021247e+00,2.172191e+00,2.149849e+00,2.172451e+00,2.186168e+00,2.150929e+00,2.108623e+00,2.062210e+00,2.049519e+00,2.008117e+00,2.008070e+00,1.997653e+00,
2.219177e+00,2.260512e+00,2.241439e+00,2.215536e+00,2.198644e+00,2.204925e+00,2.164981e+00,2.121152e+00,2.098829e+00,2.069637e+00,2.114044e+00,2.105906e+00,2.157583e+00,2.139899e+00,2.309391e+00,2.291851e+00,2.190608e+00,2.126533e+00,2.071357e+00,2.086232e+00,2.086730e+00,2.093508e+00,2.152269e+00,2.191219e+00,2.182580e+00,2.205707e+00,2.205426e+00,2.195904e+00,
1.936852e+00,1.928298e+00,1.921476e+00,1.918329e+00,1.877949e+00,1.867214e+00,1.854599e+00,1.857951e+00,1.863808e+00,1.867908e+00,1.876602e+00,1.838010e+00,1.885521e+00,1.870150e+00,1.908717e+00,1.913480e+00,1.934646e+00,1.942941e+00,1.941080e+00,1.941574e+00,1.950214e+00,1.955159e+00,1.910544e+00,1.915130e+00,1.866629e+00,1.868465e+00,1.844702e+00,1.859419e+00,1.844701e+00,1.885483e+00,1.893646e+00,1.869492e+00,1.848414e+00,
1.904591e+00,1.924684e+00,1.970090e+00,1.998009e+00,1.985602e+00,1.974566e+00,1.968757e+00,1.960889e+00,1.970907e+00,1.982517e+00,1.995603e+00,2.003826e+00,2.015226e+00,2.011347e+00,2.011477e+00,2.021827e+00,2.029912e+00,2.043309e+00,2.049698e+00,2.049939e+00,2.036162e+00,2.034534e+00,2.021171e+00,2.038050e+00,2.046925e+00,2.053131e+00,2.045429e+00,2.041680e+00,2.031961e+00,2.049784e+00,2.056856e+00,2.040250e+00,2.020264e+00,2.008494e+00,1.995038e+00,1.991959e+00,2.003302e+00,2.008675e+00,2.015179e+00,2.014064e+00,
2.012708e+00,2.038887e+00,2.053895e+00,2.027675e+00,2.026034e+00,2.033802e+00,2.056649e+00,2.064068e+00,2.084709e+00,2.099855e+00,2.074099e+00,2.057467e+00,2.045562e+00,2.052300e+00,2.017574e+00,2.041227e+00,2.086033e+00,2.157178e+00,2.189610e+00,2.202051e+00,2.178218e+00,2.167192e+00,2.163313e+00,2.149707e+00,2.082657e+00,2.102802e+00,2.118677e+00,2.179509e+00,
1.803954e+00,1.794494e+00,1.779045e+00,1.792467e+00,1.832464e+00,1.872157e+00,1.856097e+00,1.819048e+00,1.814930e+00,1.823243e+00,1.816255e+00,1.774703e+00,1.772554e+00,1.787858e+00,1.818259e+00,1.812055e+00,1.830703e+00,1.830829e+00,1.840016e+00,1.835387e+00,1.799203e+00,1.805188e+00,1.814417e+00,
1.763228e+00,1.747700e+00,1.746260e+00,1.714784e+00,1.707435e+00,1.714730e+00,1.738382e+00,1.750889e+00,1.740989e+00,1.731557e+00,1.723969e+00,1.703781e+00,1.697339e+00,1.702843e+00,1.707335e+00,1.720302e+00,1.729383e+00,1.726408e+00,1.735519e+00,1.737641e+00,1.752183e+00,1.769575e+00,
1.624720e+00,1.639400e+00,1.665866e+00,1.706777e+00,1.726137e+00,1.725314e+00,1.677863e+00,1.637523e+00,1.622027e+00,1.636035e+00,1.662206e+00,1.673611e+00,1.690190e+00,1.715566e+00,1.719670e+00,1.723154e+00,1.723768e+00,1.735937e+00,1.736793e+00,1.745462e+00,1.743632e+00,-1.390044e+00,-1.379801e+00,
2.102868e+00,2.109214e+00,2.096066e+00,2.087412e+00,2.069304e+00,2.068941e+00,2.067676e+00,2.068600e+00,2.071473e+00,2.069255e+00,2.076643e+00,2.102160e+00,2.125231e+00,2.130481e+00,2.122835e+00,2.129620e+00,2.130813e+00,2.126559e+00,2.116765e+00,2.116698e+00,2.117881e+00,2.103610e+00,2.089005e+00,2.070603e+00,2.059937e+00,2.057547e+00,2.051911e+00,2.053729e+00,2.056957e+00,2.051356e+00,
1.793206e+00,1.787652e+00,1.778204e+00,1.728235e+00,1.723540e+00,1.722365e+00,1.719857e+00,1.711398e+00,1.711310e+00,1.712107e+00,1.713497e+00,1.715218e+00,1.711211e+00,1.712111e+00,1.711722e+00,1.715955e+00,1.714773e+00,1.723531e+00,1.723178e+00,1.732323e+00,1.748870e+00,1.746360e+00,1.751068e+00,1.757207e+00,
1.604046e+00,1.637822e+00,1.649921e+00,1.727005e+00,1.712226e+00,1.729861e+00,1.630468e+00,1.639690e+00,1.655855e+00,1.679840e+00,1.672085e+00,1.646504e+00,1.623161e+00,1.653707e+00,1.668074e+00,1.683491e+00,1.699089e+00,1.690810e+00,1.692683e+00,1.659024e+00,1.623784e+00,1.643521e+00,1.642890e+00,
1.639801e+00,1.651784e+00,1.643563e+00,1.642034e+00,1.641139e+00,1.645795e+00,1.649677e+00,1.644754e+00,1.653012e+00,1.661538e+00,1.663634e+00,1.658010e+00,1.648207e+00,1.647167e+00,1.645380e+00,1.656879e+00,1.646725e+00,1.644845e+00,1.645296e+00,1.655298e+00,1.667801e+00,1.668502e+00,1.690118e+00,1.682461e+00,1.692431e+00,1.682530e+00,1.690748e+00,1.688563e+00,1.690930e+00,1.675338e+00,1.666794e+00,1.666115e+00,1.663371e+00,1.659987e+00,1.651107e+00,1.645819e+00,1.649291e+00,1.662322e+00,1.661647e+00,
2.066123e+00,2.061049e+00,2.049489e+00,2.032612e+00,2.023897e+00,2.025172e+00,2.019365e+00,2.012950e+00,2.006240e+00,2.020539e+00,2.056068e+00,2.088457e+00,2.092036e+00,2.072023e+00,2.070509e+00,2.074431e+00,2.077186e+00,2.074804e+00,2.074978e+00,2.070802e+00,2.074735e+00,2.074794e+00,2.069067e+00,2.064598e+00,2.060330e+00,2.060857e+00,2.054570e+00,2.041824e+00,2.024710e+00,2.004839e+00,1.992045e+00,1.988137e+00,1.990835e+00,1.995373e+00,2.019068e+00,2.029489e+00,2.036364e+00,2.033316e+00,2.045919e+00,
1.791663e+00,1.790859e+00,1.789868e+00,1.751384e+00,1.740659e+00,1.713714e+00,1.717297e+00,1.711896e+00,1.710681e+00,1.700984e+00,1.705726e+00,1.703262e+00,1.709592e+00,1.711980e+00,1.702646e+00,1.707006e+00,1.701937e+00,1.707400e+00,1.713414e+00,1.715458e+00,1.721028e+00,1.727491e+00,1.747482e+00,1.755861e+00,1.757310e+00,1.785938e+00,1.776370e+00,
1.735454e+00,1.680916e+00,1.648481e+00,1.655640e+00,1.629740e+00,1.619816e+00,1.605391e+00,1.609913e+00,1.604555e+00,1.602171e+00,1.593215e+00,1.597640e+00,1.603142e+00,1.604578e+00,1.606372e+00,1.608969e+00,1.608779e+00,1.606457e+00,1.605344e+00,1.603756e+00,1.612379e+00,1.628968e+00,1.632474e+00,1.636469e+00,1.655141e+00,1.664422e+00,1.666627e+00,1.643756e+00,
1.754903e+00,1.757321e+00,1.754788e+00,1.730692e+00,1.712887e+00,1.707439e+00,1.702570e+00,1.677688e+00,1.670403e+00,1.667531e+00,1.689309e+00,1.697343e+00,1.695625e+00,1.697149e+00,1.701539e+00,1.704679e+00,1.700698e+00,1.701251e+00,1.696843e+00,1.697954e+00,1.704820e+00,1.749660e+00,1.771069e+00,1.789646e+00,1.771766e+00,1.749085e+00,
1.710144e+00,1.726970e+00,1.731024e+00,1.724628e+00,1.674804e+00,1.662453e+00,1.651566e+00,1.649236e+00,1.652485e+00,1.625090e+00,1.614767e+00,1.625600e+00,1.645765e+00,1.668327e+00,1.659487e+00,1.657124e+00,1.640260e+00,1.626773e+00,1.602824e+00,1.610796e+00,1.602050e+00,1.612482e+00,1.615766e+00,
1.651627e+00,1.659817e+00,1.650263e+00,1.627159e+00,1.618863e+00,1.618472e+00,1.618376e+00,1.616698e+00,1.621815e+00,1.617175e+00,1.623155e+00,1.613444e+00,1.620811e+00,1.609006e+00,1.604787e+00,1.601746e+00,1.594697e+00,1.592636e+00,1.590097e+00,1.594353e+00,1.578829e+00,1.570297e+00,
1.798227e+00,1.797957e+00,1.770963e+00,1.745392e+00,1.723049e+00,1.741319e+00,1.771193e+00,1.775723e+00,1.774064e+00,1.789131e+00,1.790828e+00,1.766207e+00,1.755929e+00,1.758470e+00,1.766794e+00,1.765387e+00,1.765453e+00,1.756745e+00,1.771832e+00,1.776654e+00,1.760602e+00,1.784245e+00,1.802347e+00,1.829936e+00,1.830135e+00,1.831039e+00,
1.804124e+00,1.787305e+00,1.780458e+00,1.763910e+00,1.750191e+00,1.720063e+00,1.721511e+00,1.709459e+00,1.707211e+00,1.700189e+00,1.703728e+00,1.703948e+00,1.707229e+00,1.706676e+00,1.702859e+00,1.709886e+00,1.706791e+00,1.702388e+00,1.698219e+00,1.701161e+00,1.708594e+00,1.709253e+00,1.714623e+00,1.718382e+00,1.733667e+00,1.741318e+00,1.754012e+00,1.751470e+00,1.756683e+00,1.764843e+00,
1.839485e+00,1.833573e+00,1.837531e+00,1.862024e+00,1.852685e+00,1.896285e+00,1.975170e+00,2.052669e+00,2.055201e+00,1.988528e+00,1.882161e+00,1.843879e+00,1.848527e+00,1.856069e+00,1.915139e+00,2.018330e+00,2.100243e+00,2.036866e+00,1.965721e+00,1.888840e+00,1.888489e+00,1.896287e+00,1.885105e+00,
