-9.372389e-02,-9.809828e-02,-8.880675e-02,-8.439374e-02,-6.021988e-02,-4.212511e-02,-3.278196e-02,-2.425313e-02,-6.242251e-02,-9.042311e-02,-1.008211e-01,-9.158921e-02,-8.370113e-02,-8.278239e-02,-8.821082e-02,-8.788919e-02,-8.875573e-02,-8.602309e-02,-8.467233e-02,-7.649589e-02,-7.856214e-02,-7.392895e-02,-7.247591e-02,-7.115018e-02,-7.068813e-02,
-6.390250e-02,-6.912851e-02,-5.975974e-02,-6.828666e-02,-6.934690e-02,-7.642210e-02,-7.789922e-02,-8.052981e-02,-8.747470e-02,-7.631373e-02,-7.590938e-02,-7.052612e-02,-8.024132e-02,-8.193338e-02,-9.689748e-02,-9.751999e-02,-9.551966e-02,-9.778452e-02,-7.386184e-02,-7.347929e-02,-5.255532e-02,-7.484055e-02,-6.928539e-02,-9.209681e-02,-8.878100e-02,-9.053731e-02,-9.039390e-02,-8.602154e-02,-8.137596e-02,
-6.077385e-02,-6.042075e-02,-5.418599e-02,-4.768860e-02,-5.259228e-02,-4.297018e-02,-4.961848e-03,-8.518577e-03,-4.065013e-02,-7.613111e-02,-7.447445e-02,-7.254100e-02,-7.236171e-02,-7.440925e-02,-7.577145e-02,-7.109356e-02,-6.936216e-02,-7.031214e-02,-6.130409e-02,-5.709493e-02,-5.869353e-02,-6.555319e-02,-6.530952e-02,-6.588149e-02,-5.858564e-02,
-5.712306e-02,-5.883253e-02,-5.682659e-02,-6.120718e-02,-6.864929e-02,-7.431304e-02,-7.339239e-02,-5.665541e-02,-5.676925e-02,-6.348908e-02,-6.829667e-02,-6.850564e-02,-6.826186e-02,-6.878507e-02,-7.086122e-02,-7.113409e-02,-6.571615e-02,-5.851316e-02,-4.395115e-02,-4.906428e-02,-4.703474e-02,-4.774165e-02,-4.758370e-02,-4.286742e-02,-5.777311e-02,-7.516110e-02,-6.960082e-02,-5.781949e-02,-5.988216e-02,-5.800581e-02,-6.280982e-02,-6.583226e-02,-7.000029e-02,-7.371414e-02,
-7.897186e-02,-8.034122e-02,-8.135200e-02,-8.693516e-02,-8.071780e-02,-8.066022e-02,-6.604910e-02,-5.532849e-02,-7.811511e-02,-8.266163e-02,-9.025133e-02,-7.341087e-02,-6.784010e-02,-6.689203e-02,-6.735623e-02,-7.499039e-02,-7.435834e-02,-6.817126e-02,-5.889392e-02,-6.001329e-02,-5.965364e-02,-6.477761e-02,-6.988120e-02,-6.695127e-02,
-7.147884e-02,-7.626104e-02,-7.754302e-02,-6.887794e-02,-7.081151e-02,-6.935441e-02,-7.117796e-02,-7.711995e-02,-8.016264e-02,-8.121812e-02,-7.937586e-02,-7.666183e-02,-6.824422e-02,-6.958115e-02,-6.704533e-02,-6.521237e-02,-7.559586e-02,-7.698274e-02,-7.489347e-02,-6.897914e-02,-6.668150e-02,
-7.223284e-02,-7.256615e-02,-7.622361e-02,-7.481837e-02,-7.585144e-02,-7.472241e-02,-7.500994e-02,-7.376838e-02,-7.899415e-02,-7.531023e-02,-7.557106e-02,-7.481980e-02,-7.354724e-02,-7.496750e-02,-6.936026e-02,-6.630850e-02,-6.311941e-02,-6.398058e-02,-6.649554e-02,-6.293476e-02,-6.512713e-02,-6.502688e-02,-6.456637e-02,
-9.335637e-02,-1.014760e-01,-9.517646e-02,-8.491600e-02,-6.643820e-02,-7.656384e-02,-6.835914e-02,-5.691528e-02,-2.121711e-02,-5.378044e-02,-7.373297e-02,-9.106731e-02,-9.317183e-02,-8.660483e-02,-8.406174e-02,-8.200216e-02,-8.323455e-02,-8.579254e-02,-8.141911e-02,-7.438660e-02,-7.675505e-02,
-9.942007e-02,-9.307122e-02,-7.181215e-02,-3.837788e-02,-2.446234e-02,-5.529928e-02,-9.681773e-02,-1.019874e-01,-1.064894e-01,-9.761095e-02,-9.710026e-02,-9.877586e-02,-9.729719e-02,-9.343815e-02,-9.016180e-02,-9.246445e-02,-9.930837e-02,-9.978402e-02,-9.373951e-02,
-6.369686e-02,-5.799651e-02,-5.337822e-02,-4.674363e-02,-4.399991e-02,-4.769206e-02,-6.005597e-02,-8.527958e-02,-9.711957e-02,-7.909787e-02,-5.634987e-02,-5.711555e-02,-5.469787e-02,-5.499423e-02,-5.509400e-02,-6.979907e-02,-8.097351e-02,-8.402979e-02,-6.664681e-02,-5.607319e-02,-5.200267e-02,-5.135322e-02,-5.331945e-02,-5.548680e-02,-6.330109e-02,-6.802809e-02,-6.873548e-02,-6.473589e-02,
-6.285977e-02,-6.197774e-02,-6.072974e-02,-6.033885e-02,-6.380630e-02,-6.296575e-02,-6.411099e-02,-6.475401e-02,-6.408715e-02,-6.774795e-02,-6.815863e-02,-6.940377e-02,-7.152247e-02,-6.960964e-02,-6.992674e-02,-6.840527e-02,-6.777990e-02,-6.850052e-02,-6.471884e-02,-5.894399e-02,-5.862641e-02,-5.669975e-02,-6.072068e-02,-6.519115e-02,
-6.287777e-02,-5.712223e-02,-5.965209e-02,-5.750668e-02,-6.377995e-02,-7.270002e-02,-7.579279e-02,-7.646859e-02,-7.519042e-02,-7.283854e-02,-7.198966e-02,-7.122374e-02,-7.013512e-02,-6.933033e-02,-6.483436e-02,-6.292558e-02,-6.145954e-02,-6.108785e-02,-5.947340e-02,-6.340194e-02,-6.571817e-02,-6.641567e-02,-5.697179e-02,-5.737841e-02,-5.979347e-02,
-1.031238e-01,-1.035578e-01,-9.299648e-02,-7.798207e-02,-3.836644e-02,-5.764818e-02,-8.613133e-02,-1.031828e-01,-1.005108e-01,-9.752309e-02,-9.857631e-02,-9.391105e-02,-9.543264e-02,-9.519553e-02,-9.345937e-02,-9.270489e-02,-9.212112e-02,-9.253299e-02,-8.954847e-02,-8.883584e-02,-9.050155e-02,-9.615695e-02,-9.243679e-02,-9.395170e-02,-8.865631e-02,-9.317350e-02,-9.512544e-02,-9.294891e-02,
-6.695950e-02,-6.526172e-02,-6.361461e-02,-6.618881e-02,-6.482279e-02,-6.697977e-02,-6.711173e-02,-7.036221e-02,-7.238090e-02,-6.536663e-02,-6.869864e-02,-6.550491e-02,-6.893468e-02,-6.793511e-02,-6.748700e-02,-6.892014e-02,-6.041741e-02,-6.050348e-02,-5.821335e-02,-6.104958e-02,-6.435919e-02,-7.146204e-02,
-9.120750e-02,-9.023619e-02,-9.249139e-02,-9.076476e-02,-8.613288e-02,-7.657993e-02,-7.652533e-02,-7.842076e-02,-8.724296e-02,-9.280670e-02,-9.746635e-02,-1.006687e-01,-9.796214e-02,-9.637833e-02,-7.779157e-02,-7.589805e-02,-7.617497e-02,-9.751010e-02,-1.001297e-01,-1.005098e-01,-9.968019e-02,-9.565520e-02,-9.236634e-02,-7.707274e-02,-7.679605e-02,-7.575977e-02,-8.642471e-02,-8.972454e-02,-9.206522e-02,-9.247875e-02,-8.832693e-02,-8.406317e-02,-8.098376e-02,-7.930899e-02,
-5.202806e-02,-5.754936e-02,-6.373668e-02,-6.398618e-02,-6.334579e-02,-5.715859e-02,-5.593407e-02,-5.493832e-02,-5.236042e-02,-5.166256e-02,-5.137205e-02,-5.124521e-02,-5.233920e-02,-5.315113e-02,-5.253637e-02,-5.335009e-02,-5.421305e-02,-5.522442e-02,-5.382657e-02,-5.392051e-02,-5.516553e-02,-5.750132e-02,-5.761385e-02,-5.417955e-02,-5.854118e-02,-5.922794e-02,-5.680704e-02,-5.777097e-02,-5.992842e-02,-6.302130e-02,-5.983603e-02,-5.582678e-02,
-8.615398e-02,-8.461118e-02,-8.681893e-02,-9.043729e-02,-9.404957e-02,-9.739912e-02,-9.538615e-02,-9.836006e-02,-9.745467e-02,-9.753287e-02,-9.444904e-02,-9.062326e-02,-8.921969e-02,-9.124982e-02,-9.070551e-02,-8.806050e-02,-8.937514e-02,-8.958733e-02,-8.803833e-02,-8.306944e-02,-8.327985e-02,-8.357823e-02,-8.340144e-02,-8.210826e-02,
-2.647305e-02,-2.320099e-02,-2.382505e-02,-2.651417e-02,-3.157890e-02,-3.326046e-02,-3.561568e-02,-3.703558e-02,-3.816199e-02,-3.999615e-02,-3.960884e-02,-3.951252e-02,-3.813386e-02,-3.671038e-02,-3.508687e-02,-3.249562e-02,-3.060877e-02,-2.889919e-02,-2.974069e-02,-3.190184e-02,-3.358793e-02,-3.398991e-02,-3.450942e-02,-3.400207e-02,-3.325677e-02,-3.241742e-02,-3.207541e-02,-3.239667e-02,-3.178024e-02,-3.184664e-02,-3.131413e-02,-3.095675e-02,-2.919543e-02,-2.508438e-02,-2.105629e-02,-1.848054e-02,-1.333940e-02,-1.572800e-02,-1.543701e-02,
-1.783383e-02,-2.207148e-02,-2.717710e-02,-2.537477e-02,-2.477396e-02,-2.710247e-02,-3.157914e-02,-3.416646e-02,-3.588676e-02,-3.759396e-02,-3.990972e-02,-4.103911e-02,-4.213881e-02,-4.520178e-02,-4.491568e-02,-4.488385e-02,-4.280710e-02,-4.170358e-02,-3.892267e-02,-3.925979e-02,-3.900301e-02,-4.042041e-02,-4.228497e-02,-4.383659e-02,-4.361093e-02,-4.512751e-02,-4.040778e-02,-3.501654e-02,-3.286123e-02,-2.851796e-02,-2.570808e-02,-2.609146e-02,-2.423143e-02,-1.927054e-02,-1.760209e-02,-1.188886e-02,-1.006198e-02,-1.021945e-02,-9.853125e-03,
-6.589341e-02,-6.225169e-02,-5.853796e-02,-7.168674e-02,-7.131696e-02,-7.975388e-02,-8.378720e-02,-7.973397e-02,-7.524776e-02,-7.385516e-02,-7.443035e-02,-7.309556e-02,-7.758808e-02,-7.242537e-02,-7.051015e-02,-6.632638e-02,-6.276917e-02,-6.265318e-02,-6.602311e-02,-6.694007e-02,-6.398690e-02,-6.079972e-02,-5.727136e-02,-6.290758e-02,-6.422758e-02,
-6.200755e-02,-6.910300e-02,-8.474159e-02,-7.419848e-02,-7.159829e-02,-7.198548e-02,-7.970870e-02,-7.658029e-02,-9.336269e-02,-9.051394e-02,-8.411419e-02,-7.637703e-02,-7.492113e-02,-7.539475e-02,-7.799733e-02,-7.804251e-02,-7.789707e-02,-7.661068e-02,-7.699966e-02,-7.672608e-02,-7.543778e-02,-7.351232e-02,-7.039666e-02,-6.581819e-02,-6.557727e-02,-6.317961e-02,-6.281400e-02,-6.340551e-02,-6.337965e-02,-6.377721e-02,-6.061697e-02,
-1.583099e-02,-1.767838e-02,-2.333164e-02,-2.113521e-02,-2.118123e-02,-2.321470e-02,-2.827883e-02,-2.921379e-02,-3.176606e-02,-3.439498e-02,-3.703403e-02,-3.831124e-02,-3.818119e-02,-3.533006e-02,-2.979934e-02,-2.580404e-02,-2.492440e-02,-2.490652e-02,-2.831435e-02,-3.138018e-02,-3.402209e-02,-3.528368e-02,-3.400397e-02,-3.164184e-02,-2.981400e-02,-2.728379e-02,-2.660930e-02,-2.525771e-02,-2.226627e-02,-2.481663e-02,-2.252746e-02,-1.935041e-02,-1.243937e-02,-1.160502e-02,-1.087594e-02,-1.045406e-02,-1.047695e-02,
-6.879449e-02,-7.076180e-02,-7.188082e-02,-7.174385e-02,-7.406592e-02,-7.449663e-02,-7.195449e-02,-7.247126e-02,-7.438636e-02,-7.537603e-02,-7.490385e-02,-7.574821e-02,-7.649851e-02,-7.506108e-02,-7.501626e-02,-7.235265e-02,-7.222843e-02,-7.077360e-02,-7.268798e-02,-7.263541e-02,-7.011938e-02,-6.859958e-02,-6.692648e-02,-6.760955e-02,-7.012796e-02,-6.963038e-02,
-7.015133e-02,-7.070601e-02,-6.530750e-02,-6.342578e-02,-7.355034e-02,-7.039618e-02,-7.343757e-02,-7.557094e-02,-7.344699e-02,-6.986928e-02,-7.364738e-02,-7.300210e-02,-7.600689e-02,-7.650411e-02,-7.408583e-02,-7.233167e-02,-7.433856e-02,-7.345927e-02,-7.091141e-02,-7.065046e-02,-7.064080e-02,-6.784284e-02,-6.828177e-02,-6.703198e-02,-6.458032e-02,
-8.706892e-02,-8.888245e-02,-8.921814e-02,-9.236145e-02,-9.353316e-02,-9.393036e-02,-9.304571e-02,-9.538662e-02,-9.665906e-02,-9.503138e-02,-9.382868e-02,-8.971238e-02,-8.925378e-02,-8.826673e-02,-8.677936e-02,-8.721340e-02,-8.845460e-02,-8.706474e-02,-8.959007e-02,-8.808637e-02,-8.914232e-02,
-7.319701e-02,-7.516694e-02,-7.719958e-02,-8.059585e-02,-8.280873e-02,-8.436131e-02,-8.477664e-02,-8.365726e-02,-8.702123e-02,-8.298302e-02,-8.496523e-02,-9.060895e-02,-8.992612e-02,-8.765483e-02,-8.471882e-02,-8.542824e-02,-8.385289e-02,-8.157158e-02,-8.071530e-02,-7.913959e-02,-8.172655e-02,-8.074069e-02,
-5.761790e-02,-6.113005e-02,-6.413138e-02,-6.129730e-02,-6.495321e-02,-5.790544e-02,-6.194997e-02,-6.666172e-02,-6.388700e-02,-6.686985e-02,-6.579983e-02,-6.916225e-02,-7.163203e-02,-7.052076e-02,-6.944335e-02,-6.542063e-02,-6.320715e-02,-6.193876e-02,-6.303334e-02,-6.573510e-02,-6.589639e-02,-6.569588e-02,-6.349957e-02,-6.285667e-02,-6.246042e-02,
-1.981103e-02,-2.091014e-02,-2.413225e-02,-3.287792e-02,-2.995813e-02,-3.273642e-02,-3.078890e-02,-3.306961e-02,-3.319466e-02,-3.626919e-02,-3.917074e-02,-4.155242e-02,-4.262936e-02,-4.369545e-02,-4.301262e-02,-4.004502e-02,-3.462541e-02,-3.061759e-02,-3.022146e-02,-2.893043e-02,-3.072071e-02,-3.314519e-02,-3.574836e-02,-3.956640e-02,-4.017138e-02,-3.898740e-02,-3.710341e-02,-3.313243e-02,-3.047681e-02,-2.879226e-02,-2.824926e-02,-2.806437e-02,-2.558029e-02,-2.419531e-02,-2.167547e-02,-1.662052e-02,-2.129018e-02,-2.155852e-02,
-9.848750e-02,-9.680319e-02,-9.496701e-02,-8.968365e-02,-8.696818e-02,-8.448553e-02,-8.342838e-02,-8.306968e-02,-8.583903e-02,-9.309614e-02,-9.124947e-02,-8.871233e-02,-8.645105e-02,-8.544075e-02,-8.471203e-02,-8.425915e-02,-8.741534e-02,-9.258294e-02,-9.617496e-02,-9.339595e-02,-9.148800e-02,-9.007311e-02,
-6.398797e-02,-6.511414e-02,-6.773722e-02,-6.960988e-02,-7.152510e-02,-7.183874e-02,-6.910574e-02,-7.023835e-02,-7.471776e-02,-7.771885e-02,-7.970297e-02,-8.046150e-02,-8.030856e-02,-7.792091e-02,-7.791603e-02,-7.741523e-02,-7.549739e-02,-7.206964e-02,-6.778848e-02,-6.501412e-02,-6.437516e-02,-6.462562e-02,-6.563187e-02,-6.764984e-02,-6.670189e-02,-6.506753e-02,-6.381583e-02,-6.280458e-02,-6.250262e-02,
-6.147790e-02,-7.095039e-02,-7.613444e-02,-8.431327e-02,-8.658433e-02,-8.223546e-02,-8.476293e-02,-5.152225e-02,-7.410717e-02,-1.114326e-01,-1.430532e-01,-1.229879e-01,-1.067195e-01,-7.475317e-02,-8.378530e-02,-9.791577e-02,-1.074650e-01,-8.973587e-02,-7.824814e-02,-6.454563e-02,-7.362258e-02,-9.032106e-02,-9.794521e-02,-8.300340e-02,-6.882179e-02,-6.829393e-02,-7.070875e-02,-6.696761e-02,-6.666851e-02,-6.986284e-02,
-6.265485e-02,-4.684663e-02,-1.053452e-02,-4.220283e-02,-6.413734e-02,-8.470964e-02,-7.862043e-02,-7.239056e-02,-6.507945e-02,-6.678498e-02,-6.549180e-02,-6.827283e-02,-6.294632e-02,-6.368351e-02,-7.249582e-02,-7.737207e-02,-7.650805e-02,-7.583690e-02,-7.276201e-02,-6.753230e-02,-6.477642e-02,-6.645608e-02,-6.950855e-02,
-8.227706e-02,-8.010602e-02,-7.843018e-02,-7.805645e-02,-7.977509e-02,-7.695067e-02,-7.597613e-02,-7.844770e-02,-8.249235e-02,-8.272314e-02,-8.120608e-02,-7.663000e-02,-7.683766e-02,-7.705700e-02,-8.120131e-02,-8.156681e-02,-8.144927e-02,-8.158314e-02,-7.980168e-02,-8.319545e-02,
-7.626772e-02,-7.686388e-02,-7.641160e-02,-8.094287e-02,-8.453321e-02,-8.514702e-02,-8.598483e-02,-8.844650e-02,-8.826792e-02,-8.665764e-02,-8.423257e-02,-7.944906e-02,-7.643640e-02,-7.639945e-02,-7.723403e-02,-8.068550e-02,-8.047020e-02,-7.813656e-02,-7.746160e-02,-7.850575e-02,-7.351220e-02,-7.389951e-02,-7.369733e-02,-7.359290e-02,-7.092357e-02,-7.179475e-02,
-6.972265e-02,-7.425439e-02,-6.932664e-02,-6.910777e-02,-6.931591e-02,-7.800567e-02,-6.859183e-02,-6.177652e-02,-6.375372e-02,-8.171296e-02,-1.027946e-01,-8.080900e-02,-8.237076e-02,-8.304667e-02,-9.706211e-02,-8.034551e-02,-6.633449e-02,-6.266594e-02,-7.602751e-02,-8.672559e-02,-7.339442e-02,-6.613350e-02,-6.515026e-02,-7.384336e-02,-6.919885e-02,-6.156600e-02,-6.068540e-02,
-6.438506e-02,-6.670320e-02,-7.437122e-02,-8.074343e-02,-7.837260e-02,-8.199108e-02,-4.948652e-02,-4.921746e-02,-4.778659e-02,-6.092012e-02,-7.813966e-02,-8.338690e-02,-8.155787e-02,-7.394981e-02,-6.869698e-02,-6.116915e-02,-5.362213e-02,-5.025041e-02,-6.797659e-02,-7.801187e-02,-8.041644e-02,-7.634008e-02,-7.332599e-02,-7.272387e-02,-7.618940e-02,-6.580591e-02,-6.388628e-02,-7.354844e-02,
-7.313228e-02,-7.736492e-02,-8.146203e-02,-8.509541e-02,-7.985485e-02,-7.228112e-02,-6.677198e-02,-6.720138e-02,-7.264209e-02,-7.205224e-02,-7.205296e-02,-7.113039e-02,-7.144034e-02,-6.746006e-02,-6.881523e-02,-7.269788e-02,-7.163155e-02,-7.623351e-02,-7.407665e-02,-7.058120e-02,-6.749964e-02,-6.962550e-02,-7.077336e-02,-6.923699e-02,-6.493425e-02,-6.067288e-02,-5.825138e-02,-5.992579e-02,-6.905472e-02,-7.165694e-02,-7.140195e-02,-6.648648e-02,-7.276237e-02,-6.580007e-02,-6.706572e-02,
-8.036816e-02,-7.843232e-02,-7.791209e-02,-8.079946e-02,-8.586299e-02,-8.726168e-02,-8.916438e-02,-8.935499e-02,-9.228396e-02,-9.215927e-02,-8.902681e-02,-8.735323e-02,-8.207774e-02,-8.156407e-02,-8.431828e-02,-8.428097e-02,-8.512557e-02,-8.441532e-02,-8.365476e-02,-8.028841e-02,-7.990861e-02,-7.779527e-02,-7.739067e-02,-7.885909e-02,-7.779765e-02,
-6.564629e-02,-7.164276e-02,-7.431221e-02,-7.316554e-02,-8.214927e-02,-7.824194e-02,-7.455528e-02,-6.227446e-02,-8.034337e-02,-8.022773e-02,-1.029079e-01,-9.425390e-02,-9.959602e-02,-9.361541e-02,-8.555746e-02,-6.547368e-02,-6.964159e-02,-6.622469e-02,-7.387829e-02,-6.760418e-02,-6.315148e-02,-6.278360e-02,-6.959736e-02,-6.959105e-02,-8.900106e-02,-8.741879e-02,-8.172870e-02,-6.743014e-02,-7.095289e-02,
-7.367694e-02,-7.575440e-02,-7.415271e-02,-7.075000e-02,-7.930934e-02,-8.366156e-02,-8.529150e-02,-7.010806e-02,-6.752241e-02,-8.434343e-02,-1.030792e-01,-1.179047e-01,-1.188532e-01,-9.644508e-02,-6.681764e-02,-7.382679e-02,-6.362689e-02,-8.867943e-02,-9.757078e-02,-9.054375e-02,-5.610240e-02,-4.862881e-02,-6.379998e-02,-8.535242e-02,-9.231985e-02,-8.878207e-02,-8.661377e-02,-8.701408e-02,-8.319056e-02,-7.567310e-02,-7.336998e-02,-7.182670e-02,-8.402991e-02,
-8.543968e-02,-8.585334e-02,-8.511102e-02,-8.676314e-02,-9.437442e-02,-9.671116e-02,-1.016166e-01,-1.006119e-01,-1.042383e-01,-1.040930e-01,-1.024244e-01,-1.013405e-01,-9.634566e-02,-9.214473e-02,-9.436393e-02,-9.044468e-02,-9.039915e-02,-9.128630e-02,-8.718002e-02,-9.195530e-02,-8.183300e-02,-8.236372e-02,-8.307123e-02,-8.100986e-02,
-9.498274e-02,-9.588468e-02,-9.216678e-02,-9.248722e-02,-8.545947e-02,-8.491027e-02,-7.118857e-02,-7.116246e-02,-7.517815e-02,-1.002131e-01,-9.783721e-02,-9.287167e-02,-8.839881e-02,-8.448613e-02,-8.309591e-02,-7.907629e-02,-8.167517e-02,-8.658051e-02,-9.134519e-02,-9.285402e-02,-9.042454e-02,-8.655858e-02,-8.278298e-02,-8.215725e-02,-7.992578e-02,
-6.098247e-02,-6.482863e-02,-6.865656e-02,-6.040263e-02,-5.751371e-02,-5.455840e-02,-5.372596e-02,-6.169355e-02,-6.803405e-02,-7.350767e-02,-7.017255e-02,-7.254732e-02,-8.429801e-02,-7.450879e-02,-6.180966e-02,-3.375220e-02,-5.848849e-02,-8.026135e-02,-9.308875e-02,-6.969476e-02,-6.126297e-02,-5.823171e-02,-6.094825e-02,-5.416465e-02,-5.047297e-02,-5.360520e-02,-6.313157e-02,-6.546998e-02,-6.707561e-02,-7.037354e-02,-6.811011e-02,
-6.613398e-02,-6.881547e-02,-7.215929e-02,-6.828690e-02,-6.885099e-02,-6.822431e-02,-6.713796e-02,-6.842911e-02,-7.034743e-02,-6.924236e-02,-6.932664e-02,-6.980336e-02,-6.994390e-02,-6.396520e-02,-6.386256e-02,-6.258869e-02,-6.056464e-02,-6.076777e-02,-6.218767e-02,-6.372249e-02,-6.719816e-02,-6.925488e-02,-6.812513e-02,-6.793332e-02,-6.790781e-02,
-8.222079e-02,-8.624792e-02,-8.694994e-02,-8.746195e-02,-8.949232e-02,-6.515932e-02,-8.405805e-02,-7.619786e-02,-8.778119e-02,-7.861042e-02,-7.087255e-02,-5.299723e-02,-8.454549e-02,-8.521414e-02,-9.924769e-02,-9.047544e-02,-9.162629e-02,-6.680691e-02,-7.348979e-02,-6.975925e-02,-9.356308e-02,-9.167778e-02,-9.313953e-02,-8.543301e-02,-8.075976e-02,-9.109879e-02,-9.110105e-02,-9.197414e-02,-8.753562e-02,-8.399475e-02,-7.912171e-02,
-6.187689e-02,-6.390393e-02,-6.944704e-02,-7.609439e-02,-7.862210e-02,-7.548094e-02,-7.634199e-02,-6.726635e-02,-6.918073e-02,-7.583296e-02,-8.231473e-02,-8.195651e-02,-7.824218e-02,-7.619977e-02,-7.616997e-02,-7.575059e-02,-7.648671e-02,-7.203436e-02,-7.243490e-02,-7.131648e-02,-7.044864e-02,-6.952071e-02,-6.843698e-02,-7.019877e-02,-6.860113e-02,-6.458640e-02,-6.252646e-02,-6.699383e-02,-6.846309e-02,-6.850946e-02,-6.621170e-02,
-5.774033e-02,-5.889726e-02,-5.889583e-02,-6.353962e-02,-6.326151e-02,-6.071067e-02,-5.863976e-02,-6.846523e-02,-6.266296e-02,-6.604636e-02,-6.906664e-02,-6.827044e-02,-6.821203e-02,-6.897914e-02,-6.744695e-02,-6.526434e-02,-6.404579e-02,-6.386662e-02,-6.569529e-02,-6.466365e-02,-6.452751e-02,-6.322229e-02,-6.264627e-02,-6.179357e-02,-5.881977e-02,-5.990124e-02,-5.995202e-02,-6.045616e-02,-5.874538e-02,-5.667996e-02,
-1.628339e-02,-1.812828e-02,-2.057695e-02,-2.813649e-02,-2.858484e-02,-2.474689e-02,-2.264035e-02,-2.740943e-02,-3.127396e-02,-3.662682e-02,-4.028678e-02,-4.363799e-02,-4.503560e-02,-4.392087e-02,-4.158032e-02,-3.713393e-02,-3.305626e-02,-3.068638e-02,-3.085756e-02,-3.333139e-02,-3.556573e-02,-3.714657e-02,-3.905892e-02,-3.830254e-02,-3.479481e-02,-3.197217e-02,-2.921212e-02,-2.606583e-02,-2.519381e-02,-2.427435e-02,-2.537167e-02,-2.803278e-02,-2.302337e-02,
-2.026451e-02,-2.122569e-02,-2.420127e-02,-2.291262e-02,-2.526677e-02,-2.650595e-02,-2.893984e-02,-3.186750e-02,-3.482878e-02,-3.739989e-02,-4.027236e-02,-3.875804e-02,-3.757870e-02,-3.323376e-02,-3.147626e-02,-3.063905e-02,-2.977979e-02,-3.302336e-02,-3.627181e-02,-3.798866e-02,-3.766322e-02,-3.736401e-02,-3.467000e-02,-3.155971e-02,-3.027880e-02,-2.723694e-02,-2.473521e-02,-2.208197e-02,-2.019906e-02,-1.933539e-02,-1.296568e-02,-1.202369e-02,
-2.852058e-02,-2.884483e-02,-2.983356e-02,-2.955961e-02,-3.410792e-02,-3.680003e-02,-3.769827e-02,-3.946412e-02,-4.057133e-02,-4.122317e-02,-4.195464e-02,-4.438734e-02,-4.557180e-02,-4.561841e-02,-4.204869e-02,-3.978884e-02,-3.713715e-02,-3.558075e-02,-3.536284e-02,-3.712130e-02,-3.915370e-02,-4.000950e-02,-4.111683e-02,-4.060781e-02,-3.585613e-02,-3.212905e-02,-2.724791e-02,-2.301610e-02,-2.029359e-02,-2.164841e-02,-1.911318e-02,
-8.847916e-02,-8.833933e-02,-8.889163e-02,-9.160948e-02,-9.848392e-02,-1.004981e-01,-1.050600e-01,-1.088699e-01,-1.056726e-01,-1.046128e-01,-1.004828e-01,-9.280169e-02,-9.144115e-02,-8.978236e-02,-9.069145e-02,-9.054887e-02,-9.264624e-02,-9.082925e-02,-9.214783e-02,-8.968627e-02,-8.704937e-02,-9.111333e-02,-8.584046e-02,-8.770251e-02,-8.102906e-02,-8.053148e-02,
-1.947558e-02,-1.950407e-02,-2.171636e-02,-1.821899e-02,-2.476716e-02,-3.058052e-02,-3.289413e-02,-3.761518e-02,-4.176915e-02,-4.606843e-02,-5.171072e-02,-5.114233e-02,-4.850924e-02,-4.694998e-02,-3.973329e-02,-3.839266e-02,-4.095864e-02,-4.241753e-02,-4.684961e-02,-5.051947e-02,-5.208051e-02,-5.120111e-02,-5.049002e-02,-4.690337e-02,-4.698789e-02,-4.459155e-02,-4.336667e-02,-4.443049e-02,-4.396510e-02,-4.783726e-02,-5.291069e-02,-5.336678e-02,-5.261922e-02,-4.391885e-02,-4.020929e-02,-4.016137e-02,-4.074764e-02,-4.010653e-02,-3.931725e-02,-3.764629e-02,-3.893709e-02,-3.405309e-02,
-7.120109e-02,-7.423770e-02,-7.685566e-02,-7.859743e-02,-7.620549e-02,-7.901967e-02,-7.917202e-02,-8.310485e-02,-8.524203e-02,-8.128393e-02,-7.594681e-02,-7.653296e-02,-8.047497e-02,-7.735050e-02,-7.831132e-02,-7.889783e-02,-7.824540e-02,-7.888794e-02,-8.053184e-02,-7.954133e-02,-7.701826e-02,-7.789695e-02,-7.571959e-02,-7.243764e-02,-7.271314e-02,
-5.169284e-02,-5.643511e-02,-6.382501e-02,-7.160497e-02,-7.597125e-02,-7.153130e-02,-6.128955e-02,-6.132233e-02,-6.004179e-02,-7.442546e-02,-8.479309e-02,-8.449852e-02,-7.880700e-02,-7.372630e-02,-6.956339e-02,-7.280481e-02,-7.400250e-02,-7.546079e-02,-7.490242e-02,-7.400262e-02,-7.323325e-02,-7.375610e-02,-7.508922e-02,-7.447541e-02,-7.202792e-02,-6.725740e-02,-6.281209e-02,-6.183684e-02,-6.299722e-02,-6.523430e-02,-6.731081e-02,-5.903637e-02,
-5.532122e-02,-6.145608e-02,-6.233478e-02,-6.663215e-02,-6.622994e-02,-6.898046e-02,-5.555069e-02,-6.625021e-02,-6.312716e-02,-7.423413e-02,-6.737089e-02,-6.833208e-02,-6.172311e-02,-6.178129e-02,-6.331527e-02,-6.139779e-02,-6.370819e-02,-6.099212e-02,-5.839336e-02,-5.790150e-02,-5.800784e-02,-5.848646e-02,-6.156015e-02,-6.225860e-02,-5.385530e-02,-5.334067e-02,
-1.799154e-02,-2.761197e-02,-2.551091e-02,-2.562022e-02,-2.651393e-02,-3.162432e-02,-3.549349e-02,-3.764904e-02,-4.204965e-02,-4.590416e-02,-4.765201e-02,-4.744661e-02,-4.559779e-02,-4.174101e-02,-4.065776e-02,-3.995836e-02,-3.741455e-02,-4.046619e-02,-4.518151e-02,-4.054952e-02,-3.879642e-02,-3.695071e-02,-3.068209e-02,-2.510107e-02,-1.904404e-02,-1.894712e-02,-1.189756e-02,-1.041758e-02,
-2.403295e-02,-2.603674e-02,-2.907932e-02,-2.364695e-02,-2.287865e-02,-2.791142e-02,-3.396010e-02,-3.781283e-02,-4.213059e-02,-4.297638e-02,-4.287159e-02,-4.124951e-02,-3.907895e-02,-3.659236e-02,-3.378367e-02,-3.208041e-02,-3.330135e-02,-3.742790e-02,-3.914475e-02,-4.128051e-02,-4.440391e-02,-4.411530e-02,-4.380381e-02,-4.308558e-02,-3.779554e-02,-3.566456e-02,-3.446078e-02,-3.334236e-02,-3.538573e-02,-3.488290e-02,-3.552318e-02,-3.371680e-02,-3.256619e-02,-3.073680e-02,-3.003645e-02,
-6.599331e-02,-6.145704e-02,-5.728614e-02,-5.545902e-02,-5.507755e-02,-5.798531e-02,-5.715013e-02,-6.248581e-02,-6.489599e-02,-6.602252e-02,-6.975031e-02,-6.443477e-02,-6.245875e-02,-6.366432e-02,-6.463695e-02,-6.444514e-02,-6.290162e-02,-5.969346e-02,-5.951142e-02,-6.174338e-02,-5.957496e-02,-5.926597e-02,-5.572820e-02,-6.169653e-02,-6.498480e-02,-6.688261e-02,-6.646919e-02,-6.524444e-02,
-7.189643e-02,-7.771182e-02,-7.781971e-02,-7.604980e-02,-6.813383e-02,-7.278609e-02,-7.911694e-02,-8.046556e-02,-8.280408e-02,-8.624923e-02,-8.745575e-02,-8.560371e-02,-7.976305e-02,-7.332027e-02,-7.292199e-02,-7.222307e-02,-7.190478e-02,-7.418990e-02,-7.599521e-02,-8.083963e-02,-8.227241e-02,-7.846498e-02,-7.826960e-02,-8.153498e-02,-9.087992e-02,-9.366584e-02,-9.493208e-02,-9.075654e-02,-8.305347e-02,-7.958102e-02,-7.858109e-02,-7.699096e-02,-7.787275e-02,-8.226609e-02,-7.814193e-02,
-9.013176e-02,-9.001637e-02,-8.809912e-02,-8.111632e-02,-8.165920e-02,-8.410013e-02,-8.711112e-02,-8.537579e-02,-8.488572e-02,-8.718610e-02,-8.128405e-02,-7.845414e-02,-7.537866e-02,-7.016683e-02,-6.788111e-02,-7.080257e-02,-7.339835e-02,-7.423449e-02,-7.676578e-02,-7.331085e-02,-8.200407e-02,-8.376396e-02,-8.344388e-02,-8.432138e-02,-8.964312e-02,-9.252799e-02,-9.681594e-02,-9.307003e-02,-8.403373e-02,-8.316636e-02,-8.212829e-02,-8.054423e-02,-7.752597e-02,
-9.065151e-02,-8.733475e-02,-8.325768e-02,-7.721746e-02,-7.893348e-02,-8.339584e-02,-8.626390e-02,-9.158981e-02,-9.619105e-02,-9.800947e-02,-9.956908e-02,-9.960699e-02,-9.598303e-02,-9.552562e-02,-9.486818e-02,-9.255648e-02,-8.907747e-02,-8.378899e-02,-8.541512e-02,-8.760464e-02,-9.109902e-02,-9.415877e-02,-9.243441e-02,-8.876812e-02,-8.722436e-02,-8.605909e-02,-8.650112e-02,
-7.958961e-02,-8.496833e-02,-7.506049e-02,-6.819367e-02,-6.612039e-02,-6.917059e-02,-7.067490e-02,-7.302487e-02,-7.260227e-02,-7.139754e-02,-6.979489e-02,-7.049835e-02,-6.590533e-02,-6.227672e-02,-6.531739e-02,-6.997347e-02,-6.951296e-02,
-4.648113e-02,-4.845619e-02,-5.545664e-02,-6.124103e-02,-6.121171e-02,-5.628836e-02,-4.939556e-02,-4.579926e-02,-4.501498e-02,-4.983056e-02,-5.822372e-02,-6.159616e-02,-6.038320e-02,-6.024742e-02,-5.226827e-02,-5.301154e-02,-4.948950e-02,-5.690384e-02,-5.173409e-02,-4.880214e-02,-4.124963e-02,-3.790796e-02,-2.925372e-02,-3.767216e-02,-5.181992e-02,-5.756986e-02,-5.853057e-02,-6.096244e-02,-6.819963e-02,-7.275665e-02,-7.106864e-02,-6.864858e-02,-6.816459e-02,-6.415641e-02,-5.822253e-02,
-7.397079e-02,-7.025886e-02,-6.887221e-02,-6.828535e-02,-7.212090e-02,-6.679535e-02,-6.099963e-02,-6.191039e-02,-6.586432e-02,-7.433116e-02,-7.715559e-02,-7.328999e-02,-6.878161e-02,-6.664312e-02,-6.665242e-02,-6.879795e-02,-7.032752e-02,-7.128072e-02,-7.430315e-02,-7.350779e-02,-7.193530e-02,
-7.639301e-02,-7.794917e-02,-8.157039e-02,-7.553530e-02,-6.927335e-02,-6.471074e-02,-6.654072e-02,-6.810129e-02,-7.152748e-02,-7.025576e-02,-7.144892e-02,-6.785226e-02,-6.569993e-02,-6.225014e-02,-6.360245e-02,-6.792951e-02,-7.241583e-02,-7.290483e-02,-7.336617e-02,-7.194459e-02,
-7.310879e-02,-7.478571e-02,-7.791674e-02,-8.175850e-02,-7.252848e-02,-6.465352e-02,-6.108856e-02,-6.479514e-02,-6.697834e-02,-7.306886e-02,-7.041264e-02,-7.066679e-02,-6.599462e-02,-6.333244e-02,-6.280291e-02,-6.565034e-02,-7.065439e-02,-7.546103e-02,-7.478535e-02,
-6.849587e-02,-7.034516e-02,-7.354391e-02,-7.628143e-02,-7.806551e-02,-7.698095e-02,-7.382166e-02,-7.402003e-02,-7.923400e-02,-8.457601e-02,-8.354795e-02,-8.349109e-02,-8.555925e-02,-8.676159e-02,-8.708739e-02,-8.475649e-02,-8.278620e-02,-8.442950e-02,-8.611143e-02,-8.672655e-02,-8.920586e-02,-8.934510e-02,-9.089649e-02,-8.785188e-02,-8.447421e-02,-8.333242e-02,-8.596861e-02,-9.080756e-02,-9.402096e-02,-9.626222e-02,-1.004219e-01,-9.965491e-02,-9.678984e-02,-9.134305e-02,-8.796728e-02,-9.433568e-02,-9.800351e-02,-9.898055e-02,-1.008261e-01,-9.580803e-02,-8.992612e-02,-8.851755e-02,-8.421016e-02,
-5.394959e-02,-5.413795e-02,-5.472302e-02,-5.700040e-02,-6.846070e-02,-7.321906e-02,-7.625782e-02,-8.103693e-02,-8.505929e-02,-8.669114e-02,-8.436513e-02,-7.872069e-02,-7.873034e-02,-8.335793e-02,-7.920313e-02,-7.990158e-02,-7.937968e-02,-7.174659e-02,-6.705940e-02,-6.258428e-02,-6.380546e-02,-6.398261e-02,-6.382096e-02,
-7.203984e-02,-7.139075e-02,-7.269192e-02,-7.412457e-02,-7.638395e-02,-7.992089e-02,-7.927525e-02,-8.303356e-02,-8.764887e-02,-8.952713e-02,-9.086287e-02,-8.940578e-02,-8.354211e-02,-8.168483e-02,-7.850599e-02,-7.524538e-02,-7.269216e-02,-7.208884e-02,-6.848168e-02,-6.796980e-02,-6.961596e-02,-6.890082e-02,-6.920385e-02,-6.596339e-02,-6.794965e-02,-6.727934e-02,-6.807482e-02,-6.747377e-02,-7.296991e-02,-7.788217e-02,-7.932961e-02,-8.311415e-02,-8.312821e-02,-8.162010e-02,
-8.054888e-02,-7.978988e-02,-7.794046e-02,-7.482362e-02,-7.247138e-02,-7.145810e-02,-6.779826e-02,-6.916201e-02,-7.541561e-02,-7.861519e-02,-7.726872e-02,-7.263184e-02,-7.085204e-02,-6.867170e-02,-6.810641e-02,-6.803489e-02,-7.011104e-02,-7.032967e-02,-6.991506e-02,-6.955481e-02,-6.886017e-02,-6.888986e-02,-6.733024e-02,-6.804097e-02,-7.333267e-02,-7.710016e-02,-7.791126e-02,
-8.937466e-02,-9.324372e-02,-9.418452e-02,-8.911240e-02,-8.553350e-02,-7.993495e-02,-8.421075e-02,-8.202600e-02,-8.321428e-02,-9.245491e-02,-9.546530e-02,-9.719908e-02,-9.646559e-02,-9.331441e-02,-9.383404e-02,-9.207022e-02,-8.846200e-02,-8.499587e-02,-8.818722e-02,-8.627582e-02,-8.747017e-02,-9.483922e-02,-9.416914e-02,-8.899474e-02,-8.822703e-02,-8.823133e-02,-8.992028e-02,-9.163988e-02,
-5.961680e-02,-5.574059e-02,-5.525589e-02,-5.383360e-02,-5.509365e-02,-5.829501e-02,-5.702055e-02,-5.728304e-02,-5.613124e-02,-5.217016e-02,-4.931414e-02,-4.688632e-02,-4.626620e-02,-4.440975e-02,-4.458106e-02,-4.229069e-02,-4.096127e-02,-4.248667e-02,-4.173160e-02,-4.430532e-02,-4.889202e-02,-5.171740e-02,-5.277216e-02,
-5.421126e-02,-4.866278e-02,-4.558337e-02,-4.929256e-02,-5.175090e-02,-5.440128e-02,-5.636823e-02,-5.633247e-02,-5.640435e-02,-5.595601e-02,-5.161548e-02,-5.108273e-02,-5.169368e-02,-5.327177e-02,-5.462623e-02,-5.535626e-02,-5.424881e-02,-5.271339e-02,-5.179119e-02,-5.186677e-02,-5.251801e-02,-5.336547e-02,-5.337548e-02,
-6.736159e-02,-6.436837e-02,-6.320786e-02,-6.459630e-02,-6.603038e-02,-7.044554e-02,-7.230341e-02,-7.367396e-02,-7.229376e-02,-6.757486e-02,-6.284022e-02,-6.320643e-02,-6.264627e-02,-6.012321e-02,-5.792820e-02,-5.692244e-02,-5.643594e-02,-5.592942e-02,-5.603492e-02,-5.603588e-02,-5.795729e-02,-6.008816e-02,-6.238842e-02,-6.234217e-02,-6.501269e-02,-6.597590e-02,
-1.384997e-02,-2.041304e-02,-1.930630e-02,-2.186894e-02,-2.478337e-02,-2.880239e-02,-3.853405e-02,-4.431319e-02,-4.852450e-02,-4.949737e-02,-4.972589e-02,-4.929280e-02,-4.965687e-02,-4.908693e-02,-4.618979e-02,-4.346764e-02,-4.179645e-02,-3.673172e-02,-3.129303e-02,-2.569461e-02,-2.291799e-02,-1.505244e-02,-1.278329e-02,-7.361174e-03,-9.366870e-03,-8.698106e-03,
-7.400358e-02,-7.475638e-02,-7.298517e-02,-7.287657e-02,-7.372594e-02,-7.619870e-02,-7.535267e-02,-7.387745e-02,-6.957936e-02,-6.872082e-02,-7.534528e-02,-7.472086e-02,-7.366216e-02,-6.666994e-02,-6.424701e-02,-6.559110e-02,-6.410944e-02,-6.362009e-02,-6.686878e-02,-7.460523e-02,-7.780266e-02,-7.763767e-02,-7.375538e-02,-7.576215e-02,-7.512128e-02,-7.653785e-02,-7.648599e-02,-7.771218e-02,
-6.475687e-02,-6.370127e-02,-6.425309e-02,-5.912495e-02,-5.534029e-02,-5.726552e-02,-5.473220e-02,-5.962420e-02,-6.274903e-02,-6.652009e-02,-6.911397e-02,-6.702018e-02,-6.494343e-02,-6.147182e-02,-6.171310e-02,-5.966902e-02,-5.887389e-02,-5.688858e-02,-6.158364e-02,-6.299067e-02,-6.378627e-02,
-2.182150e-02,-2.338648e-02,-2.244413e-02,-2.912092e-02,-3.462410e-02,-4.271412e-02,-4.777753e-02,-5.063117e-02,-5.219245e-02,-5.061734e-02,-4.967773e-02,-5.028415e-02,-5.048430e-02,-5.086064e-02,-5.065691e-02,-5.072594e-02,-4.814994e-02,-4.520595e-02,-4.423940e-02,-3.958070e-02,-3.386962e-02,-2.851939e-02,-2.432597e-02,-1.912725e-02,-1.755416e-02,-1.242352e-02,-1.485717e-02,
-5.715990e-02,-5.601859e-02,-5.803907e-02,-5.818331e-02,-6.007719e-02,-6.193709e-02,-6.109524e-02,-5.953324e-02,-5.868363e-02,-5.713415e-02,-5.221093e-02,-4.854476e-02,-4.910553e-02,-4.807448e-02,-4.674613e-02,-4.692984e-02,-4.790998e-02,-4.686189e-02,-4.818904e-02,-5.221558e-02,-5.620861e-02,-5.919838e-02,-5.922055e-02,
-6.395590e-02,-5.942154e-02,-5.590665e-02,-5.667627e-02,-5.723917e-02,-5.940902e-02,-6.361353e-02,-6.524396e-02,-6.610930e-02,-6.510985e-02,-6.174326e-02,-5.663133e-02,-5.480564e-02,-5.565381e-02,-5.350518e-02,-5.173016e-02,-5.085099e-02,-5.128586e-02,-5.010712e-02,-4.929471e-02,-4.923844e-02,-4.917884e-02,-4.832518e-02,-4.622304e-02,-4.440570e-02,-4.305279e-02,-4.425955e-02,-4.822469e-02,
-6.559134e-02,-6.286085e-02,-6.744123e-02,-6.598270e-02,-7.159233e-02,-7.184422e-02,-7.095456e-02,-6.564724e-02,-5.878413e-02,-5.835533e-02,-5.800760e-02,-5.681217e-02,-5.305767e-02,-5.685997e-02,-5.901170e-02,-5.713749e-02,-6.015515e-02,-6.143260e-02,-6.383240e-02,-6.684482e-02,-6.798816e-02,-6.912768e-02,-7.248616e-02,-6.824362e-02,-6.686890e-02,-6.892896e-02,-6.747651e-02,
-7.493055e-02,-7.401121e-02,-6.899273e-02,-6.963062e-02,-6.897807e-02,-7.042003e-02,-6.603861e-02,-6.792748e-02,-6.556535e-02,-6.466484e-02,-6.246483e-02,-6.220758e-02,-6.316924e-02,-6.284344e-02,-6.358540e-02,-6.291580e-02,-6.376958e-02,-6.251979e-02,-6.507897e-02,-6.513143e-02,-6.757760e-02,-6.975377e-02,-6.813931e-02,
-6.084967e-02,-5.844271e-02,-5.693173e-02,-6.012452e-02,-6.036484e-02,-5.757189e-02,-5.986440e-02,-6.654572e-02,-6.875765e-02,-7.002342e-02,-6.726062e-02,-6.553090e-02,-6.461179e-02,-6.312191e-02,-6.296182e-02,-6.500793e-02,-6.901562e-02,-6.864202e-02,
-6.237876e-02,-6.146324e-02,-5.599296e-02,-4.870939e-02,-4.971910e-02,-5.344820e-02,-5.949843e-02,-6.166589e-02,-6.329358e-02,-5.978584e-02,-6.300330e-02,-6.199479e-02,-6.132114e-02,-6.343246e-02,-6.787169e-02,-6.859767e-02,-6.876349e-02,
-7.946479e-02,-7.769179e-02,-7.578313e-02,-7.072365e-02,-7.611096e-02,-7.835364e-02,-8.541477e-02,-8.969462e-02,-9.427047e-02,-9.723747e-02,-9.705687e-02,-9.735334e-02,-9.408510e-02,-9.284830e-02,-8.696747e-02,-8.627582e-02,-8.742988e-02,-8.919966e-02,-8.165264e-02,-8.700657e-02,-8.983564e-02,-8.782864e-02,-8.916128e-02,-8.718181e-02,-8.693123e-02,-8.669591e-02,
-8.065104e-02,-7.866085e-02,-7.891321e-02,-7.813644e-02,-8.030427e-02,-8.195591e-02,-8.625829e-02,-8.331466e-02,-8.189821e-02,-8.230257e-02,-7.709169e-02,-7.776546e-02,-7.634056e-02,-7.371867e-02,-7.120299e-02,-7.237673e-02,-7.500327e-02,-7.575071e-02,-7.893836e-02,-7.778311e-02,-7.681882e-02,-7.655025e-02,-7.449889e-02,-7.499552e-02,-7.762945e-02,-8.098125e-02,-8.214056e-02,
-7.985330e-02,-7.517064e-02,-7.611418e-02,-8.062470e-02,-9.184980e-02,-9.446311e-02,-1.014084e-01,-1.070503e-01,-1.070933e-01,-1.100883e-01,-9.909070e-02,-9.961545e-02,-9.885275e-02,-9.625149e-02,-9.376597e-02,-9.278095e-02,-8.601916e-02,-8.287489e-02,-8.286977e-02,-8.445132e-02,-8.764541e-02,-8.752048e-02,
-8.028913e-02,-8.354950e-02,-8.569050e-02,-8.928132e-02,-9.092629e-02,-8.756149e-02,-8.815944e-02,-8.767724e-02,-8.652902e-02,-8.418405e-02,-8.419240e-02,-8.286786e-02,-8.187139e-02,-8.879519e-02,-8.273423e-02,-8.533823e-02,-8.597505e-02,-8.847690e-02,-8.978570e-02,-9.250271e-02,-8.802903e-02,-8.829021e-02,-9.077704e-02,-8.999562e-02,-8.947301e-02,
-2.358866e-02,-2.405417e-02,-2.504754e-02,-3.016210e-02,-3.224826e-02,-3.872931e-02,-4.497814e-02,-4.803908e-02,-4.917264e-02,-4.925776e-02,-4.851317e-02,-4.863834e-02,-4.785323e-02,-4.721677e-02,-4.710627e-02,-4.661489e-02,-4.565847e-02,-4.491508e-02,-4.304826e-02,-3.744984e-02,-2.923203e-02,-2.052355e-02,-1.630247e-02,-2.021980e-02,-1.606929e-02,-1.847863e-02,-1.663888e-02,-1.596832e-02,
-7.764316e-02,-7.384777e-02,-7.074165e-02,-7.027698e-02,-7.298219e-02,-7.467270e-02,-7.933211e-02,-7.697999e-02,-7.757294e-02,-7.940555e-02,-7.973528e-02,-7.435584e-02,-7.008135e-02,-6.690502e-02,-6.789994e-02,-6.819654e-02,-7.089818e-02,-7.188904e-02,-7.244372e-02,-7.228744e-02,
-2.586377e-02,-2.535164e-02,-2.376199e-02,-2.880788e-02,-3.247404e-02,-4.005396e-02,-4.614019e-02,-5.173421e-02,-5.576646e-02,-5.692673e-02,-5.629480e-02,-5.645204e-02,-5.494511e-02,-5.466104e-02,-5.450165e-02,-5.595827e-02,-5.691361e-02,-5.572772e-02,-5.270064e-02,-4.875433e-02,-4.330838e-02,-3.709817e-02,-2.994812e-02,-2.354896e-02,-2.030790e-02,-1.648462e-02,-2.051461e-02,-1.895070e-02,-1.857984e-02,
-5.311334e-02,-4.470909e-02,-4.424620e-02,-4.403555e-02,-4.932773e-02,-5.069590e-02,-4.807019e-02,-4.848289e-02,-5.010164e-02,-5.043042e-02,-5.034280e-02,-5.192208e-02,-4.831529e-02,-4.785573e-02,-4.698908e-02,-4.628670e-02,-4.247594e-02,-4.677022e-02,-5.545545e-02,-5.580556e-02,-5.599344e-02,-5.670762e-02,-5.895674e-02,
-6.739652e-02,-6.937063e-02,-7.127821e-02,-7.276750e-02,-7.379842e-02,-6.977761e-02,-6.594718e-02,-6.632900e-02,-6.731057e-02,-7.358277e-02,-7.422137e-02,-7.612395e-02,-7.717502e-02,-8.119619e-02,-8.033037e-02,-7.734358e-02,-7.397413e-02,-7.341588e-02,-7.963479e-02,-8.448946e-02,-8.502495e-02,-8.272719e-02,-8.493733e-02,-8.291364e-02,-8.342695e-02,-8.447874e-02,-8.433497e-02,-8.736789e-02,-8.811557e-02,-8.542144e-02,-8.354032e-02,-8.234847e-02,-7.995546e-02,-7.997608e-02,-8.297372e-02,-8.245146e-02,
-7.288158e-02,-7.339597e-02,-6.647265e-02,-5.977857e-02,-6.065929e-02,-6.251502e-02,-6.764007e-02,-7.050550e-02,-7.091153e-02,-7.070875e-02,-6.587183e-02,-6.354690e-02,-6.408978e-02,-6.372881e-02,-6.265414e-02,-6.138134e-02,-6.326056e-02,-7.086563e-02,-7.031989e-02,-6.786466e-02,
-6.490338e-02,-6.727707e-02,-6.062555e-02,-5.850601e-02,-5.700994e-02,-5.529070e-02,-5.712652e-02,-5.731118e-02,-5.664837e-02,-5.613482e-02,-5.361593e-02,-5.208635e-02,-5.503917e-02,-5.922329e-02,-5.992532e-02,-6.053698e-02,-5.804062e-02,
-7.541502e-02,-7.331860e-02,-7.165849e-02,-7.070231e-02,-6.862366e-02,-7.131791e-02,-7.172775e-02,-7.588017e-02,-7.529223e-02,-7.088482e-02,-6.938708e-02,-6.730127e-02,-6.838393e-02,-6.573105e-02,-6.538522e-02,-6.406379e-02,-6.054926e-02,-5.937231e-02,-6.362617e-02,-7.042158e-02,-6.900227e-02,-6.561232e-02,-6.158519e-02,-6.477404e-02,-6.852150e-02,-7.045901e-02,-6.966114e-02,-6.979239e-02,-6.884921e-02,-6.925023e-02,-7.264304e-02,-7.176828e-02,-6.981957e-02,-6.557429e-02,-6.616819e-02,
-6.573713e-02,-6.925094e-02,-6.822014e-02,-6.612134e-02,-6.780124e-02,-7.397282e-02,-7.997942e-02,-8.968401e-02,-9.462667e-02,-1.059443e-01,-9.458601e-02,-9.772027e-02,-1.081522e-01,-1.040248e-01,-1.071377e-01,-1.022961e-01,-9.834409e-02,-9.156406e-02,-7.896101e-02,-7.497251e-02,-7.081008e-02,-6.840217e-02,-6.070495e-02,-6.100690e-02,
-5.111372e-02,-6.168926e-02,-6.388152e-02,-6.249845e-02,-5.612910e-02,-5.683804e-02,-5.167997e-02,-4.975796e-02,-4.599667e-02,-5.362380e-02,-5.996668e-02,-5.988955e-02,-5.930781e-02,-6.820679e-02,-5.837059e-02,-5.597079e-02,-5.782211e-02,-6.637836e-02,-6.903708e-02,-5.412984e-02,-4.799843e-02,-4.914725e-02,-5.522561e-02,-5.920899e-02,-6.485701e-02,-6.294799e-02,-5.964649e-02,-6.816792e-02,
-6.297863e-02,-6.906259e-02,-7.025313e-02,-6.948566e-02,-6.123340e-02,-6.125009e-02,-5.874836e-02,-6.354725e-02,-6.666183e-02,-6.970203e-02,-7.375169e-02,-8.025825e-02,-8.134782e-02,-7.553911e-02,-7.425666e-02,-6.382048e-02,-6.376374e-02,-6.025565e-02,-6.917453e-02,-7.556188e-02,-7.725894e-02,-7.587981e-02,-6.775439e-02,-6.522262e-02,-6.176901e-02,-6.280661e-02,-5.862713e-02,-6.067193e-02,-6.402469e-02,-6.571436e-02,-6.859851e-02,-6.776273e-02,-7.173562e-02,
-7.926381e-02,-8.205843e-02,-8.070421e-02,-7.896864e-02,-7.756352e-02,-7.790375e-02,-7.692468e-02,-7.838440e-02,-8.211410e-02,-8.479905e-02,-8.793986e-02,-9.100127e-02,-9.490454e-02,-9.069407e-02,-8.732796e-02,-8.670211e-02,-8.509970e-02,-8.676970e-02,-8.885241e-02,-9.260285e-02,-9.668207e-02,-9.604490e-02,-9.381294e-02,-9.600961e-02,-9.814870e-02,-9.248614e-02,-9.301007e-02,-9.248912e-02,-9.261823e-02,-9.271395e-02,-9.220338e-02,-8.834159e-02,-8.751845e-02,-8.752906e-02,-8.706832e-02,-8.965576e-02,-9.137464e-02,-9.112871e-02,-9.032965e-02,-8.941233e-02,
-6.738842e-02,-6.356621e-02,-5.937386e-02,-6.001782e-02,-6.648672e-02,-6.531739e-02,-6.404805e-02,-6.774461e-02,-6.462681e-02,-6.554615e-02,-6.417370e-02,-6.771815e-02,-6.586862e-02,-6.293464e-02,-6.252277e-02,-6.281710e-02,-6.197691e-02,-6.689000e-02,-6.877029e-02,-6.860375e-02,-7.039714e-02,-7.570946e-02,-7.378483e-02,-7.713580e-02,-8.044386e-02,-7.778776e-02,-8.163118e-02,-7.660937e-02,
-7.994354e-02,-7.243037e-02,-6.889558e-02,-6.814146e-02,-7.349217e-02,-7.049799e-02,-6.818616e-02,-6.653583e-02,-6.630814e-02,-6.612527e-02,-6.325030e-02,-6.386697e-02,-5.938494e-02,-6.330740e-02,-6.359184e-02,-6.249356e-02,-6.240964e-02,-6.652308e-02,-6.955254e-02,-7.281363e-02,-7.689905e-02,-7.601213e-02,-7.780027e-02,
-5.582952e-02,-5.316114e-02,-5.160415e-02,-5.045152e-02,-5.070662e-02,-5.515432e-02,-5.810833e-02,-6.025863e-02,-5.932581e-02,-5.694211e-02,-5.398822e-02,-5.263412e-02,-5.237508e-02,-5.052531e-02,-4.928088e-02,-4.742754e-02,-4.738343e-02,-4.954648e-02,-5.177069e-02,-5.225694e-02,-5.562532e-02,-5.648983e-02,
-7.821071e-02,-7.274520e-02,-7.836998e-02,-7.831252e-02,-7.905579e-02,-8.314824e-02,-8.203185e-02,-7.916868e-02,-7.498324e-02,-7.883871e-02,-7.193303e-02,-6.822336e-02,-7.024515e-02,-6.833363e-02,-6.921756e-02,-7.545793e-02,-7.555604e-02,-7.740521e-02,-7.632923e-02,-7.656157e-02,-7.446039e-02,-7.653630e-02,-7.565284e-02,
-9.475005e-02,-9.383893e-02,-8.857358e-02,-8.605552e-02,-9.099853e-02,-9.843338e-02,-9.927344e-02,-9.890699e-02,-9.510171e-02,-9.259665e-02,-9.214675e-02,-9.496725e-02,-9.642875e-02,-9.422243e-02,-9.544253e-02,-9.079623e-02,-9.032738e-02,-9.041500e-02,-9.278166e-02,-9.394944e-02,-9.555364e-02,-9.494889e-02,-9.271383e-02,-9.160280e-02,-8.740878e-02,-8.791482e-02,-8.872104e-02,-8.923781e-02,-8.466446e-02,-8.143485e-02,
-1.901770e-02,-2.539074e-02,-2.212858e-02,-2.357388e-02,-2.657425e-02,-3.505564e-02,-4.113936e-02,-4.670179e-02,-5.006862e-02,-5.221868e-02,-5.095983e-02,-5.010378e-02,-5.058396e-02,-4.934955e-02,-4.746819e-02,-4.442668e-02,-4.221249e-02,-3.761232e-02,-2.994192e-02,-2.241182e-02,-1.945555e-02,-1.485753e-02,-1.442611e-02,-1.239085e-02,
-8.614457e-02,-8.227742e-02,-8.653915e-02,-8.962703e-02,-9.068263e-02,-8.789194e-02,-8.636451e-02,-8.116484e-02,-8.554947e-02,-8.361685e-02,-8.260870e-02,-8.298016e-02,-8.023405e-02,-8.313441e-02,-8.569694e-02,-8.673239e-02,-8.537054e-02,-8.892107e-02,-9.177542e-02,-9.098268e-02,-8.975053e-02,-8.887768e-02,-9.161890e-02,
-5.187166e-02,-5.219066e-02,-5.293679e-02,-5.460429e-02,-5.540740e-02,-5.574632e-02,-5.555046e-02,-5.729687e-02,-5.741096e-02,-5.783880e-02,-5.727863e-02,-5.774426e-02,-5.812275e-02,-6.012392e-02,-6.121111e-02,-6.154990e-02,-6.171548e-02,-6.182396e-02,-6.281495e-02,-6.468606e-02,-6.665611e-02,-6.706822e-02,-6.746995e-02,-6.702030e-02,-6.240070e-02,-5.756915e-02,-5.174375e-02,-4.850972e-02,-4.710639e-02,-4.626393e-02,-4.695690e-02,-4.673660e-02,-4.559970e-02,-4.707456e-02,-4.910624e-02,-5.391300e-02,-5.404675e-02,-5.387819e-02,-5.038655e-02,
-7.930744e-02,-7.975638e-02,-8.079410e-02,-8.410168e-02,-8.951509e-02,-9.633529e-02,-9.518385e-02,-9.379935e-02,-9.298790e-02,-9.687710e-02,-9.867382e-02,-9.763491e-02,-1.002276e-01,-1.041064e-01,-1.044149e-01,-1.025426e-01,-1.014260e-01,-1.000420e-01,-9.903526e-02,-9.995341e-02,-1.008493e-01,-1.023070e-01,-1.044637e-01,-1.078008e-01,-1.091933e-01,-1.086071e-01,-1.049548e-01,-1.014245e-01,-9.801435e-02,-9.762847e-02,-9.333527e-02,-9.236538e-02,-9.163725e-02,-9.245801e-02,-9.479034e-02,-9.415329e-02,-9.628522e-02,-9.246683e-02,-8.761108e-02,
-1.598406e-02,-1.371503e-02,-2.321267e-02,-2.100325e-02,-2.462935e-02,-3.153825e-02,-3.655875e-02,-4.545784e-02,-5.119181e-02,-5.549181e-02,-5.922759e-02,-6.331134e-02,-6.474280e-02,-6.524861e-02,-6.536758e-02,-6.256270e-02,-5.846095e-02,-5.303597e-02,-4.730952e-02,-4.020333e-02,-3.508472e-02,-2.949905e-02,-2.115464e-02,-2.043962e-02,-1.215327e-02,-1.684284e-02,-1.037884e-02,
-2.242279e-02,-2.131116e-02,-2.057028e-02,-3.139281e-02,-3.158760e-02,-3.747296e-02,-4.390919e-02,-5.265427e-02,-6.092668e-02,-7.165706e-02,-7.821655e-02,-8.281839e-02,-8.619022e-02,-8.581340e-02,-8.480346e-02,-8.506715e-02,-8.399475e-02,-8.042240e-02,-7.782257e-02,-7.132673e-02,-6.287467e-02,-5.288315e-02,-4.509926e-02,-3.744423e-02,-3.269887e-02,-2.746904e-02,-2.684557e-02,-3.005326e-02,
-1.238644e-02,-1.277995e-02,-2.029884e-02,-2.060854e-02,-2.528942e-02,-3.210318e-02,-4.168701e-02,-4.721785e-02,-5.215466e-02,-5.388451e-02,-5.456293e-02,-5.582941e-02,-5.544436e-02,-5.661809e-02,-5.554676e-02,-5.361784e-02,-5.144429e-02,-4.838669e-02,-4.388201e-02,-3.941047e-02,-3.305888e-02,-2.981377e-02,-2.416432e-02,-2.119327e-02,-1.180863e-02,-9.110808e-03,
-1.807463e-02,-2.315736e-02,-2.679741e-02,-2.618778e-02,-3.133512e-02,-3.716135e-02,-4.496217e-02,-5.125201e-02,-5.757928e-02,-6.243849e-02,-6.287670e-02,-6.218350e-02,-5.961871e-02,-5.863535e-02,-5.649471e-02,-5.507100e-02,-5.166721e-02,-4.667842e-02,-3.945744e-02,-3.457916e-02,-3.122973e-02,-2.369297e-02,-2.483702e-02,
-5.939078e-02,-5.602133e-02,-5.574763e-02,-5.523908e-02,-5.437064e-02,-5.674028e-02,-5.995238e-02,-6.255031e-02,-6.275249e-02,-5.985665e-02,-5.847239e-02,-5.800700e-02,-5.923748e-02,-5.872810e-02,-5.930018e-02,-5.773234e-02,-5.617034e-02,-5.608201e-02,-5.716622e-02,-5.882871e-02,-5.817497e-02,-5.762029e-02,
-6.658924e-02,-6.605160e-02,-6.169462e-02,-5.707049e-02,-5.673802e-02,-6.093168e-02,-6.782639e-02,-7.043815e-02,-7.188630e-02,-7.205832e-02,-6.889260e-02,-6.474912e-02,-6.455374e-02,-6.570482e-02,-6.536388e-02,-6.583536e-02,-6.613731e-02,-6.543505e-02,-6.442559e-02,-6.291699e-02,-6.287742e-02,-6.343174e-02,-6.721663e-02,-6.715643e-02,-6.456971e-02,-6.266582e-02,
-1.641345e-02,-1.919103e-02,-1.863050e-02,-2.359605e-02,-2.243555e-02,-2.615249e-02,-2.998054e-02,-3.985715e-02,-4.869711e-02,-5.216515e-02,-5.507648e-02,-5.601740e-02,-5.580080e-02,-5.477536e-02,-5.559099e-02,-5.636752e-02,-5.587173e-02,-5.621028e-02,-5.594611e-02,-5.372310e-02,-5.142117e-02,-4.853177e-02,-4.267907e-02,-3.483486e-02,-2.848959e-02,-2.360284e-02,-1.934230e-02,-1.509559e-02,-1.197243e-02,-9.982586e-03,
-6.478834e-02,-6.140316e-02,-6.043541e-02,-6.556547e-02,-7.101715e-02,-7.233989e-02,-7.302678e-02,-7.363212e-02,-7.580566e-02,-7.403493e-02,-7.295275e-02,-7.827890e-02,-7.401264e-02,-7.335997e-02,-6.768250e-02,-7.446063e-02,-7.304776e-02,-7.917190e-02,-8.177662e-02,-7.756221e-02,-6.870329e-02,-6.807113e-02,-6.938231e-02,
