-2.165370e-01,-3.318545e-01,-3.198119e-01,-3.606791e-01,-3.152701e-01,-2.869729e-01,-2.659914e-01,-1.785835e-01,-1.975577e-01,-2.740873e-01,-3.246938e-01,-2.812729e-01,-3.252084e-01,-3.970944e-01,-3.989154e-01,-3.299157e-01,-2.337008e-01,-2.349893e-01,-2.327685e-01,-3.131827e-01,-3.649229e-01,-4.326460e-01,-4.197334e-01,-4.220153e-01,-4.258428e-01,
-6.583374e-01,-4.713855e-01,-4.235946e-01,-3.265883e-01,-3.328795e-01,-3.276986e-01,-3.602537e-01,-3.287923e-01,-3.942882e-01,-9.246995e-01,-7.902921e-01,-8.599148e-01,-3.103892e-01,-3.060234e-01,-2.906358e-01,-3.195080e-01,-3.206681e-01,-4.594066e-01,-8.960422e-01,-7.916032e-01,-1.352408e+00,-7.107921e-01,-6.888354e-01,-3.117734e-01,-2.388319e-01,-2.948176e-01,-2.873417e-01,-3.326079e-01,-2.448602e-01,
-4.994979e-01,-4.867265e-01,-4.729125e-01,-4.387673e-01,-4.530970e-01,-4.057187e-01,-2.538084e-01,-2.158316e-01,-3.184673e-01,-4.011215e-01,-4.874334e-01,-4.548213e-01,-4.233776e-01,-3.207561e-01,-2.430784e-01,-2.135594e-01,-2.110283e-01,-1.877224e-01,-2.804898e-01,-3.868202e-01,-4.462997e-01,-4.183007e-01,-4.051862e-01,-3.580067e-01,-3.778442e-01,
-1.957166e-02,-4.902852e-02,-1.820847e-01,-1.822804e-01,-1.830028e-01,-8.911133e-02,-2.091004e-01,-3.988281e-01,-3.899839e-01,-2.761215e-01,-3.240831e-01,-3.502074e-01,-3.506987e-01,-1.939648e-01,-1.129189e-01,-1.669195e-01,-9.841132e-02,-2.826464e-02,-1.834214e-02,-1.547996e-01,-2.907122e-01,-2.842473e-01,-2.425833e-01,-9.691083e-02,-1.950086e-01,-1.282861e-01,-1.387630e-01,-4.975879e-02,-1.911747e-01,-2.173121e-01,-2.201390e-01,-1.007385e-01,-5.376375e-02,-6.441998e-02,
-5.839936e-01,-5.851275e-01,-5.043475e-01,-5.600272e-01,-5.264558e-01,-6.232490e-01,-5.085130e-01,-4.167945e-01,-5.070204e-01,-5.345867e-01,-4.326695e-01,-3.722497e-01,-4.400892e-01,-3.966327e-01,-2.973584e-01,-2.052505e-01,-1.900262e-01,-1.782486e-01,-2.042980e-01,-1.872933e-01,-1.660006e-01,-1.512325e-01,-1.400497e-01,-1.020558e-01,
-1.188635e-01,-2.150266e-01,-4.575784e-01,-4.746990e-01,-4.729207e-01,-4.240986e-01,-5.240380e-01,-4.506839e-01,-3.749970e-01,-3.614414e-01,-5.311584e-01,-5.622390e-01,-3.588305e-01,-2.042924e-01,-3.599615e-01,-4.461021e-01,-4.765927e-01,-3.687655e-01,-2.623802e-01,-1.797652e-01,-1.049031e-01,
-1.289592e-01,-3.931639e-01,-6.130624e-01,-8.288959e-01,-8.261008e-01,-6.018535e-01,-6.283659e-01,-4.505373e-01,-4.651253e-01,-4.496298e-01,-5.970317e-01,-8.201919e-01,-8.426610e-01,-8.370570e-01,-6.763970e-01,-6.817658e-01,-4.766595e-01,-4.688162e-01,-3.201727e-01,-3.693691e-01,-4.728267e-01,-5.806913e-01,-6.718365e-01,
-5.265892e-01,-5.158024e-01,-4.885035e-01,-4.799845e-01,-2.826968e-01,-3.584728e-01,-2.923506e-01,-2.993838e-01,-2.081138e-01,-2.292118e-01,-3.598032e-01,-4.271334e-01,-4.228150e-01,-2.934738e-01,-2.954452e-01,-2.576042e-01,-2.508962e-01,-2.547228e-01,-2.341573e-01,-2.952512e-01,-3.783304e-01,
-1.308787e-01,-3.124440e-01,-9.292430e-01,-2.606915e+00,-2.679709e+00,-1.388300e+00,-3.470113e-01,-1.390687e-01,-1.268760e-01,-1.436139e-01,-1.620950e-01,-1.558177e-01,-1.323072e-01,-1.303217e-01,-1.311858e-01,-1.298009e-01,-1.819243e-01,-1.563503e-01,-1.921049e-01,
-2.657548e-01,-4.136299e-01,-4.109095e-01,-4.032395e-01,-4.008159e-01,-4.862114e-01,-3.824144e-01,-4.502341e-01,-1.008425e+00,-1.473455e+00,-1.786726e+00,-1.814399e+00,-1.811003e+00,-1.786713e+00,-1.764484e+00,-1.385426e+00,-7.980660e-01,-3.567339e-01,-2.950045e-01,-2.765719e-01,-1.934861e-01,-1.711353e-01,-2.687974e-01,-2.243253e-01,-1.244568e-01,6.166577e-02,2.381983e-01,-2.774389e+00,
-9.255705e-01,-7.700415e-01,-6.479197e-01,-6.476344e-01,-6.507274e-01,-8.240738e-01,-8.126822e-01,-8.424847e-01,-8.366784e-01,-6.802623e-01,-6.516908e-01,-6.013299e-01,-5.884745e-01,-6.084351e-01,-4.820260e-01,-4.762456e-01,-6.148402e-01,-7.681327e-01,-7.199876e-01,-5.430590e-01,-3.535078e-01,-3.729174e-01,-3.368763e-01,-3.127497e-01,
-5.294340e-01,-5.165083e-01,-4.637064e-01,-3.074967e-01,-2.171761e-01,-3.581575e-01,-3.995275e-01,-3.668266e-01,-3.803771e-01,-5.416860e-01,-7.179960e-01,-5.474924e-01,-3.267539e-01,-1.139901e-01,-9.436262e-02,-9.602952e-02,-6.587291e-02,-1.790722e-01,-3.011014e-01,-4.393899e-01,-4.288228e-01,-3.152002e-01,-2.082163e-01,-2.460802e-02,-3.106809e-02,
-6.584520e-01,-5.922690e-01,-6.133441e-01,-4.505121e-01,-2.997431e-01,-3.091537e-01,-3.735319e-01,-4.622684e-01,-4.696053e-01,-5.191836e-01,-4.490286e-01,-3.556989e-01,-2.495550e-01,-2.522123e-01,-3.655248e-01,-3.367833e-01,-3.442908e-01,-2.394996e-01,-2.504274e-01,-2.144018e-01,-1.901412e-01,-1.679565e-01,-2.327400e-01,-2.312131e-01,-2.516037e-01,-1.910639e-01,-1.775609e-01,-1.821023e-01,
-4.452659e-01,-5.296971e-01,-5.202174e-01,-4.710950e-01,-4.212344e-01,-4.053664e-01,-3.943186e-01,-3.880744e-01,-3.848387e-01,-4.737319e-01,-5.475918e-01,-6.700207e-01,-6.331922e-01,-6.099438e-01,-6.104377e-01,-4.955570e-01,-5.241678e-01,-3.711385e-01,-4.042857e-01,-2.886156e-01,-3.128862e-01,-3.456792e-01,
-2.063493e-01,-1.580141e-01,-1.042427e-01,-1.043762e-01,-9.064150e-02,-1.123083e-01,-1.286720e-01,-1.315575e-01,-1.392618e-01,-1.403037e-01,-1.311256e-01,-1.336364e-01,-1.353185e-01,-1.403735e-01,-2.144632e-01,-1.985027e-01,-2.182004e-01,-1.393414e-01,-1.340463e-01,-1.371880e-01,-2.225794e-01,-2.083521e-01,-2.350808e-01,-7.373576e-01,-6.534978e-01,-6.622708e-01,-1.787621e-01,-1.306717e-01,-1.135030e-01,-6.621945e-02,-5.491483e-02,-5.731606e-02,-1.573632e-01,-1.421925e-01,
-2.669955e+00,-2.677637e+00,-2.676726e+00,-2.687284e+00,-2.670712e+00,-2.685953e+00,-2.711436e+00,-2.750835e+00,-2.760623e+00,-2.765214e+00,-2.752429e+00,-2.762049e+00,3.319715e-01,2.940079e-01,2.609962e-01,2.798585e-01,2.548754e-01,2.556908e-01,2.785009e-01,2.585570e-01,2.736400e-01,8.540809e-02,1.372207e-01,1.614887e-01,-2.750359e+00,-2.748495e+00,-2.737797e+00,-2.699518e+00,2.868364e-01,1.968299e-01,1.910970e-01,-2.726879e+00,
-3.583217e-02,-2.160316e-01,-4.239667e-01,-4.568022e-01,-4.350669e-01,-4.763955e-01,-4.985738e-01,-5.083709e-01,-5.132253e-01,-5.908015e-01,-6.075116e-01,-6.110618e-01,-6.022842e-01,-5.547114e-01,-4.857432e-01,-4.309100e-01,-4.270605e-01,-4.117225e-01,-4.599250e-01,-4.617000e-01,-4.503546e-01,-4.136875e-01,-3.577231e-01,-3.383865e-01,
6.887435e-01,7.047637e-01,7.364713e-01,7.354813e-01,7.504060e-01,7.575823e-01,7.749110e-01,7.682946e-01,7.808383e-01,7.822489e-01,7.951616e-01,8.178836e-01,8.153484e-01,8.115169e-01,8.223528e-01,8.323876e-01,8.369198e-01,8.380385e-01,8.377093e-01,8.364205e-01,8.327717e-01,8.255849e-01,8.169509e-01,8.094070e-01,8.156747e-01,8.237906e-01,8.231259e-01,8.141055e-01,8.194426e-01,8.170838e-01,8.072364e-01,8.106856e-01,8.024467e-01,8.048463e-01,8.056346e-01,7.912329e-01,7.489656e-01,7.287775e-01,7.138429e-01,
7.629662e-01,7.822313e-01,8.081254e-01,8.051674e-01,8.190240e-01,8.217957e-01,8.079381e-01,8.032759e-01,7.810681e-01,7.770750e-01,7.835549e-01,7.974746e-01,8.143697e-01,8.338094e-01,8.321600e-01,8.284063e-01,8.248821e-01,8.217129e-01,8.277760e-01,8.174379e-01,8.151776e-01,8.040689e-01,8.039066e-01,7.861307e-01,7.953488e-01,7.972959e-01,8.004703e-01,8.239913e-01,8.441209e-01,8.676180e-01,8.705682e-01,8.579581e-01,8.410790e-01,8.357282e-01,8.262203e-01,7.868149e-01,7.535703e-01,7.332461e-01,7.181078e-01,
-6.507778e-02,-9.509528e-02,-5.101001e-02,-1.067345e-01,-1.010392e-01,-3.378797e-01,-4.714600e-01,-5.860318e-01,-4.595748e-01,-3.482787e-01,-3.456796e-01,-3.001611e-01,-4.329431e-01,-2.626231e-01,-3.549923e-01,-2.723919e-01,-3.087140e-01,-2.836845e-01,-3.877686e-01,-5.095091e-01,-4.917001e-01,-3.580841e-01,-2.009536e-01,-3.289279e-01,-4.177741e-01,
-2.817314e+00,2.919172e-01,1.649098e-01,7.170630e-02,3.986835e-03,-3.015039e-01,-2.389343e-01,-4.298133e-01,-3.489745e-02,-8.241940e-02,-1.028653e-01,-2.984660e-01,-4.561305e-01,-6.052929e-01,-6.382163e-01,-6.279678e-01,-6.035510e-01,-5.750145e-01,-5.323615e-01,-5.266897e-01,-5.405768e-01,-5.560175e-01,-5.703288e-01,-5.462574e-01,-5.309781e-01,-2.645403e-01,-4.458666e-02,1.711411e-01,2.213259e-01,2.408298e-01,2.407070e-01,
7.465124e-01,7.740808e-01,7.799587e-01,7.504306e-01,7.661648e-01,7.750298e-01,7.750105e-01,7.862142e-01,7.853863e-01,7.986397e-01,8.158298e-01,8.071999e-01,7.922841e-01,8.033857e-01,8.109215e-01,8.211586e-01,8.139064e-01,8.149351e-01,8.514340e-01,8.418438e-01,8.347511e-01,7.997974e-01,7.935186e-01,7.908642e-01,8.051709e-01,8.036603e-01,8.137378e-01,1.002858e+00,9.920874e-01,9.582232e-01,8.081909e-01,7.954870e-01,7.990575e-01,7.907147e-01,7.689847e-01,7.527685e-01,7.678336e-01,
-8.195090e-02,-9.355772e-02,-1.324234e-01,1.965821e-02,-7.013083e-04,-6.400025e-02,-8.530343e-02,-1.063243e-01,-6.941974e-02,-1.386415e-01,-1.792489e-01,-1.659104e-01,-1.068425e-01,-7.571316e-02,-2.635974e-01,-2.866818e-01,-3.360582e-01,-2.131487e-01,-3.599091e-01,-4.984545e-01,-5.018654e-01,-3.299451e-01,-1.517348e-01,-1.736541e-01,-2.939578e-01,-4.138883e-01,
1.644779e-01,1.210942e-01,9.502590e-02,8.525610e-02,1.378630e-01,1.610684e-01,1.532439e-01,9.267640e-02,1.846206e-02,-1.347303e-03,-1.427842e-01,-1.078144e-01,-7.287598e-02,1.053510e-01,1.345735e-01,9.283757e-02,-2.248263e-02,-2.034838e-01,-2.028723e-01,-2.186118e-01,-2.028812e-01,-1.475043e-01,-1.209173e-01,9.844446e-02,9.098279e-02,
-4.404426e-02,-1.838363e-01,-4.050652e-01,-4.575709e-01,-4.909643e-01,-5.520361e-01,-6.051587e-01,-5.822286e-01,-4.304998e-01,-3.549211e-01,-2.224077e-01,-3.749440e-01,-4.363821e-01,-5.062674e-01,-4.782441e-01,-4.787627e-01,-4.786236e-01,-4.304160e-01,-3.892901e-01,-3.643728e-01,-3.689365e-01,
-4.543841e-01,-4.860096e-01,-5.101058e-01,-4.908049e-01,-5.280147e-01,-5.684726e-01,-6.500438e-01,-6.615541e-01,-5.285122e-01,-5.334415e-01,-5.387254e-01,-5.411139e-01,-4.277767e-01,-2.973554e-01,-3.787439e-01,-4.425359e-01,-5.313646e-01,-5.175529e-01,-5.209670e-01,-6.566733e-01,-6.134403e-01,-5.547925e-01,
-6.747398e-01,-6.749071e-01,-6.950252e-01,-7.150365e-01,-6.729701e-01,-7.404358e-01,-5.955708e-01,-5.881393e-01,-4.622089e-01,-4.433677e-01,-4.392386e-01,-5.930227e-01,-7.485595e-01,-8.900989e-01,-8.964067e-01,-8.857957e-01,-8.704500e-01,-6.491593e-01,-4.558183e-01,-2.827354e-01,-3.046764e-01,-3.470054e-01,-3.715074e-01,-3.780857e-01,-3.818892e-01,
7.784431e-01,7.663658e-01,7.320192e-01,9.153014e-01,9.196362e-01,9.197036e-01,8.100938e-01,8.315973e-01,8.276498e-01,8.229276e-01,7.866235e-01,7.664881e-01,8.273748e-01,8.211631e-01,8.073649e-01,7.792997e-01,7.961889e-01,8.044032e-01,7.866849e-01,7.737440e-01,7.626045e-01,7.812653e-01,7.806017e-01,7.738252e-01,7.862930e-01,8.191278e-01,8.144381e-01,7.697663e-01,7.336363e-01,7.485698e-01,8.052595e-01,8.422157e-01,8.350371e-01,9.263182e-01,1.139534e+00,1.085644e+00,9.007143e-01,7.263826e-01,
-5.034074e-01,-4.035486e-01,-3.271211e-01,-3.125457e-01,-2.907964e-01,-2.921387e-01,-2.980838e-01,-3.175509e-01,-3.591050e-01,-3.805639e-01,-3.697488e-01,-3.502218e-01,-3.505367e-01,-3.502269e-01,-3.596571e-01,-3.596724e-01,-3.562738e-01,-4.541675e-01,-5.230935e-01,-5.982516e-01,-5.986186e-01,-6.192180e-01,
-2.697706e-02,-3.768408e-02,-6.179941e-02,-6.802475e-02,-6.224847e-02,-8.796930e-02,-1.169783e-01,-1.055843e-01,-9.366655e-02,-8.454418e-02,-8.592999e-02,-9.202218e-02,-9.783399e-02,-9.964669e-02,-7.506526e-02,-3.633130e-02,-2.371991e-02,-4.531145e-04,-1.251209e-02,-7.824898e-03,-4.584551e-02,-5.903184e-02,-5.216098e-02,-2.796912e-02,-5.580902e-03,9.830713e-03,1.938581e-03,-1.562488e-02,-3.098583e-02,
-1.402909e-01,-2.054228e-01,-3.060341e-01,-3.949630e-01,-3.146110e-01,-2.262963e-01,-4.525478e-01,-2.633157e-01,-2.603440e-01,-1.802917e-01,-4.212834e-01,-4.382192e-01,-5.221465e-01,-2.822549e+00,-2.423275e+00,-1.530079e+00,-1.878535e+00,-4.628993e-01,-5.849407e-01,-2.295691e-01,4.775882e-03,-2.279471e-01,-4.485869e-02,-3.012085e-02,-4.265273e-02,-3.727555e-02,1.953256e-02,3.897429e-03,-4.935849e-02,-1.347673e-01,
-1.778898e-01,-1.713332e-01,-1.466204e-01,-1.766996e-01,-2.086600e-01,-2.820743e-01,-3.041980e-01,-3.047854e-01,-2.994978e-01,-1.960304e-01,-1.764690e-01,-2.124604e-01,-2.595178e-01,-3.421174e-01,-4.398117e-01,-4.445601e-01,-4.318400e-01,-4.274173e-01,-4.166363e-01,-4.175689e-01,-4.237468e-01,-4.328108e-01,-4.457255e-01,
-1.096428e+00,-8.712052e-01,-7.772880e-01,-6.906832e-01,-7.015928e-01,-6.931840e-01,-5.953609e-01,-6.211048e-01,-6.239687e-01,-5.821373e-01,-5.371920e-01,-5.088202e-01,-5.457648e-01,-5.851939e-01,-6.604252e-01,-6.492964e-01,-6.440531e-01,-7.573758e-01,-7.299332e-01,-7.166289e-01,
-7.187320e-01,-8.596007e-01,-7.710170e-01,-7.687600e-01,-6.382413e-01,-7.078531e-01,-7.550874e-01,-7.616906e-01,-7.593920e-01,-7.425488e-01,-7.739142e-01,-7.637045e-01,-6.913456e-01,-6.230959e-01,-6.339222e-01,-6.617171e-01,-6.563314e-01,-6.233910e-01,-5.825884e-01,-5.798577e-01,-5.896240e-01,-5.646539e-01,-5.493922e-01,-5.088271e-01,-5.008588e-01,-4.990175e-01,
-5.049920e-02,-2.913475e-02,-9.221208e-02,-9.860301e-02,-1.291978e-01,-9.786081e-02,-1.140786e-01,-2.635550e-01,-3.230299e-01,-1.759603e-01,-1.331774e-01,-7.890259e-01,-7.249600e-01,-8.200028e-01,-4.027938e-01,-8.363887e-01,-1.382886e+00,-1.312305e+00,-6.794164e-01,-1.777421e-01,-2.530565e-01,-1.757203e-01,-1.609515e-01,-9.719408e-02,-1.395493e-01,-2.187983e-01,-2.245531e-01,
2.828836e-04,-4.759800e-02,-1.401877e-02,-1.586654e-01,-2.428619e-01,-2.443905e-01,-7.158781e-01,-3.876495e-01,-4.890504e-01,-2.046241e-01,-1.915513e-01,-1.343079e-01,-1.635929e-01,-1.529664e-01,-1.504557e-01,-1.023842e-01,1.502669e-02,-1.090521e-01,-1.693202e-01,-2.225509e-01,-1.139657e-01,-1.195116e-01,-1.145480e-01,-9.368396e-02,-4.811060e-02,-2.873313e-02,-6.518030e-02,-7.169688e-02,
3.488219e-02,1.941860e-02,-5.443347e-02,-2.597419e-01,-3.401637e-01,-3.465918e-01,-1.662621e-01,-1.353143e-01,-9.000933e-02,-8.368170e-02,-1.504503e-01,-2.350441e-01,-5.051486e-01,-6.570733e-01,-6.205429e-01,-4.654672e-01,-3.386438e-01,-3.232049e-01,-3.050849e-01,-4.038496e-01,-6.199417e-01,-8.249191e-01,-8.445069e-01,-6.700976e-01,-6.433707e-01,-3.765442e-01,-3.598957e-01,-3.348205e-01,-4.254661e-01,-5.497749e-01,-5.139903e-01,-5.317042e-01,-4.801693e-01,-3.371747e-01,-1.393051e-01,
-6.089391e-01,-6.311283e-01,-6.433491e-01,-6.330098e-01,-6.145269e-01,-6.638367e-01,-7.208209e-01,-7.037194e-01,-7.076975e-01,-7.251031e-01,-7.107607e-01,-6.164296e-01,-5.085556e-01,-4.741138e-01,-5.431043e-01,-6.054202e-01,-5.809327e-01,-5.768424e-01,-5.668818e-01,-5.391735e-01,-4.995235e-01,-5.011780e-01,-4.969482e-01,-5.187023e-01,-5.434792e-01,
7.019043e-04,-1.450539e-02,-8.012915e-02,-1.332532e-01,-2.704156e-01,-3.719431e-01,-5.068000e-01,-3.889805e-01,-3.994355e-01,-3.927622e-01,-6.036665e-01,-5.958581e-01,-6.101183e-01,-9.568173e-01,-1.504253e+00,-1.784891e+00,-1.813482e+00,-1.772168e+00,-1.796546e+00,-1.796361e+00,-1.739212e+00,-1.626315e+00,-1.288934e+00,-7.948108e-01,-5.386955e-01,-4.199626e-01,-3.584237e-01,-3.066012e-01,-2.234651e-01,
8.118963e-02,-6.985664e-03,5.898833e-03,-7.693040e-02,-1.243261e-01,-8.044004e-02,-6.100609e-01,-1.678746e+00,-1.275298e+00,-5.294625e-01,-2.433506e-01,-3.691217e-01,-2.586437e-01,-1.571790e-01,2.199304e-01,-2.474681e+00,-2.463273e+00,3.540325e-02,-7.716334e-02,-5.998766e-02,2.440631e-02,1.605380e-02,-1.635671e-02,-2.826095e-02,1.617277e-02,3.550720e-02,-3.144395e-02,-2.110839e-02,-9.684324e-03,-1.782584e-02,6.117821e-04,2.274859e-02,3.414989e-03,
2.426215e-01,1.868650e-01,-2.603633e-01,-6.998478e-01,-6.807725e-01,-5.025543e-01,-2.668842e-01,-3.107341e-01,-1.467259e-01,-1.464229e-01,-2.840209e-02,-6.307352e-02,-1.307503e-01,-3.205780e-01,-4.552739e-01,-4.473992e-01,-4.584491e-01,-3.921773e-01,-3.921677e-01,-1.392038e-01,-1.575286e-01,-9.431016e-02,-3.076513e-01,-2.403958e-01,
-4.749745e-01,-4.091007e-01,-3.431875e-01,-3.105463e-01,-3.057947e-01,-3.003218e-01,-6.329079e-01,-5.266094e-01,-6.139233e-01,-3.976792e-01,-3.926033e-01,-4.003076e-01,-3.840402e-01,-3.710618e-01,-3.691722e-01,-4.107978e-01,-4.267569e-01,-4.414757e-01,-5.027272e-01,-5.929099e-01,-6.492515e-01,-5.749851e-01,-5.101975e-01,-5.245973e-01,-5.854130e-01,
-2.589200e-01,-2.522691e-01,-2.839482e-01,-2.050772e-01,-2.081333e-01,-1.807482e-01,-1.558928e-01,-1.672846e-01,-2.222948e-01,-2.476596e-01,-2.868441e-01,-3.872322e-01,-3.355919e-01,-3.801873e-01,-8.145368e-02,-1.045692e-02,-2.092338e-02,-1.914760e-01,-3.495668e-01,-4.260465e-01,-4.677095e-01,-3.128954e-01,-2.276032e-01,-1.025065e-01,-1.029077e-01,-7.984805e-02,-1.101648e-01,-1.537771e-01,-1.342821e-01,-1.228700e-01,-1.020585e-01,
-1.580325e-01,-1.769189e-01,-3.737839e-01,-5.138976e-01,-5.066378e-01,-4.014183e-01,-3.219299e-01,-3.322116e-01,-3.160836e-01,-2.808324e-01,-4.228209e-01,-6.613890e-01,-6.877152e-01,-4.961565e-01,-2.520834e-01,-2.225506e-01,-1.980200e-01,-1.521508e-01,-1.296685e-01,-1.478816e-01,-2.078806e-01,-2.157652e-01,-1.746784e-01,-1.288058e-01,-1.224960e-01,
-1.783497e-01,-1.076841e-01,-1.980737e-01,-1.109554e-01,-3.770936e-02,-8.949323e-01,-1.884131e-01,-1.348447e-01,-2.807423e-01,-4.844465e-01,-3.629646e-01,-1.552880e+00,-2.548749e-01,-2.606936e-01,-3.117211e-01,-8.362972e-01,-7.581559e-01,-1.418991e+00,-1.448114e+00,-1.351774e+00,-7.518269e-01,-1.975186e-01,-2.008491e-01,-1.251903e-01,-1.467242e-01,-2.742272e-01,-2.942533e-01,-3.788015e-01,-3.860341e-01,-3.119583e-01,-1.747127e-01,
1.993039e-01,1.731728e-01,-6.622505e-02,-2.926750e-01,-3.829579e-01,-3.111197e-01,-6.351590e-02,1.042938e-02,5.630445e-02,-9.130836e-03,-8.521068e-02,-1.584144e-01,-2.109166e-01,-3.647926e-01,-5.212070e-01,-4.602059e-01,-4.349506e-01,-2.116886e-01,-2.806706e-01,-2.036902e-01,-2.450546e-01,-2.442311e-01,-2.554176e-01,-4.140771e-01,-3.711700e-01,-3.470887e-01,-1.569195e-01,-2.947385e-01,-3.853949e-01,-5.460078e-01,-5.812148e-01,
2.047342e-01,1.826506e-01,1.374197e-01,6.028616e-02,3.555298e-02,9.279490e-03,6.165171e-02,9.210408e-02,1.204162e-01,8.478904e-02,6.409764e-02,3.860879e-02,-1.433421e-01,-2.831757e-01,-2.828780e-01,-3.430784e-02,1.402583e-01,1.531302e-01,1.183283e-01,1.267387e-01,1.383083e-01,1.303359e-01,1.292088e-01,1.477573e-01,2.053033e-01,2.701806e-01,-2.820087e+00,-2.795416e+00,-2.774491e+00,-2.764760e+00,
7.497604e-01,7.589543e-01,7.869837e-01,7.936021e-01,8.149374e-01,8.851188e-01,9.113528e-01,8.822276e-01,8.605746e-01,8.598626e-01,8.675202e-01,8.871196e-01,8.878945e-01,8.860415e-01,9.307117e-01,9.305398e-01,9.152260e-01,9.065930e-01,9.072131e-01,9.205015e-01,9.316828e-01,9.247868e-01,9.463195e-01,1.005797e+00,1.048247e+00,1.037958e+00,1.033354e+00,1.028590e+00,1.062343e+00,1.103532e+00,1.069908e+00,-1.876291e+00,-1.662745e+00,
7.470917e-01,7.701639e-01,7.405493e-01,7.347314e-01,7.602103e-01,8.098685e-01,8.227843e-01,8.231100e-01,8.210410e-01,8.248067e-01,8.184383e-01,8.240181e-01,8.149333e-01,8.195872e-01,8.240175e-01,8.227769e-01,8.269657e-01,8.126800e-01,8.036104e-01,8.042400e-01,8.006240e-01,7.966683e-01,8.013417e-01,8.061779e-01,8.158161e-01,8.241690e-01,8.251676e-01,8.076344e-01,8.209466e-01,7.975252e-01,7.606890e-01,7.302489e-01,
7.350293e-01,7.389336e-01,7.526998e-01,7.509171e-01,7.441080e-01,7.338015e-01,7.311633e-01,7.310445e-01,7.326416e-01,7.387003e-01,7.481640e-01,7.533843e-01,7.381427e-01,7.424192e-01,7.469431e-01,7.486382e-01,7.435185e-01,7.368743e-01,7.352405e-01,7.436051e-01,7.490815e-01,7.463136e-01,7.502646e-01,7.478197e-01,7.517457e-01,7.680745e-01,7.775397e-01,7.901303e-01,7.999012e-01,7.869619e-01,7.405604e-01,
1.142751e-01,-1.581879e-01,-3.711631e-01,-3.889439e-01,-4.015691e-01,-4.332796e-01,-3.646078e-01,-4.641318e-02,-4.571891e-02,-4.544508e-02,-2.724861e-01,-2.970382e-01,-4.007533e-01,-4.879289e-01,-4.223879e-01,-3.592939e-01,-2.714211e-01,-2.409991e-01,-2.132927e-01,-2.970647e-01,-2.550011e-01,-2.144153e-01,-1.999393e-01,-2.728701e-02,9.498060e-02,2.353479e-01,
7.326312e-01,7.739198e-01,7.803161e-01,7.607315e-01,8.120388e-01,8.294436e-01,8.333304e-01,7.862238e-01,7.667934e-01,7.693722e-01,8.076845e-01,8.145893e-01,7.942828e-01,9.260827e-01,9.310584e-01,9.451306e-01,8.169023e-01,8.222337e-01,8.515475e-01,8.569958e-01,8.397825e-01,8.157820e-01,8.231365e-01,8.663296e-01,8.489376e-01,8.292139e-01,7.931702e-01,9.549603e-01,-1.954379e+00,1.169711e+00,9.968913e-01,8.224882e-01,1.013326e+00,9.802191e-01,9.435847e-01,7.887239e-01,8.251127e-01,1.049728e+00,1.033995e+00,1.005519e+00,8.446289e-01,8.973302e-01,
-3.871412e-01,-3.991177e-01,-3.134323e-01,-3.299125e-01,-3.301197e-01,-3.358540e-01,-3.470245e-01,-2.517323e-01,-2.942002e-01,-1.995094e-01,-1.846273e-01,-1.621096e-01,-1.355767e-01,-1.315992e-01,-9.764647e-02,-6.621349e-02,-1.532624e-01,-2.472788e-01,-3.376141e-01,-3.251495e-01,-3.004346e-01,-2.419280e-01,-2.016710e-01,-1.802059e-01,-1.714166e-01,
-6.261753e-01,-4.370831e-01,-3.446553e-01,-2.097417e-01,-1.715164e-01,-1.245582e-01,-5.004323e-02,-5.001974e-02,-4.801893e-02,-1.222669e-01,-2.133890e-01,-3.569931e-01,-2.864312e-01,-2.827078e-01,-3.991599e-01,-5.513210e-01,-6.925007e-01,-6.647936e-01,-6.159627e-01,-4.508555e-01,-3.545434e-01,-1.949321e-01,-2.984620e-01,-4.496212e-01,-6.217651e-01,-6.446509e-01,-4.749843e-01,-2.769274e-01,-5.253506e-02,1.495028e-02,9.339225e-02,1.085255e-01,
2.158064e-01,1.667733e-01,1.415025e-01,8.072329e-02,9.304190e-02,4.694021e-02,1.158433e-01,7.004762e-02,1.020447e-01,4.612494e-02,5.253029e-02,4.646361e-02,4.463458e-02,7.026565e-02,5.461121e-02,1.594590e-01,1.218797e-01,1.352407e-01,9.667134e-02,1.193632e-01,1.251570e-01,1.609149e-01,3.844559e-02,6.827712e-02,1.037683e-01,2.882576e-01,
7.672837e-01,7.750263e-01,7.738532e-01,7.968565e-01,8.059768e-01,7.969498e-01,7.942649e-01,7.833056e-01,7.907177e-01,8.115485e-01,8.028545e-01,8.110137e-01,8.148875e-01,8.003051e-01,8.011540e-01,8.052094e-01,7.856697e-01,7.318560e-01,7.208705e-01,6.647385e-01,6.773278e-01,6.928557e-01,7.647721e-01,8.218155e-01,8.041220e-01,7.722450e-01,7.499080e-01,7.189732e-01,
7.340564e-01,7.533140e-01,7.703871e-01,7.791293e-01,8.041241e-01,8.094589e-01,7.934086e-01,7.771832e-01,7.649521e-01,7.527544e-01,7.492178e-01,7.444779e-01,7.506815e-01,7.578759e-01,7.623056e-01,7.649907e-01,7.612799e-01,7.620034e-01,7.722688e-01,7.646760e-01,7.571279e-01,7.666624e-01,7.672161e-01,7.821027e-01,7.990807e-01,8.135188e-01,8.176655e-01,8.296808e-01,8.384559e-01,8.360912e-01,8.322682e-01,8.339681e-01,8.148209e-01,7.330068e-01,6.409962e-01,
-5.049241e-01,-5.382921e-01,-4.642272e-01,-3.861349e-01,-2.885771e-01,-2.626377e-01,-2.520691e-01,-3.036893e-01,-3.302482e-01,-3.284178e-01,-3.257081e-01,-3.031272e-01,-3.348192e-01,-3.836542e-01,-4.597642e-01,-4.712021e-01,-5.089723e-01,-5.636738e-01,-5.785240e-01,-5.690598e-01,-5.268841e-01,-5.054744e-01,-4.907568e-01,-4.277430e-01,-4.822118e-01,-4.718833e-01,-5.341002e-01,-5.155213e-01,
-2.672088e+00,-2.816738e+00,2.033064e-01,2.013160e-01,1.844807e-01,1.303428e-01,1.190605e-01,1.134764e-01,9.560502e-02,6.898046e-02,5.364454e-02,8.320844e-02,1.267079e-01,1.457033e-01,1.466731e-01,1.492639e-01,1.490340e-01,1.435132e-01,1.317643e-01,1.253774e-01,1.245486e-01,1.268076e-01,1.177386e-01,1.175218e-01,1.112344e-01,1.173027e-01,9.734726e-02,4.254448e-02,2.512777e-02,2.903342e-02,6.878173e-02,9.896600e-02,9.369278e-02,6.138659e-02,6.755590e-02,
-1.543765e-01,-1.546674e-01,-1.719062e-01,-1.802742e-01,-2.004968e-01,-2.109637e-01,-2.743955e-01,-3.771183e-01,-3.486961e-01,-2.827123e-01,-2.486277e-01,-2.871330e-01,-3.637444e-01,-3.197786e-01,-3.518139e-01,-3.319489e-01,-3.457642e-01,-3.567098e-01,-3.562683e-01,-4.857830e-01,-4.773693e-01,-4.576234e-01,-4.728801e-01,-5.008904e-01,-3.470132e-01,-2.774160e-01,-2.735010e-01,-2.403978e-01,-2.521496e-01,-1.732348e-01,-1.517860e-01,-1.439883e-01,-1.365883e-01,
-2.480608e-01,-1.874224e-01,-1.750032e-01,-1.752189e-01,-1.925890e-01,-2.626846e-01,-3.316590e-01,-4.356734e-01,-4.535105e-01,-4.748328e-01,-4.724045e-01,-4.551250e-01,-4.773648e-01,-4.849406e-01,-4.773453e-01,-4.459699e-01,-4.090272e-01,-2.641317e-01,-1.816893e-01,-1.279111e-01,-1.648525e-01,-2.304627e-01,-3.020574e-01,-2.475127e-01,-3.060030e-01,-1.820241e-01,-1.350952e-01,
-7.210572e-01,-6.090475e-01,-4.902841e-01,-4.242123e-01,-3.063515e-01,-3.347005e-01,-3.456832e-01,-3.504506e-01,-3.352870e-01,-3.256671e-01,-4.688976e-01,-3.862771e-01,-3.886142e-01,-2.250532e-01,-2.561556e-01,-2.683621e-01,-3.072872e-01,
-5.604134e-01,-3.949867e-01,-3.127854e-01,-2.643796e-01,-2.531946e-01,-2.424297e-01,-2.588021e-01,-2.978365e-01,-3.035998e-01,-2.872273e-01,-2.397480e-01,-2.210037e-01,-1.955429e-01,-1.017023e-01,-7.274115e-02,-7.621121e-02,-2.133516e-01,-2.383173e-01,-4.353501e-01,-4.184320e-01,-2.864025e-01,-3.710818e-01,-2.084736e-01,-1.950865e-01,-1.777645e-01,-1.613773e-01,-1.611654e-01,-1.882403e-01,-1.988955e-01,-1.593174e-01,-1.618849e-01,-1.381416e-01,-1.442630e-01,-1.505153e-01,-1.398151e-01,
-6.155370e-01,-5.530931e-01,-4.582431e-01,-4.323272e-01,-4.123867e-01,-4.715431e-01,-4.824458e-01,-4.854233e-01,-5.885076e-01,-6.744249e-01,-6.791949e-01,-5.581621e-01,-4.630224e-01,-4.735593e-01,-5.205362e-01,-6.425185e-01,-6.361343e-01,-6.019410e-01,-4.364043e-01,-5.007294e-01,-5.757836e-01,
-1.723338e-01,-3.319475e-01,-3.306924e-01,-6.096689e-01,-3.692569e-01,-4.238703e-01,-1.776592e-01,-3.748232e-01,-3.847970e-01,-4.233953e-01,-2.094847e-01,-1.936212e-01,-2.291822e-01,-1.466261e-01,-1.424624e-01,-7.199228e-02,-1.047567e-01,-9.402919e-02,-9.304059e-02,-7.743919e-02,
-9.926200e-02,-1.807029e-01,-2.561011e-01,-4.359697e-01,-4.518483e-01,-3.127652e-01,-1.059892e-01,-1.264156e-01,-3.466705e-01,-3.519855e-01,-6.503480e-01,-3.809828e-01,-4.119596e-01,-1.902445e-01,-1.320777e-01,-7.228959e-02,-5.433798e-02,-9.516144e-02,-8.123410e-02,
-6.978953e-02,-6.207216e-02,-5.760765e-02,1.978707e-02,9.409904e-03,-9.029746e-03,-2.204013e-02,-4.010618e-02,-4.420137e-02,-6.863999e-02,-5.552256e-02,-4.822743e-02,-1.532030e-02,-3.495932e-03,1.336622e-02,2.416277e-02,2.720654e-02,3.257751e-02,2.567291e-02,2.374387e-02,2.400661e-02,2.848554e-02,3.426456e-02,4.266191e-02,4.752827e-02,5.135798e-02,4.422748e-02,1.971626e-02,1.705146e-02,1.119542e-02,2.306235e-02,1.264715e-02,-6.044030e-03,6.659031e-03,-5.170226e-03,-3.319299e-02,-6.162751e-02,-7.068968e-02,-5.633557e-02,-2.220917e-02,-8.799076e-03,-1.285088e-02,-1.065648e-02,
-4.272751e-01,-3.722551e-01,-3.381622e-01,-2.814542e-01,-3.284572e-01,-3.957959e-01,-4.754241e-01,-4.066560e-01,-3.352605e-01,-2.756622e-01,-3.483557e-01,-2.971290e-01,-2.478857e-01,-2.617253e-01,-2.929329e-01,-4.275073e-01,-4.108328e-01,-4.754826e-01,-4.473949e-01,-4.048663e-01,-3.865565e-01,-3.408042e-01,-3.439039e-01,
-1.561214e-01,-1.809258e-01,-2.095951e-01,-2.411615e-01,-2.982815e-01,-4.049451e-01,-4.986444e-01,-5.252150e-01,-5.443704e-01,-5.654883e-01,-5.635043e-01,-5.866112e-01,-5.624803e-01,-5.536845e-01,-5.208183e-01,-4.446695e-01,-3.695569e-01,-3.083489e-01,-3.337727e-01,-3.833860e-01,-4.786391e-01,-5.270966e-01,-5.471069e-01,-4.478556e-01,-4.707618e-01,-4.472101e-01,-4.331142e-01,-3.850911e-01,-3.924341e-01,-4.668325e-01,-5.635312e-01,-5.598506e-01,-5.919296e-01,-6.178115e-01,
-1.033830e+00,-1.018053e+00,-1.011896e+00,-1.009104e+00,-1.009199e+00,-8.986123e-01,-8.003578e-01,-7.805545e-01,-8.867503e-01,-1.025149e+00,-9.017271e-01,-7.799964e-01,-6.451132e-01,-6.431673e-01,-6.381351e-01,-6.396057e-01,-6.695736e-01,-6.892463e-01,-7.097872e-01,-6.963700e-01,-6.811280e-01,-6.672076e-01,-6.684887e-01,-7.751528e-01,-8.749663e-01,-1.016277e+00,-1.017951e+00,
-5.078770e-01,-5.518059e-01,-5.814884e-01,-6.444491e-01,-6.224139e-01,-4.634330e-01,-4.531064e-01,-4.345922e-01,-5.170324e-01,-4.917973e-01,-4.956740e-01,-5.194988e-01,-5.591277e-01,-5.336111e-01,-5.064839e-01,-4.710400e-01,-3.294335e-01,-2.688724e-01,-2.303655e-01,-2.151402e-01,-1.963407e-01,-2.475686e-01,-2.889109e-01,-3.370990e-01,-3.702506e-01,-2.475767e-01,-1.776202e-01,-1.177455e-01,
-6.355596e-01,-5.334096e-01,-5.494663e-01,-4.702175e-01,-6.081487e-01,-5.967487e-01,-7.202556e-01,-6.083127e-01,-4.968528e-01,-3.697908e-01,-3.364887e-01,-3.703773e-01,-3.540137e-01,-4.111797e-01,-4.130252e-01,-4.439963e-01,-4.103464e-01,-4.060279e-01,-3.745515e-01,-3.633175e-01,-4.723986e-01,-5.663731e-01,-6.842927e-01,
-4.399322e-01,-3.310876e-01,-2.139684e-01,-3.546738e-01,-3.493848e-01,-3.632666e-01,-2.252331e-01,-2.319391e-01,-2.485490e-01,-2.392504e-01,-2.233130e-01,-1.798220e-01,-2.037321e-01,-2.031399e-01,-2.104020e-01,-1.776700e-01,-1.754613e-01,-1.600111e-01,-1.544324e-01,-1.498616e-01,-1.256000e-01,-1.126468e-01,-1.022168e-01,
-2.089798e-02,3.553522e-02,6.647992e-02,4.918969e-02,-7.168710e-02,-1.867530e-01,-3.046860e-01,-2.930211e-01,-1.785587e-01,-7.199216e-02,6.683815e-02,9.172595e-02,1.139294e-01,1.101846e-01,7.569540e-02,2.067935e-02,9.473205e-03,1.801360e-02,3.970206e-02,5.127108e-02,5.278170e-02,4.853714e-02,5.477977e-02,4.217434e-02,-3.686786e-03,-3.913045e-02,
8.125616e-01,8.374956e-01,8.599059e-01,8.686994e-01,8.865961e-01,8.918966e-01,8.812197e-01,8.785974e-01,8.749579e-01,8.682281e-01,8.668416e-01,8.577128e-01,8.591353e-01,8.512439e-01,8.472021e-01,8.547887e-01,8.432593e-01,8.571294e-01,8.751501e-01,8.664295e-01,8.514397e-01,8.408456e-01,8.245351e-01,7.790418e-01,7.392442e-01,7.106385e-01,
-6.662617e-01,-7.076419e-01,-7.117900e-01,-6.901209e-01,-6.920236e-01,-6.939951e-01,-7.073423e-01,-7.627961e-01,-7.770804e-01,-7.730609e-01,-7.100633e-01,-6.653363e-01,-6.310308e-01,-7.703771e-01,-7.648589e-01,-7.493720e-01,-7.580320e-01,-7.530503e-01,-7.526169e-01,-6.673383e-01,-6.262283e-01,-5.832618e-01,-7.269947e-01,-7.256830e-01,-7.401638e-01,-7.091953e-01,-7.169262e-01,-6.772183e-01,
-6.685627e-01,-6.703657e-01,-5.737764e-01,-4.893222e-01,-4.723004e-01,-4.963411e-01,-5.766327e-01,-4.612669e-01,-4.778554e-01,-3.091463e-01,-2.689422e-01,-2.826151e-01,-2.816313e-01,-3.097075e-01,-2.956927e-01,-4.121996e-01,-3.834446e-01,-4.217885e-01,-2.459545e-01,-2.265273e-01,-2.375320e-01,
7.659786e-01,8.187759e-01,8.567373e-01,8.692241e-01,8.833004e-01,8.962331e-01,8.894135e-01,8.747027e-01,8.723057e-01,8.698378e-01,8.793755e-01,8.750486e-01,8.692265e-01,8.774878e-01,8.822027e-01,8.846860e-01,8.765864e-01,8.677062e-01,8.688264e-01,8.844970e-01,8.957759e-01,8.542579e-01,8.475999e-01,8.441333e-01,8.285617e-01,7.803064e-01,7.365265e-01,
-7.446652e-01,-6.499999e-01,-6.626134e-01,-6.522232e-01,-7.771454e-01,-7.744487e-01,-6.655751e-01,-5.679227e-01,-5.557981e-01,-6.444946e-01,-6.311215e-01,-5.533437e-01,-4.443367e-01,-4.679627e-01,-4.620823e-01,-4.281294e-01,-4.097043e-01,-4.150646e-01,-4.430227e-01,-5.559219e-01,-6.272447e-01,-6.983263e-01,-6.916184e-01,
-6.436270e-01,-5.483125e-01,-4.298798e-01,-3.097747e-01,-3.309982e-01,-4.502644e-01,-5.681195e-01,-6.898997e-01,-7.026933e-01,-7.028114e-01,-5.805842e-01,-4.497397e-01,-2.809656e-01,-2.737737e-01,-2.914866e-01,-3.231919e-01,-3.511485e-01,-3.824457e-01,-4.060342e-01,-3.882520e-01,-3.606049e-01,-3.282631e-01,-3.293698e-01,-3.411152e-01,-3.436865e-01,-3.359314e-01,-4.449123e-01,-5.478591e-01,
-7.205107e-01,-8.327391e-01,-9.421259e-01,-9.263685e-01,-7.698937e-01,-7.847441e-01,-8.236616e-01,-8.662684e-01,-8.137954e-01,-8.881576e-01,-9.749460e-01,-9.043585e-01,-7.614444e-01,-5.555399e-01,-5.450948e-01,-7.109131e-01,-8.945515e-01,-1.056882e+00,-9.942622e-01,-1.002777e+00,-9.242678e-01,-8.790371e-01,-7.070705e-01,-6.508813e-01,-7.393814e-01,-8.981056e-01,-1.071947e+00,
-6.735773e-01,-6.793023e-01,-7.447078e-01,-6.990784e-01,-7.088585e-01,-6.522650e-01,-6.782092e-01,-7.000757e-01,-7.643607e-01,-7.481763e-01,-7.672083e-01,-7.655804e-01,-7.672749e-01,-7.662446e-01,-7.070176e-01,-6.744723e-01,-6.536322e-01,-7.061160e-01,-7.347990e-01,-7.507317e-01,-7.192367e-01,-6.698476e-01,-6.508631e-01,
-1.861513e-01,-1.581090e-01,-3.061436e-01,-5.172639e-01,-5.395768e-01,-3.888485e-01,-4.129661e-01,-6.086993e-01,-8.136198e-01,-6.482959e-01,-5.050088e-01,-3.491707e-01,-3.794493e-01,-3.866608e-01,-3.645707e-01,-5.100055e-01,-6.629100e-01,-8.405279e-01,
-3.662111e-01,-2.913764e-01,-2.928091e-01,-9.640658e-02,-1.154180e-01,-2.655284e-01,-4.525883e-01,-6.498731e-01,-4.643472e-01,-5.063477e-01,-2.630015e-01,-2.676165e-01,-3.828335e-02,-2.440548e-02,-6.076157e-02,-7.833946e-02,-1.085770e-01,
-1.523256e-02,-3.625941e-02,-5.475426e-02,-6.906688e-02,-1.267170e-01,-1.190485e-01,-1.195194e-01,-8.026099e-02,-7.220495e-02,-1.002022e-01,-1.167684e-01,-1.282185e-01,-1.911452e-01,-2.556192e-01,-3.319088e-01,-2.043746e-01,-2.170563e-01,-1.876178e-01,-1.572371e-01,-1.760479e-01,-1.633222e-01,-2.644803e-01,-2.671323e-01,-2.584112e-01,-1.375346e-01,-6.901538e-02,
7.684112e-03,-2.964150e-01,-5.453954e-01,-8.371225e-01,-8.256744e-01,-7.747841e-01,-7.145444e-01,-6.405968e-01,-5.815203e-01,-5.378956e-01,-5.654802e-01,-6.235532e-01,-6.753609e-01,-6.986114e-01,-6.197314e-01,-5.858967e-01,-5.812729e-01,-6.304841e-01,-6.099412e-01,-6.315086e-01,-5.856621e-01,-5.684795e-01,-5.475140e-01,-4.578599e-01,-4.437245e-01,-4.179522e-01,-4.881210e-01,
-2.137082e-01,-2.173845e-01,-2.240028e-01,-2.539601e-01,-3.145905e-01,-3.227895e-01,-3.741162e-01,-3.882817e-01,-4.705642e-01,-3.884740e-01,-3.214584e-01,-3.158799e-01,-3.794160e-01,-3.747571e-01,-4.292117e-01,-4.363675e-01,-4.333124e-01,-3.697315e-01,-3.640080e-01,-4.196104e-01,-5.049450e-01,-5.155889e-01,
-2.017843e-01,-3.410328e-01,-4.380537e-01,-4.154528e-01,-4.024106e-01,-5.128196e-01,-5.405641e-01,-5.653898e-01,-5.595066e-01,-7.145224e-01,-6.803854e-01,-5.773244e-01,-5.270127e-01,-3.597325e-01,-5.293681e-01,-4.126579e-01,-4.865336e-01,-4.818884e-01,-5.684760e-01,-4.479676e-01,-2.765830e-01,-5.034721e-02,3.092098e-02,5.036950e-03,6.270576e-02,
8.022577e-01,8.099487e-01,8.243891e-01,8.319447e-01,8.266916e-01,8.233340e-01,8.184102e-01,8.287221e-01,8.313247e-01,8.374120e-01,8.426639e-01,8.505951e-01,8.551497e-01,8.513084e-01,8.506691e-01,8.497237e-01,8.579456e-01,8.423339e-01,7.976475e-01,8.177873e-01,8.056574e-01,8.327990e-01,8.280498e-01,8.191445e-01,7.774072e-01,7.419791e-01,7.303582e-01,7.176990e-01,
2.628565e-02,1.799941e-02,-1.476920e-02,-1.336837e-02,2.238429e-02,-2.311530e-01,-2.098526e-01,-2.498064e-01,-6.322265e-03,-6.919622e-03,-9.799004e-05,-3.483260e-02,-4.455447e-02,-4.148197e-02,-7.272625e-02,-5.882049e-02,-3.680527e-02,-7.026196e-04,1.323509e-02,1.390147e-02,
8.008951e-01,8.158194e-01,8.354572e-01,8.441164e-01,8.520318e-01,8.558111e-01,8.428923e-01,8.397507e-01,8.405301e-01,8.695419e-01,8.754940e-01,8.747044e-01,8.682290e-01,8.638569e-01,8.651121e-01,8.649054e-01,8.629553e-01,8.703182e-01,8.702906e-01,8.672519e-01,8.696505e-01,8.624644e-01,8.483917e-01,8.417890e-01,8.381422e-01,8.003662e-01,7.679499e-01,7.548106e-01,7.427789e-01,
-4.021450e-01,-3.438259e-01,-2.890583e-01,-2.887692e-01,-2.947757e-01,-3.067831e-01,-3.255444e-01,-3.534074e-01,-3.459529e-01,-3.259196e-01,-3.197958e-01,-3.181151e-01,-3.168812e-01,-3.268009e-01,-3.818114e-01,-4.489736e-01,-5.201807e-01,-5.026922e-01,-5.132423e-01,-5.343977e-01,-5.516866e-01,-5.589793e-01,-5.548986e-01,
-9.013498e-02,-8.723211e-02,-8.715093e-02,-9.088039e-02,-9.667325e-02,-1.080405e-01,-1.060823e-01,-1.170148e-01,-1.199933e-01,-1.212428e-01,-1.338114e-01,-1.353819e-01,-1.419109e-01,-1.241559e-01,-1.171216e-01,-1.245399e-01,-1.262782e-01,-1.258123e-01,-1.029603e-01,-1.795444e-01,-1.759628e-01,-1.969249e-01,-1.254383e-01,-1.257635e-01,-2.098351e-01,-1.942374e-01,-1.978341e-01,-1.148903e-01,-1.181026e-01,-1.198454e-01,-1.131387e-01,-1.022524e-01,-1.009737e-01,-1.128320e-01,-1.069210e-01,-1.071748e-01,
-1.584439e-01,-1.681488e-01,-1.600533e-01,-1.416684e-01,-7.163656e-02,-7.390594e-02,-8.017468e-02,-8.032227e-02,-3.336354e-01,-5.718017e-01,-5.882210e-01,-3.686649e-01,-1.684527e-01,-1.582899e-01,-1.192561e-01,-1.095822e-01,-8.853042e-02,-1.110464e-01,-1.413079e-01,-1.449200e-01,
1.200507e-01,1.123556e-01,5.706739e-02,2.718561e-01,2.689685e-01,2.835051e-01,2.943110e-01,2.802342e-01,2.822847e-01,2.334448e-01,2.300624e-01,2.350864e-01,3.016790e-01,3.183389e-01,3.199494e-01,3.503629e-01,3.637069e-01,
-5.815792e-02,-6.382871e-02,-7.410061e-02,-8.321023e-02,-9.415376e-02,-1.050628e-01,-1.038618e-01,-9.601402e-02,-7.916427e-02,-6.159019e-02,-4.659581e-02,-3.232872e-02,-3.032243e-02,-2.913141e-02,-3.079951e-02,-3.200281e-02,-2.645123e-02,-2.884102e-02,-2.862382e-02,-2.901840e-02,-2.939820e-02,-3.817439e-02,-3.167617e-02,-3.689790e-02,-4.218638e-02,-6.240654e-02,-6.474268e-02,-6.027961e-02,-7.114756e-02,-7.297254e-02,-7.992768e-02,-7.361031e-02,-7.080603e-02,-7.406104e-02,-8.088553e-02,
1.203805e-01,1.414918e-01,1.557412e-01,1.120813e-01,8.402646e-02,6.723952e-02,9.909129e-02,1.153728e-01,1.399281e-01,-2.898265e+00,-2.692083e+00,-2.696810e+00,-2.877787e+00,1.329097e-01,1.229639e-01,1.421525e-01,1.041486e-01,1.056408e-01,1.025485e-01,8.452857e-02,7.900584e-02,-2.048433e-02,-1.841950e-02,-3.149474e-02,
-5.187578e-01,-5.015875e-01,-5.127621e-01,-5.190162e-01,-5.343586e-01,-4.674115e-01,-3.937367e-01,-3.865659e-01,-4.375722e-01,-5.470724e-01,-5.222342e-01,-5.593357e-01,-4.506387e-01,-4.342886e-01,-2.503028e-01,-2.388706e-01,-3.265099e-01,-4.202083e-01,-5.195283e-01,-5.336900e-01,-5.147060e-01,-3.874648e-01,-3.194347e-01,-2.643372e-01,-2.480780e-01,-2.661110e-01,-3.239661e-01,-3.881157e-01,
-1.148021e-01,-1.114486e-01,-1.079402e-01,-1.052938e-01,-1.280273e-01,-1.292503e-01,-1.578285e-01,-1.573720e-01,-1.513004e-01,-1.574671e-01,-1.660593e-01,-1.846348e-01,-1.743479e-01,-2.326094e-01,-1.738149e-01,-1.761103e-01,-1.423707e-01,-1.523895e-01,-1.574296e-01,-1.560744e-01,-1.460383e-01,-1.523155e-01,-2.192845e-01,-2.026135e-01,-2.913295e-01,-2.757195e-01,-3.696955e-01,-2.606936e-01,-1.811767e-01,-1.157602e-01,-1.104406e-01,-1.670060e-01,-2.205533e-01,
-5.328965e-01,-3.481696e-01,-2.495360e-01,-1.786640e-01,-1.774589e-01,-1.788673e-01,-1.859776e-01,-1.918755e-01,-1.956599e-01,-1.957815e-01,-1.718230e-01,-1.470059e-01,-1.106250e-01,-1.087583e-01,-1.145601e-01,-1.084810e-01,-1.006075e-01,-1.093175e-01,-9.925938e-02,-8.651114e-02,-7.312405e-02,-6.704247e-02,-7.628536e-02,-8.447099e-02,-6.097341e-02,-7.345033e-02,-7.273221e-02,-6.157804e-02,-5.435300e-02,-6.557143e-02,-5.924094e-02,-6.924117e-02,-7.576978e-02,-7.574856e-02,-8.403242e-02,-8.883631e-02,-8.649898e-02,-8.407176e-02,-8.064377e-02,-6.135821e-02,
-5.181209e-01,-4.410793e-01,-3.857265e-01,-3.330562e-01,-3.185304e-01,-3.511936e-01,-3.554856e-01,-3.660057e-01,-3.677242e-01,-3.617634e-01,-3.959244e-01,-3.983757e-01,-3.781536e-01,-3.638682e-01,-4.449155e-01,-5.065374e-01,-5.539241e-01,-5.276489e-01,-5.147195e-01,-5.184669e-01,-5.603777e-01,-5.581429e-01,-5.673560e-01,-5.554658e-01,-5.947013e-01,-5.910474e-01,-5.838218e-01,-5.619016e-01,
-6.655259e-01,-7.184950e-01,-7.343292e-01,-7.913110e-01,-7.803123e-01,-7.683225e-01,-7.812670e-01,-8.372183e-01,-8.237652e-01,-8.250169e-01,-7.779872e-01,-6.451346e-01,-7.298868e-01,-7.057275e-01,-8.326946e-01,-7.581493e-01,-7.578404e-01,-7.556524e-01,-7.498873e-01,-7.279358e-01,-6.078551e-01,-6.333942e-01,-6.228752e-01,
-6.907530e-01,-5.682322e-01,-4.615510e-01,-3.615811e-01,-3.701714e-01,-4.974409e-01,-5.896604e-01,-6.050961e-01,-5.202734e-01,-4.120415e-01,-3.735015e-01,-3.597243e-01,-3.505008e-01,-3.705472e-01,-4.168315e-01,-4.299649e-01,-4.283955e-01,-4.219873e-01,-4.112861e-01,-4.065661e-01,-5.079456e-01,-5.893111e-01,
8.320570e-03,-3.487663e-01,-4.671713e-01,-5.949597e-01,-6.357831e-01,-6.817628e-01,-6.227149e-01,-3.497174e-01,-3.769215e-01,-3.081290e-01,-3.627637e-01,-3.019843e-01,-5.986758e-01,-9.742587e-01,-8.370675e-01,-7.521416e-01,-6.687144e-01,-7.112460e-01,-7.485645e-01,-9.428751e-01,-1.171263e+00,-1.168938e+00,-1.075296e+00,
-1.453160e-01,-1.490664e-01,-1.545237e-01,-1.413209e-01,-1.357547e-01,-1.370344e-01,-1.386641e-01,-1.412865e-01,-1.475080e-01,-1.458558e-01,-1.489834e-01,-1.433585e-01,-1.310035e-01,-1.244984e-01,-1.226772e-01,-1.248331e-01,-1.243428e-01,-1.288753e-01,-1.314352e-01,-1.429223e-01,-1.435196e-01,-1.392560e-01,-1.439248e-01,-1.563008e-01,-1.656576e-01,-1.596383e-01,-1.627685e-01,-1.581424e-01,-1.653769e-01,-1.713732e-01,
7.727364e-01,7.996434e-01,8.015104e-01,8.269020e-01,8.336684e-01,8.390772e-01,8.417427e-01,8.371624e-01,8.258381e-01,8.282040e-01,8.395089e-01,8.484852e-01,8.531706e-01,8.539145e-01,8.488983e-01,8.438079e-01,8.420368e-01,8.377194e-01,8.409218e-01,8.395822e-01,8.390433e-01,8.044320e-01,7.743329e-01,7.581185e-01,
-3.193712e-02,-1.942234e-01,-2.800884e-01,-2.875731e-01,-2.517816e-01,-2.621584e-01,-2.633663e-01,-3.059795e-01,-3.563977e-01,-4.768510e-01,-5.945650e-01,-4.086947e-01,-2.415848e-01,-6.918073e-03,1.519930e-02,1.718116e-02,-7.527101e-02,-3.106422e-01,-5.070592e-01,-4.685718e-01,-1.764674e-01,3.226018e-02,1.274203e-01,
2.079569e-01,1.861199e-01,1.746895e-01,1.649934e-01,1.447650e-01,1.180457e-01,1.123632e-01,1.140752e-01,9.981155e-02,7.262683e-02,7.661927e-02,9.188211e-02,1.087756e-01,9.833169e-02,5.807424e-02,5.658841e-02,7.378364e-02,1.098939e-01,1.068884e-01,1.187642e-01,1.260313e-01,1.432375e-01,1.407584e-01,-3.540635e-02,-1.237512e-02,-1.004410e-02,1.271416e-01,1.004661e-01,9.792411e-02,1.433525e-01,1.833597e-01,1.689034e-01,1.056021e-01,9.761167e-02,1.072924e-01,-2.557504e-02,-1.562088e-01,-1.406826e-01,3.243601e-02,
6.207597e-02,5.826306e-02,4.507697e-02,2.302861e-02,-8.506536e-03,-3.011012e-02,-3.765869e-02,-4.482782e-02,-3.709376e-02,-1.781940e-02,2.334249e-02,4.532218e-02,3.704762e-02,2.390110e-02,2.722716e-02,2.502072e-02,2.903855e-02,3.245366e-02,4.181898e-02,5.284178e-02,5.516303e-02,4.717803e-02,3.857934e-02,3.305149e-02,2.900219e-02,2.562416e-02,1.694500e-02,7.660866e-03,-1.233304e-02,-2.653456e-02,-3.154469e-02,-4.298770e-02,-4.512084e-02,-3.684127e-02,-2.734649e-02,-1.110494e-02,-7.742643e-04,1.038671e-02,2.242064e-02,
7.580594e-01,7.932821e-01,8.287200e-01,8.604740e-01,8.647448e-01,8.748264e-01,8.817710e-01,8.886373e-01,8.819392e-01,8.800542e-01,8.735046e-01,8.768828e-01,8.666400e-01,8.640423e-01,8.632121e-01,8.604894e-01,8.789662e-01,8.608494e-01,8.752397e-01,8.911901e-01,8.861328e-01,8.823601e-01,8.723804e-01,8.491938e-01,8.320135e-01,8.117107e-01,7.814085e-01,
7.101887e-01,7.224196e-01,7.488593e-01,7.952185e-01,8.179883e-01,8.493068e-01,8.656654e-01,8.626114e-01,8.489622e-01,8.326619e-01,8.307992e-01,8.195330e-01,8.139561e-01,8.175162e-01,8.314884e-01,8.373216e-01,8.255255e-01,8.254950e-01,8.236431e-01,8.393387e-01,8.447620e-01,8.466874e-01,8.492054e-01,8.490723e-01,8.515859e-01,8.031265e-01,7.012365e-01,5.873076e-01,
7.699096e-01,7.936755e-01,8.307069e-01,8.574764e-01,8.739158e-01,8.764930e-01,8.736826e-01,8.627501e-01,8.547084e-01,8.567193e-01,8.690526e-01,8.679348e-01,8.591574e-01,8.555863e-01,8.567171e-01,8.628255e-01,8.840547e-01,8.741952e-01,8.768794e-01,8.789339e-01,8.749831e-01,8.492513e-01,8.309318e-01,8.085426e-01,7.829442e-01,7.647140e-01,
5.966700e-01,6.173171e-01,6.587863e-01,6.671811e-01,6.950379e-01,6.928571e-01,7.072370e-01,6.997429e-01,6.765190e-01,6.118466e-01,5.740383e-01,5.836136e-01,6.110003e-01,6.457115e-01,6.261116e-01,6.269579e-01,5.691607e-01,5.145772e-01,4.202652e-01,3.961675e-01,3.723863e-01,3.453082e-01,3.305181e-01,
-3.972118e-01,-2.849261e-01,-1.519661e-01,-1.765697e-01,-1.711360e-01,-1.673713e-01,-1.747665e-01,-1.844449e-01,-1.940256e-01,-1.497738e-01,-1.200628e-01,-7.523668e-02,-7.359755e-02,-5.527425e-02,-5.703652e-02,-5.163348e-02,-3.103924e-02,-3.633893e-02,-4.229844e-02,-3.719127e-02,-2.226591e-03,1.866400e-02,
-7.088334e-01,-7.010995e-01,-5.736039e-01,-4.524976e-01,-3.332706e-01,-4.856294e-01,-5.879711e-01,-5.792871e-01,-5.741557e-01,-5.605208e-01,-5.606143e-01,-4.374701e-01,-2.982363e-01,-2.970290e-01,-3.496900e-01,-3.785103e-01,-3.797341e-01,-3.921778e-01,-3.939836e-01,-3.877248e-01,-3.755104e-01,-4.662154e-01,-5.508016e-01,-6.653599e-01,-6.666515e-01,-6.680411e-01,
7.759253e-01,7.958627e-01,8.221920e-01,8.666592e-01,8.802086e-01,9.035038e-01,9.035685e-01,9.220763e-01,9.058112e-01,9.040497e-01,8.990302e-01,9.011540e-01,9.127848e-01,9.029806e-01,8.999335e-01,8.905113e-01,9.116462e-01,9.061666e-01,9.013224e-01,9.030098e-01,8.963164e-01,8.916076e-01,9.057716e-01,9.174585e-01,8.963375e-01,8.956015e-01,8.949482e-01,8.630770e-01,8.258369e-01,7.944203e-01,
-6.385006e-01,-6.240611e-01,-6.682600e-01,-7.277237e-01,-7.237554e-01,-7.643150e-01,-6.969146e-01,-5.928202e-01,-5.997677e-01,-6.338386e-01,-7.871418e-01,-8.432515e-01,-8.525248e-01,-7.211452e-01,-6.546932e-01,-5.029315e-01,-3.813483e-01,-4.927353e-01,-6.091439e-01,-7.163382e-01,-7.076904e-01,-6.808368e-01,-6.371754e-01,
