1.316341e+00,1.316409e+00,1.318325e+00,1.322466e+00,1.321459e+00,1.317025e+00,1.310437e+00,1.314623e+00,1.324160e+00,1.331834e+00,1.342444e+00,1.357532e+00,1.356222e+00,1.345805e+00,1.334538e+00,1.330422e+00,1.330167e+00,1.328784e+00,1.333844e+00,1.343551e+00,1.357205e+00,1.362894e+00,1.361734e+00,1.356010e+00,1.348979e+00,
1.337087e+00,1.336132e+00,1.324873e+00,1.319246e+00,1.314759e+00,1.305942e+00,1.317780e+00,1.313876e+00,1.311135e+00,1.312816e+00,1.329248e+00,1.333146e+00,1.329385e+00,1.328157e+00,1.323724e+00,1.324937e+00,1.327213e+00,1.333933e+00,1.347520e+00,1.347624e+00,1.352106e+00,1.346718e+00,1.343639e+00,1.338009e+00,1.331949e+00,
1.285612e+00,1.294290e+00,1.289905e+00,1.283311e+00,1.272362e+00,1.270804e+00,1.276125e+00,1.281967e+00,1.287545e+00,1.291088e+00,1.303138e+00,1.310235e+00,1.304895e+00,1.292370e+00,1.285283e+00,1.286792e+00,1.291899e+00,1.300410e+00,1.299542e+00,1.299599e+00,1.300211e+00,1.297123e+00,1.292397e+00,1.285616e+00,
1.278599e+00,1.284377e+00,1.280668e+00,1.289011e+00,1.291300e+00,1.279732e+00,1.282013e+00,1.279778e+00,1.273813e+00,1.255191e+00,1.250371e+00,1.245252e+00,1.254476e+00,1.251242e+00,1.257702e+00,1.253844e+00,1.258578e+00,1.240060e+00,1.244123e+00,1.243572e+00,1.240023e+00,1.243994e+00,1.243815e+00,1.243772e+00,1.257250e+00,1.236733e+00,1.239471e+00,1.268376e+00,1.255082e+00,1.266258e+00,1.274694e+00,1.285550e+00,1.276219e+00,1.279088e+00,
1.273582e+00,1.275503e+00,1.275451e+00,1.275612e+00,1.276992e+00,1.272612e+00,1.266562e+00,1.283479e+00,1.283560e+00,1.301755e+00,1.307546e+00,1.301898e+00,1.301499e+00,1.302752e+00,1.302325e+00,1.302911e+00,1.286386e+00,1.285378e+00,1.288423e+00,1.281739e+00,1.278401e+00,
1.268226e+00,1.286288e+00,1.310459e+00,1.315228e+00,1.364453e+00,1.308638e+00,1.265680e+00,9.871442e-01,6.518506e-01,4.835981e-01,3.056519e-01,2.948755e-01,2.916456e-01,3.347217e-01,4.128856e-01,3.345330e-01,3.388411e-01,3.437630e-01,3.617880e-01,4.071420e-01,4.932654e-01,6.021492e-01,7.680351e-01,9.471226e-01,1.093540e+00,1.131639e+00,1.212231e+00,1.293378e+00,1.306076e+00,
1.294121e+00,1.278566e+00,1.278218e+00,1.274182e+00,1.256915e+00,1.262825e+00,1.259135e+00,1.270467e+00,1.283352e+00,1.283931e+00,1.296003e+00,1.288921e+00,1.293198e+00,1.291105e+00,1.289586e+00,1.288457e+00,1.286312e+00,1.288041e+00,1.280532e+00,1.274266e+00,1.271941e+00,1.273787e+00,1.270866e+00,
1.320097e+00,1.328579e+00,1.326179e+00,1.316845e+00,1.306920e+00,1.279787e+00,1.269911e+00,1.265660e+00,1.269493e+00,1.284413e+00,1.297542e+00,1.322786e+00,1.338469e+00,1.335341e+00,1.328255e+00,1.325013e+00,1.322819e+00,1.327988e+00,1.334470e+00,1.342350e+00,1.345135e+00,
1.334688e+00,1.361061e+00,-1.393174e+00,-1.157339e+00,-7.679351e-01,-9.675427e-01,1.486989e+00,7.382380e-01,7.055131e-01,7.186182e-01,7.632365e-01,7.377907e-01,7.520943e-01,9.464370e-01,1.118385e+00,1.310646e+00,1.362294e+00,1.357546e+00,1.330378e+00,
1.272835e+00,1.338128e+00,1.467250e+00,-1.504717e+00,-1.408620e+00,-1.456122e+00,1.271512e+00,1.510017e+00,5.233569e-01,4.184915e-01,3.952211e-01,3.661373e-01,3.961308e-01,4.057190e-01,3.998119e-01,3.964570e-01,4.031599e-01,5.217469e-01,7.291609e-01,8.961554e-01,1.079868e+00,1.117158e+00,1.181239e+00,1.250618e+00,1.291285e+00,1.286778e+00,1.277882e+00,1.274004e+00,
1.244286e+00,1.248711e+00,1.248630e+00,1.248722e+00,1.247775e+00,1.250271e+00,1.250546e+00,1.236600e+00,1.231227e+00,1.231349e+00,1.215225e+00,1.224016e+00,1.235693e+00,1.238883e+00,1.255584e+00,1.266045e+00,1.269308e+00,1.266204e+00,1.260777e+00,1.263753e+00,1.263535e+00,1.264549e+00,1.268245e+00,1.255772e+00,
1.273513e+00,1.286218e+00,1.329167e+00,1.370097e+00,1.435930e+00,1.462294e+00,1.435698e+00,1.387908e+00,1.121194e+00,7.925156e-01,5.999422e-01,4.444255e-01,4.200666e-01,4.089668e-01,4.020853e-01,4.070328e-01,4.090547e-01,4.139050e-01,4.173531e-01,4.193990e-01,4.164993e-01,4.192582e-01,4.467514e-01,5.242518e-01,5.889453e-01,6.822901e-01,7.671142e-01,8.578693e-01,1.047154e+00,1.093563e+00,1.168510e+00,1.230516e+00,1.252913e+00,1.285750e+00,
1.266867e+00,1.276211e+00,1.279424e+00,1.277686e+00,1.261886e+00,1.260819e+00,1.270535e+00,1.279295e+00,1.291025e+00,1.292906e+00,1.294628e+00,1.294580e+00,1.285763e+00,1.293788e+00,1.289685e+00,1.285600e+00,1.288017e+00,1.282775e+00,1.282793e+00,1.284415e+00,1.273896e+00,1.278865e+00,1.285758e+00,1.274565e+00,1.277406e+00,
1.312444e+00,1.317397e+00,1.304193e+00,1.298909e+00,1.293019e+00,1.279722e+00,1.272851e+00,1.273812e+00,1.268427e+00,1.295146e+00,1.310424e+00,1.323936e+00,1.332105e+00,1.330082e+00,1.325235e+00,1.321312e+00,1.323910e+00,1.332770e+00,1.340358e+00,1.335758e+00,1.344529e+00,1.341024e+00,1.338427e+00,1.340347e+00,1.331483e+00,1.331510e+00,1.330546e+00,1.322447e+00,
1.259965e+00,1.252846e+00,1.253885e+00,1.247420e+00,1.237144e+00,1.244937e+00,1.244553e+00,1.235235e+00,1.239440e+00,1.240953e+00,1.258925e+00,1.265393e+00,1.276158e+00,1.277872e+00,1.268812e+00,1.271479e+00,1.271120e+00,1.270249e+00,1.271851e+00,1.267989e+00,1.268158e+00,1.252718e+00,
1.267161e+00,1.270120e+00,1.270418e+00,1.260243e+00,1.255417e+00,1.254466e+00,1.253082e+00,1.263712e+00,1.258904e+00,1.264311e+00,1.277199e+00,1.276428e+00,1.274053e+00,1.269615e+00,1.270897e+00,1.274380e+00,1.273478e+00,1.277759e+00,1.278834e+00,1.287581e+00,1.289309e+00,1.291176e+00,1.292595e+00,1.284987e+00,
1.507180e+00,1.504524e+00,1.510037e+00,1.492409e+00,1.456024e+00,1.449625e+00,1.435366e+00,1.443876e+00,1.438500e+00,1.443885e+00,1.458550e+00,1.456058e+00,1.461375e+00,1.464028e+00,1.461396e+00,1.447704e+00,1.439555e+00,1.443969e+00,1.442112e+00,1.461841e+00,1.483686e+00,1.495028e+00,1.508063e+00,1.523685e+00,1.531544e+00,1.520168e+00,1.506776e+00,1.493120e+00,1.473652e+00,1.463903e+00,1.469240e+00,1.477619e+00,
1.318990e+00,1.320255e+00,1.307961e+00,1.294767e+00,1.300584e+00,1.296665e+00,1.291714e+00,1.295024e+00,1.309948e+00,1.318843e+00,1.328460e+00,1.341159e+00,1.338639e+00,1.335403e+00,1.320632e+00,1.301574e+00,1.296938e+00,1.292755e+00,1.288946e+00,1.304508e+00,1.310850e+00,1.322479e+00,1.330243e+00,1.329367e+00,1.317173e+00,1.303411e+00,1.295477e+00,1.297317e+00,1.292927e+00,1.283719e+00,1.290528e+00,1.302998e+00,1.297765e+00,1.303086e+00,1.304256e+00,1.297767e+00,1.306914e+00,1.300417e+00,1.309525e+00,
1.319566e+00,1.324015e+00,1.323211e+00,1.316632e+00,1.306129e+00,1.281563e+00,1.268914e+00,1.250564e+00,1.258335e+00,1.265349e+00,1.284961e+00,1.297125e+00,1.313273e+00,1.322153e+00,1.332833e+00,1.318321e+00,1.313944e+00,1.299427e+00,1.291948e+00,1.275973e+00,1.270609e+00,1.273525e+00,1.298284e+00,1.298825e+00,1.311378e+00,1.312193e+00,1.324810e+00,1.320880e+00,1.318580e+00,1.320813e+00,1.311571e+00,1.309369e+00,1.307340e+00,1.309046e+00,1.308800e+00,1.309641e+00,1.309981e+00,1.305689e+00,1.303319e+00,
-1.561399e+00,-1.528434e+00,-1.537733e+00,-1.564824e+00,1.555894e+00,1.547067e+00,1.556214e+00,1.553361e+00,1.556355e+00,1.553398e+00,1.565046e+00,-1.548246e+00,-1.536564e+00,-1.510188e+00,-1.512727e+00,-1.506735e+00,-1.515432e+00,-1.518012e+00,-1.517730e+00,-1.517843e+00,-1.517656e+00,-1.514333e+00,-1.524650e+00,-1.546034e+00,-1.521571e+00,
1.550484e+00,1.541416e+00,1.513779e+00,1.544884e+00,1.533236e+00,1.515226e+00,1.515878e+00,1.521835e+00,1.525748e+00,1.533674e+00,1.542527e+00,1.551081e+00,1.562372e+00,1.570700e+00,-1.559578e+00,-1.551047e+00,-1.539828e+00,-1.551128e+00,-1.553906e+00,-1.565145e+00,-1.565156e+00,-1.559463e+00,-1.556576e+00,-1.553885e+00,-1.559408e+00,-1.559544e+00,-1.562331e+00,-1.565120e+00,1.553423e+00,1.556635e+00,1.562441e+00,
1.320470e+00,1.321048e+00,1.322589e+00,1.317665e+00,1.304232e+00,1.293946e+00,1.278095e+00,1.271073e+00,1.287138e+00,1.298180e+00,1.316163e+00,1.316780e+00,1.314168e+00,1.315178e+00,1.302675e+00,1.290225e+00,1.275412e+00,1.280280e+00,1.289961e+00,1.295897e+00,1.305564e+00,1.306499e+00,1.310787e+00,1.307392e+00,1.299822e+00,1.299191e+00,1.300523e+00,1.310156e+00,1.314596e+00,1.305728e+00,1.318257e+00,1.316792e+00,1.312604e+00,1.309553e+00,1.309615e+00,1.313645e+00,1.318363e+00,
1.556247e+00,1.562077e+00,1.564912e+00,1.553248e+00,1.556372e+00,1.541989e+00,1.535655e+00,1.533077e+00,1.536315e+00,1.550770e+00,1.570700e+00,-1.567959e+00,-1.544828e+00,-1.525084e+00,-1.524330e+00,-1.535872e+00,-1.539024e+00,-1.544819e+00,-1.550540e+00,-1.547629e+00,-1.545040e+00,-1.550783e+00,-1.556533e+00,-1.565145e+00,-1.548306e+00,-1.545202e+00,
1.556291e+00,1.553249e+00,1.536135e+00,1.530509e+00,1.527514e+00,1.515741e+00,1.512755e+00,1.536494e+00,1.533576e+00,1.550847e+00,-1.562320e+00,-1.548142e+00,-1.539311e+00,-1.536534e+00,-1.541940e+00,-1.550630e+00,-1.567914e+00,1.570700e+00,1.570700e+00,1.559266e+00,1.559317e+00,1.562169e+00,1.559202e+00,1.562052e+00,1.519170e+00,
1.287900e+00,1.279135e+00,1.281707e+00,1.272824e+00,1.273415e+00,1.269935e+00,1.270109e+00,1.278884e+00,1.273029e+00,1.294607e+00,1.298535e+00,1.302152e+00,1.302359e+00,1.298052e+00,1.306851e+00,1.309711e+00,1.307474e+00,1.313933e+00,1.315718e+00,1.319269e+00,1.307627e+00,
1.276899e+00,1.269207e+00,1.263103e+00,1.257825e+00,1.257140e+00,1.246735e+00,1.244061e+00,1.237698e+00,1.239221e+00,1.240146e+00,1.255001e+00,1.258562e+00,1.273526e+00,1.280787e+00,1.276382e+00,1.289288e+00,1.285353e+00,1.294464e+00,1.285596e+00,1.297001e+00,1.296273e+00,1.296894e+00,
1.253692e+00,1.250700e+00,1.255078e+00,1.258938e+00,1.266793e+00,1.255938e+00,1.248577e+00,1.241906e+00,1.240367e+00,1.245674e+00,1.262634e+00,1.267800e+00,1.278983e+00,1.280006e+00,1.275707e+00,1.270070e+00,1.266417e+00,1.271802e+00,1.268448e+00,1.273876e+00,1.268821e+00,1.269598e+00,1.257526e+00,1.252806e+00,1.248502e+00,
1.302373e+00,1.308492e+00,1.314442e+00,1.308741e+00,1.308339e+00,1.303604e+00,1.300349e+00,1.283474e+00,1.278800e+00,1.283311e+00,1.285845e+00,1.307343e+00,1.312318e+00,1.316235e+00,1.318211e+00,1.311013e+00,1.309382e+00,1.296992e+00,1.287889e+00,1.286001e+00,1.293749e+00,1.302399e+00,1.321068e+00,1.321696e+00,1.312876e+00,1.311641e+00,1.301907e+00,1.291062e+00,1.284623e+00,1.287569e+00,1.285168e+00,1.300956e+00,1.313115e+00,1.317545e+00,1.316681e+00,1.315417e+00,1.314279e+00,1.316144e+00,
1.342441e+00,1.353974e+00,1.470123e+00,-1.389894e+00,-1.216598e+00,-1.111675e+00,-1.193530e+00,-1.223761e+00,1.322599e+00,7.451794e-01,6.310986e-01,6.143868e-01,5.973452e-01,6.207041e-01,6.955508e-01,9.295146e-01,1.214449e+00,1.295211e+00,1.314551e+00,1.306389e+00,1.315519e+00,1.314833e+00,
1.236684e+00,1.237518e+00,1.240538e+00,1.232905e+00,1.241292e+00,1.228867e+00,1.231368e+00,1.232507e+00,1.221709e+00,1.216161e+00,1.216271e+00,1.231886e+00,1.240769e+00,1.255794e+00,1.262325e+00,1.269032e+00,1.265722e+00,1.268997e+00,1.270061e+00,1.264566e+00,1.263930e+00,1.259432e+00,1.248039e+00,1.245717e+00,1.240036e+00,1.237517e+00,1.240909e+00,1.240902e+00,1.241380e+00,
1.360879e+00,1.353495e+00,1.349567e+00,1.347800e+00,1.344433e+00,1.351941e+00,1.347167e+00,1.330170e+00,1.320314e+00,1.321449e+00,1.325467e+00,1.328056e+00,1.336109e+00,1.330463e+00,1.339086e+00,1.331856e+00,1.329291e+00,1.329160e+00,1.332820e+00,1.332478e+00,1.337150e+00,1.337186e+00,1.334080e+00,
1.255404e+00,1.256449e+00,1.256849e+00,1.254012e+00,1.258190e+00,1.258478e+00,1.254191e+00,1.262183e+00,1.289021e+00,1.321869e+00,1.323162e+00,1.310360e+00,1.290773e+00,1.272677e+00,1.264534e+00,1.261661e+00,1.260100e+00,1.248375e+00,1.274977e+00,1.276451e+00,1.272304e+00,1.274076e+00,1.274668e+00,1.273463e+00,1.278439e+00,1.274410e+00,1.276306e+00,1.281150e+00,1.285236e+00,1.280493e+00,
1.271138e+00,1.269709e+00,1.270818e+00,1.270966e+00,1.276818e+00,1.276845e+00,1.277049e+00,1.278843e+00,1.282064e+00,1.290217e+00,1.289914e+00,1.293321e+00,1.296938e+00,1.296061e+00,1.291617e+00,1.292473e+00,1.292932e+00,1.298839e+00,1.290219e+00,1.290031e+00,1.283974e+00,1.279031e+00,1.278483e+00,1.278616e+00,1.274447e+00,1.264935e+00,
1.272724e+00,1.268526e+00,1.265772e+00,1.263601e+00,1.255780e+00,1.255400e+00,1.253897e+00,1.253022e+00,1.276960e+00,1.279391e+00,1.277901e+00,1.270947e+00,1.272424e+00,1.271939e+00,1.282430e+00,1.280822e+00,1.289350e+00,1.296862e+00,1.299156e+00,1.299784e+00,
1.252375e+00,1.295355e+00,1.381846e+00,1.529087e+00,-1.408219e+00,-1.218984e+00,-1.098404e+00,-1.281822e+00,1.398714e+00,6.264313e-01,3.765326e-01,3.140093e-01,3.396233e-01,3.460927e-01,3.431192e-01,3.527817e-01,3.495036e-01,3.645938e-01,3.670201e-01,4.639885e-01,5.647672e-01,7.139621e-01,8.838271e-01,1.003078e+00,1.101808e+00,1.174767e+00,1.234088e+00,
1.288312e+00,1.279946e+00,1.275310e+00,1.273114e+00,1.257858e+00,1.249883e+00,1.239510e+00,1.235114e+00,1.225550e+00,1.223580e+00,1.235343e+00,1.238175e+00,1.245696e+00,1.251675e+00,1.249509e+00,1.246655e+00,1.245167e+00,1.247402e+00,1.238373e+00,1.259973e+00,1.262373e+00,1.270366e+00,1.272329e+00,1.284719e+00,1.290561e+00,1.298843e+00,1.303768e+00,1.304534e+00,
1.259520e+00,1.259135e+00,1.262517e+00,1.250787e+00,1.247742e+00,1.252980e+00,1.256787e+00,1.254793e+00,1.252724e+00,1.255853e+00,1.253896e+00,1.250998e+00,1.248059e+00,1.243986e+00,1.234691e+00,1.237000e+00,1.238181e+00,1.253390e+00,1.254403e+00,1.268045e+00,1.270524e+00,1.278561e+00,1.273923e+00,1.275578e+00,1.277975e+00,1.279805e+00,1.277531e+00,1.271639e+00,1.276459e+00,1.267323e+00,1.262610e+00,1.258429e+00,1.255833e+00,1.253655e+00,1.248747e+00,
1.264355e+00,1.265297e+00,1.263807e+00,1.260042e+00,1.239341e+00,1.236821e+00,1.237657e+00,1.243638e+00,1.257816e+00,1.262171e+00,1.270939e+00,1.267554e+00,1.270257e+00,1.267083e+00,1.266863e+00,1.270286e+00,1.265244e+00,1.269715e+00,1.264774e+00,1.267177e+00,1.260784e+00,1.258536e+00,1.258466e+00,1.254166e+00,1.261396e+00,
1.229516e+00,1.185622e+00,1.153010e+00,1.174416e+00,1.304704e+00,1.519156e+00,-1.439717e+00,-1.182602e+00,-1.103048e+00,-1.373559e+00,1.144154e+00,5.665426e-01,5.995767e-01,3.511851e-01,3.092351e-01,3.365552e-01,3.450362e-01,3.237355e-01,2.957502e-01,2.964016e-01,3.220531e-01,4.667206e-01,5.930412e-01,1.044710e+00,1.081022e+00,1.157090e+00,1.270646e+00,1.271710e+00,1.285224e+00,
1.265315e+00,1.258211e+00,1.253256e+00,1.245088e+00,1.244353e+00,1.235472e+00,1.230422e+00,1.228323e+00,1.215197e+00,1.198211e+00,1.202492e+00,1.189217e+00,1.183266e+00,1.180374e+00,1.182614e+00,1.189528e+00,1.180219e+00,1.180320e+00,1.186050e+00,1.190287e+00,1.193694e+00,1.195253e+00,1.197193e+00,1.194125e+00,1.221997e+00,1.270953e+00,1.302543e+00,1.310791e+00,1.314693e+00,1.313628e+00,1.311560e+00,1.315101e+00,1.310799e+00,
1.270043e+00,1.285977e+00,1.322693e+00,1.438125e+00,-1.237998e+00,-1.020442e+00,-9.705766e-01,-1.214016e+00,1.309097e+00,6.997994e-01,6.971856e-01,7.320781e-01,7.329181e-01,7.195234e-01,7.387301e-01,8.961365e-01,1.102688e+00,1.299104e+00,1.328883e+00,1.308710e+00,1.283963e+00,1.265773e+00,1.264773e+00,1.270511e+00,1.274829e+00,
1.285808e+00,1.282954e+00,1.281428e+00,1.276424e+00,1.261049e+00,1.254859e+00,1.243888e+00,1.234186e+00,1.230627e+00,1.228281e+00,1.217349e+00,1.227541e+00,1.213239e+00,1.242697e+00,1.224300e+00,1.237514e+00,1.242318e+00,1.238636e+00,1.239294e+00,1.234371e+00,1.236183e+00,1.242522e+00,1.248717e+00,1.248208e+00,1.254528e+00,1.251484e+00,1.259299e+00,1.267055e+00,1.272090e+00,1.275616e+00,1.273669e+00,
1.248598e+00,1.266444e+00,1.269820e+00,1.270013e+00,1.269452e+00,1.273895e+00,1.280661e+00,1.278099e+00,1.279465e+00,1.282851e+00,1.285668e+00,1.283686e+00,1.278747e+00,1.277697e+00,1.273443e+00,1.276698e+00,1.270625e+00,1.272048e+00,1.269125e+00,1.257442e+00,1.253074e+00,1.246959e+00,1.240989e+00,1.235149e+00,
1.249401e+00,1.244234e+00,1.253400e+00,1.249363e+00,1.244857e+00,1.241040e+00,1.247966e+00,1.236624e+00,1.234956e+00,1.259787e+00,1.253152e+00,1.264537e+00,1.264031e+00,1.264929e+00,1.265407e+00,1.262548e+00,1.262600e+00,1.253736e+00,1.256259e+00,1.255297e+00,1.248603e+00,1.245717e+00,1.241048e+00,1.235651e+00,1.242083e+00,
1.287497e+00,1.299496e+00,1.379014e+00,1.497840e+00,-1.333277e+00,-1.031018e+00,-8.561363e-01,-7.797270e-01,-7.746280e-01,-7.764385e-01,-8.220391e-01,-8.810570e-01,-1.182202e+00,1.279783e+00,7.999777e-01,7.757542e-01,7.910618e-01,7.856120e-01,7.909237e-01,7.856903e-01,8.004124e-01,8.456578e-01,9.721733e-01,1.047194e+00,1.254267e+00,1.349921e+00,1.385585e+00,1.380594e+00,1.357871e+00,1.342430e+00,1.337437e+00,
1.561754e+00,1.555645e+00,1.567775e+00,1.555645e+00,-1.564907e+00,1.567881e+00,1.565000e+00,1.532293e+00,1.529468e+00,1.530307e+00,1.527195e+00,1.542126e+00,1.541992e+00,-1.567955e+00,-1.553756e+00,-1.539495e+00,-1.550546e+00,-1.550633e+00,-1.553613e+00,-1.556361e+00,-1.559231e+00,-1.556292e+00,-1.556340e+00,-1.556266e+00,-1.556356e+00,-1.562177e+00,-1.562201e+00,-1.565015e+00,1.564925e+00,1.544351e+00,1.538639e+00,
1.536791e+00,1.540209e+00,1.543536e+00,1.564873e+00,1.546798e+00,1.522639e+00,1.523388e+00,1.514752e+00,1.514737e+00,1.515447e+00,1.530115e+00,1.556557e+00,-1.567944e+00,-1.542039e+00,-1.522103e+00,-1.519138e+00,-1.524710e+00,-1.536098e+00,-1.527548e+00,-1.533359e+00,-1.533053e+00,-1.547533e+00,-1.538865e+00,-1.553638e+00,-1.567947e+00,-1.567946e+00,1.535247e+00,1.538947e+00,1.536293e+00,1.536091e+00,
1.323598e+00,1.327235e+00,1.336876e+00,1.336181e+00,1.332833e+00,1.322400e+00,1.305833e+00,1.289540e+00,1.286050e+00,1.295743e+00,1.301361e+00,1.326741e+00,1.336492e+00,1.347269e+00,1.336389e+00,1.327188e+00,1.311970e+00,1.299278e+00,1.299720e+00,1.308415e+00,1.317378e+00,1.329418e+00,1.340041e+00,1.340327e+00,1.320482e+00,1.298065e+00,1.289739e+00,1.285038e+00,1.285249e+00,1.290225e+00,1.289285e+00,1.298866e+00,1.296630e+00,
1.319681e+00,1.317293e+00,1.308731e+00,1.301701e+00,1.295965e+00,1.290794e+00,1.288727e+00,1.291332e+00,1.307357e+00,1.310895e+00,1.313137e+00,1.312747e+00,1.302450e+00,1.312394e+00,1.290774e+00,1.283974e+00,1.283232e+00,1.288626e+00,1.297339e+00,1.309482e+00,1.309160e+00,1.310205e+00,1.315176e+00,1.312441e+00,1.311814e+00,1.312373e+00,1.312455e+00,1.307742e+00,1.309851e+00,1.313480e+00,1.315972e+00,1.316372e+00,
1.309327e+00,1.303957e+00,1.291733e+00,1.282521e+00,1.267413e+00,1.258635e+00,1.249622e+00,1.256711e+00,1.266854e+00,1.293099e+00,1.304431e+00,1.320852e+00,1.335866e+00,1.329584e+00,1.319209e+00,1.301452e+00,1.289954e+00,1.273123e+00,1.276158e+00,1.288943e+00,1.311556e+00,1.311421e+00,1.321130e+00,1.327931e+00,1.319948e+00,1.317287e+00,1.313413e+00,1.315426e+00,1.310595e+00,1.300803e+00,1.306532e+00,
1.310555e+00,1.310091e+00,1.304623e+00,1.293685e+00,1.295963e+00,1.282933e+00,1.278766e+00,1.287488e+00,1.297366e+00,1.307853e+00,1.323833e+00,1.325656e+00,1.327584e+00,1.317509e+00,1.320302e+00,1.301731e+00,1.292912e+00,1.307458e+00,1.309962e+00,1.320262e+00,1.327003e+00,1.319195e+00,1.315563e+00,1.309566e+00,1.305923e+00,1.295031e+00,1.295084e+00,1.298174e+00,1.307195e+00,1.304480e+00,1.316271e+00,1.316630e+00,1.307966e+00,1.296999e+00,1.304336e+00,1.295691e+00,1.287403e+00,1.291744e+00,1.298143e+00,1.291831e+00,1.296582e+00,1.290133e+00,
1.258485e+00,1.254683e+00,1.257782e+00,1.243582e+00,1.239724e+00,1.236072e+00,1.237631e+00,1.231237e+00,1.235386e+00,1.254361e+00,1.251823e+00,1.260759e+00,1.256747e+00,1.256828e+00,1.250519e+00,1.263985e+00,1.254593e+00,1.253187e+00,1.257201e+00,1.256834e+00,1.256574e+00,1.250325e+00,1.247396e+00,1.256532e+00,1.247430e+00,1.245243e+00,
1.525877e+00,1.531643e+00,1.531394e+00,1.522272e+00,1.529158e+00,1.532188e+00,1.523335e+00,1.526345e+00,1.515174e+00,1.512279e+00,1.515538e+00,1.524783e+00,1.522094e+00,1.525047e+00,1.536440e+00,1.536179e+00,1.535974e+00,1.553566e+00,1.556305e+00,1.567911e+00,-1.567903e+00,1.570700e+00,1.570700e+00,1.570700e+00,1.567896e+00,1.570700e+00,1.570700e+00,-1.556233e+00,-1.559018e+00,-1.558900e+00,1.555639e+00,1.558892e+00,
1.245511e+00,1.261393e+00,1.257110e+00,1.265155e+00,1.262995e+00,1.259064e+00,1.256060e+00,1.267280e+00,1.273029e+00,1.285233e+00,1.275861e+00,1.265800e+00,1.272600e+00,1.269920e+00,1.265511e+00,1.270561e+00,1.274338e+00,1.273298e+00,1.275048e+00,1.277856e+00,1.278168e+00,1.277960e+00,1.263921e+00,1.258979e+00,1.253477e+00,
1.543825e+00,1.524933e+00,1.540557e+00,1.556095e+00,1.553336e+00,1.529299e+00,1.529775e+00,1.530026e+00,1.530341e+00,1.535847e+00,1.535811e+00,1.556302e+00,1.570700e+00,-1.553550e+00,-1.544823e+00,-1.547708e+00,-1.553367e+00,-1.547743e+00,-1.556354e+00,-1.542113e+00,-1.538771e+00,-1.527300e+00,-1.524510e+00,-1.541151e+00,-1.511168e+00,-1.547281e+00,
1.336112e+00,1.344912e+00,1.326510e+00,1.308539e+00,1.285691e+00,1.264421e+00,1.263458e+00,1.267572e+00,1.286358e+00,1.313635e+00,1.330110e+00,1.342210e+00,1.329359e+00,1.319998e+00,1.309806e+00,1.302517e+00,1.302613e+00,1.307557e+00,1.320607e+00,1.324382e+00,1.329108e+00,1.330619e+00,1.324135e+00,1.324020e+00,1.315198e+00,1.310191e+00,1.306140e+00,1.297163e+00,
1.284772e+00,1.287325e+00,1.300268e+00,1.288171e+00,1.282787e+00,1.281831e+00,1.292062e+00,1.300071e+00,1.302770e+00,1.302912e+00,1.307648e+00,1.288151e+00,1.278300e+00,1.272489e+00,1.265887e+00,1.266215e+00,1.262609e+00,1.277785e+00,1.287181e+00,1.297629e+00,1.299084e+00,1.306015e+00,1.301404e+00,1.294282e+00,1.286077e+00,1.274762e+00,1.273878e+00,1.277521e+00,1.283490e+00,1.280584e+00,1.289959e+00,1.292669e+00,1.300376e+00,1.298021e+00,1.291265e+00,
1.350662e+00,1.357526e+00,1.359682e+00,1.364673e+00,1.373795e+00,1.377794e+00,1.378639e+00,1.379047e+00,1.376897e+00,1.375306e+00,1.374924e+00,1.375860e+00,1.377916e+00,1.379123e+00,1.369937e+00,1.371394e+00,1.365716e+00,1.371403e+00,1.362555e+00,1.355243e+00,1.354209e+00,1.336427e+00,1.332187e+00,1.341828e+00,1.334762e+00,1.344741e+00,1.351118e+00,1.357001e+00,
1.310847e+00,1.309511e+00,1.217061e+00,1.239343e+00,1.199918e+00,1.098264e+00,1.077528e+00,9.897793e-01,9.601012e-01,9.554334e-01,9.777285e-01,1.133346e+00,1.101374e+00,1.030977e+00,1.032491e+00,1.080516e+00,1.078339e+00,1.058688e+00,1.096102e+00,1.049153e+00,1.037916e+00,1.023646e+00,9.871716e-01,9.654403e-01,9.646618e-01,1.028356e+00,1.081154e+00,1.118470e+00,1.156734e+00,1.208091e+00,1.219515e+00,1.216803e+00,1.247527e+00,1.263562e+00,1.257052e+00,
1.276297e+00,1.272635e+00,1.268067e+00,1.267967e+00,1.256506e+00,1.244254e+00,1.231874e+00,1.219937e+00,1.227449e+00,1.202196e+00,1.191951e+00,1.187151e+00,1.191586e+00,1.197537e+00,1.190393e+00,1.194817e+00,1.195558e+00,1.199087e+00,1.199249e+00,1.196177e+00,1.201497e+00,1.195799e+00,1.195393e+00,1.197849e+00,1.202428e+00,1.217656e+00,1.230976e+00,1.269268e+00,1.296760e+00,1.297925e+00,1.299780e+00,1.305029e+00,1.302402e+00,
1.316402e+00,1.325763e+00,1.332023e+00,1.338232e+00,1.353803e+00,1.353100e+00,1.352031e+00,1.355378e+00,1.351797e+00,1.355245e+00,1.357817e+00,1.354196e+00,1.341510e+00,1.337726e+00,1.330220e+00,1.331091e+00,1.330086e+00,1.331982e+00,1.328822e+00,1.329040e+00,1.319481e+00,1.318738e+00,1.316401e+00,1.310333e+00,1.311633e+00,1.305510e+00,1.299484e+00,
1.275898e+00,1.274355e+00,1.273246e+00,1.278741e+00,1.283497e+00,1.284149e+00,1.277182e+00,1.278297e+00,1.283366e+00,1.285460e+00,1.285596e+00,1.290803e+00,1.288996e+00,1.286764e+00,1.279100e+00,1.287440e+00,1.290490e+00,
1.318779e+00,1.360366e+00,1.380754e+00,1.428256e+00,1.531190e+00,-1.515396e+00,-1.475385e+00,-1.430536e+00,-1.366617e+00,-1.291973e+00,-1.201576e+00,-1.204674e+00,-1.154676e+00,-1.133044e+00,-1.113118e+00,-1.096799e+00,-1.105881e+00,-1.113344e+00,-1.114563e+00,-1.110958e+00,-1.118290e+00,-1.122063e+00,-1.126970e+00,-1.144991e+00,-1.163287e+00,-1.222101e+00,-1.275936e+00,-1.381775e+00,-1.414777e+00,1.522438e+00,1.427756e+00,1.339323e+00,1.272918e+00,1.251560e+00,1.213375e+00,
1.256581e+00,1.256519e+00,1.256265e+00,1.254295e+00,1.261260e+00,1.253992e+00,1.253561e+00,1.257312e+00,1.249391e+00,1.248918e+00,1.249917e+00,1.243441e+00,1.244713e+00,1.246429e+00,1.243350e+00,1.249810e+00,1.249237e+00,1.256569e+00,1.248243e+00,1.242060e+00,1.241856e+00,
1.249016e+00,1.246237e+00,1.250332e+00,1.248194e+00,1.242684e+00,1.244884e+00,1.236957e+00,1.237538e+00,1.236520e+00,1.238704e+00,1.243391e+00,1.236399e+00,1.238207e+00,1.245694e+00,1.251434e+00,1.250031e+00,1.249519e+00,1.249859e+00,1.248024e+00,1.244353e+00,
1.254875e+00,1.255655e+00,1.259762e+00,1.263520e+00,1.255475e+00,1.266936e+00,1.262212e+00,1.265597e+00,1.260231e+00,1.251619e+00,1.244908e+00,1.246580e+00,1.247199e+00,1.258391e+00,1.260348e+00,1.261343e+00,1.266279e+00,1.266046e+00,1.263262e+00,
1.348559e+00,1.351998e+00,1.356716e+00,1.374323e+00,1.375737e+00,1.366529e+00,1.340776e+00,1.329098e+00,1.294223e+00,1.343710e+00,1.331597e+00,1.338937e+00,1.335386e+00,1.334642e+00,1.327357e+00,1.325855e+00,1.332409e+00,1.341235e+00,1.340594e+00,1.337532e+00,1.340251e+00,1.336047e+00,1.335696e+00,
1.339424e+00,1.339046e+00,1.339752e+00,1.345572e+00,1.347889e+00,1.342766e+00,1.333081e+00,1.325740e+00,1.323957e+00,1.339636e+00,1.344092e+00,1.342514e+00,1.332639e+00,1.324769e+00,1.336396e+00,1.323323e+00,1.324968e+00,1.326213e+00,1.323172e+00,1.323075e+00,1.320400e+00,1.315013e+00,1.316646e+00,1.315084e+00,1.304933e+00,1.306000e+00,1.304856e+00,1.313312e+00,1.320732e+00,1.322634e+00,1.328884e+00,1.329597e+00,1.330723e+00,1.324581e+00,
1.277640e+00,1.293393e+00,1.289810e+00,1.233521e+00,1.230134e+00,1.161864e+00,1.118294e+00,1.111770e+00,1.140915e+00,1.189060e+00,1.287069e+00,1.298401e+00,1.317634e+00,1.329755e+00,1.326412e+00,1.344435e+00,1.346725e+00,1.339469e+00,1.330743e+00,1.362529e+00,1.330613e+00,1.354330e+00,1.360826e+00,1.342255e+00,1.344796e+00,1.359143e+00,1.375702e+00,1.360255e+00,1.375688e+00,1.393058e+00,1.404641e+00,1.365341e+00,1.347535e+00,1.387424e+00,1.372022e+00,1.357567e+00,1.362547e+00,1.422712e+00,1.371273e+00,1.353127e+00,1.357030e+00,1.334592e+00,1.311320e+00,
1.299602e+00,1.301664e+00,1.304308e+00,1.303827e+00,1.300617e+00,1.303045e+00,1.309847e+00,1.310352e+00,1.310649e+00,1.316489e+00,1.325833e+00,1.323105e+00,1.314443e+00,1.309702e+00,1.304882e+00,1.299890e+00,1.298710e+00,1.301287e+00,1.302774e+00,1.303150e+00,1.314526e+00,1.317928e+00,1.318017e+00,1.324761e+00,1.316145e+00,1.311061e+00,1.309619e+00,1.310000e+00,
1.236215e+00,1.238370e+00,1.237525e+00,1.240733e+00,1.247505e+00,1.248796e+00,1.251041e+00,1.256314e+00,1.262613e+00,1.254521e+00,1.257194e+00,1.245406e+00,1.248786e+00,1.258624e+00,1.263383e+00,1.262420e+00,1.267516e+00,1.267066e+00,1.265318e+00,1.272000e+00,1.262581e+00,1.266250e+00,1.271894e+00,1.270371e+00,1.268110e+00,1.263602e+00,1.266195e+00,
1.561495e+00,-1.543208e+00,-1.549272e+00,-1.546282e+00,-1.546435e+00,-1.555499e+00,-1.567719e+00,1.570700e+00,-1.567714e+00,-1.567672e+00,1.551719e+00,1.561342e+00,1.555046e+00,1.552044e+00,1.558287e+00,1.558299e+00,1.555278e+00,1.558307e+00,1.564597e+00,1.558314e+00,-1.567743e+00,-1.547030e+00,-1.523712e+00,
-1.567768e+00,-1.555880e+00,-1.555920e+00,1.564739e+00,1.558655e+00,1.552751e+00,1.552769e+00,1.549754e+00,1.552605e+00,1.549211e+00,1.539479e+00,1.536580e+00,1.533547e+00,1.524136e+00,1.536456e+00,1.539870e+00,1.539778e+00,1.543352e+00,1.555725e+00,1.536844e+00,1.549534e+00,1.564780e+00,1.555432e+00,
1.567860e+00,-1.567852e+00,1.567841e+00,1.570700e+00,1.567880e+00,1.556065e+00,1.544035e+00,1.549961e+00,1.549868e+00,1.552755e+00,1.546625e+00,1.525024e+00,1.525762e+00,1.518958e+00,1.525313e+00,1.528310e+00,1.531540e+00,1.534507e+00,1.540338e+00,1.537187e+00,1.564745e+00,-1.567752e+00,-1.528819e+00,-1.502614e+00,-1.473860e+00,-1.492066e+00,
1.286449e+00,1.274299e+00,1.269432e+00,1.265903e+00,1.249347e+00,1.241677e+00,1.246041e+00,1.239165e+00,1.235233e+00,1.235867e+00,1.238987e+00,1.240401e+00,1.243291e+00,1.241493e+00,1.246066e+00,1.242352e+00,1.237116e+00,1.241909e+00,1.238557e+00,1.241187e+00,1.251821e+00,1.265897e+00,1.280220e+00,1.291191e+00,1.290493e+00,1.295880e+00,1.296798e+00,1.293751e+00,
1.315709e+00,1.318735e+00,1.315315e+00,1.311230e+00,1.320884e+00,1.306001e+00,1.308729e+00,1.309720e+00,1.312316e+00,1.308171e+00,1.305700e+00,1.310882e+00,1.309736e+00,1.307261e+00,1.316544e+00,1.314951e+00,1.317666e+00,1.320496e+00,1.331560e+00,1.327041e+00,1.331367e+00,1.327237e+00,1.326434e+00,1.318544e+00,1.320043e+00,1.317742e+00,
1.224743e+00,1.225634e+00,1.225760e+00,1.222261e+00,1.229333e+00,1.226440e+00,1.223347e+00,1.225397e+00,1.236872e+00,1.225116e+00,1.225197e+00,1.218880e+00,1.234510e+00,1.236763e+00,1.230010e+00,1.236124e+00,1.230088e+00,1.233446e+00,1.239285e+00,1.237477e+00,1.240444e+00,
1.317750e+00,1.316891e+00,1.313974e+00,1.318003e+00,1.312428e+00,1.314369e+00,1.324093e+00,1.326126e+00,1.324573e+00,1.323590e+00,1.323509e+00,1.321041e+00,1.318509e+00,1.313711e+00,1.321815e+00,1.318746e+00,1.318647e+00,1.318914e+00,1.323691e+00,1.322278e+00,1.324916e+00,1.330592e+00,1.324949e+00,1.330476e+00,1.324405e+00,1.329772e+00,1.319384e+00,
1.547224e+00,1.544527e+00,1.553403e+00,1.553190e+00,1.538043e+00,1.547029e+00,1.547017e+00,1.547102e+00,1.541379e+00,1.541487e+00,1.538263e+00,1.529412e+00,1.535652e+00,1.529675e+00,1.541492e+00,1.541301e+00,1.538421e+00,1.538341e+00,1.544307e+00,1.553292e+00,1.553341e+00,-1.559272e+00,-1.564961e+00,
1.271615e+00,1.274596e+00,1.265576e+00,1.267732e+00,1.274914e+00,1.270373e+00,1.262620e+00,1.266146e+00,1.259595e+00,1.256231e+00,1.250211e+00,1.245958e+00,1.245285e+00,1.246505e+00,1.248737e+00,1.247807e+00,1.248285e+00,1.248923e+00,1.262962e+00,1.276505e+00,1.286277e+00,1.297484e+00,1.298537e+00,1.296614e+00,1.288226e+00,1.283534e+00,1.267656e+00,
1.567765e+00,-1.529700e+00,-1.538281e+00,-1.538594e+00,-1.530229e+00,-1.529545e+00,-1.538189e+00,-1.544266e+00,-1.553200e+00,-1.556209e+00,1.567846e+00,1.550229e+00,1.514704e+00,1.500181e+00,1.496516e+00,1.511800e+00,1.511955e+00,1.514917e+00,1.514320e+00,1.520346e+00,1.535536e+00,1.541529e+00,1.552701e+00,-1.552541e+00,-1.564495e+00,-1.558058e+00,-1.554927e+00,1.561285e+00,
1.300392e+00,1.291009e+00,1.286629e+00,1.276183e+00,1.272336e+00,1.270681e+00,1.266978e+00,1.269100e+00,1.277970e+00,1.277539e+00,1.273299e+00,1.276696e+00,1.267794e+00,1.265092e+00,1.262290e+00,1.266095e+00,1.266871e+00,1.281548e+00,1.298239e+00,1.305257e+00,1.304348e+00,1.317041e+00,1.309532e+00,
1.287113e+00,1.287829e+00,1.289382e+00,1.299926e+00,1.300014e+00,1.296772e+00,1.292204e+00,1.294765e+00,1.289709e+00,1.283833e+00,1.282761e+00,1.283927e+00,1.287958e+00,1.286810e+00,1.290543e+00,1.291820e+00,1.290002e+00,1.298934e+00,
1.254119e+00,1.253032e+00,1.257684e+00,1.258267e+00,1.260821e+00,1.257118e+00,1.256369e+00,1.260531e+00,1.257525e+00,1.251298e+00,1.257647e+00,1.262334e+00,1.258911e+00,1.259031e+00,1.253626e+00,1.255835e+00,1.263417e+00,
1.279188e+00,1.275203e+00,1.269973e+00,1.256222e+00,1.242795e+00,1.233966e+00,1.228741e+00,1.220512e+00,1.213213e+00,1.220842e+00,1.217749e+00,1.218366e+00,1.218111e+00,1.222681e+00,1.222934e+00,1.222891e+00,1.224934e+00,1.227866e+00,1.236941e+00,1.238757e+00,1.240044e+00,1.263726e+00,1.277216e+00,1.288484e+00,1.290634e+00,1.293845e+00,1.294216e+00,
1.311646e+00,1.318306e+00,1.317149e+00,1.320689e+00,1.323291e+00,1.326079e+00,1.328160e+00,1.336188e+00,1.336590e+00,1.340300e+00,1.335054e+00,1.326027e+00,1.315089e+00,1.325350e+00,1.333598e+00,1.339526e+00,1.341229e+00,1.340608e+00,1.336093e+00,1.331679e+00,1.319965e+00,1.313574e+00,1.315194e+00,1.312416e+00,1.323115e+00,1.322170e+00,
1.344342e+00,1.348961e+00,1.361380e+00,1.367127e+00,1.365871e+00,1.348836e+00,1.332563e+00,1.358182e+00,1.347066e+00,1.365260e+00,1.367833e+00,1.366235e+00,1.346513e+00,1.348645e+00,1.349562e+00,1.352405e+00,1.345251e+00,1.335603e+00,1.325112e+00,1.318618e+00,1.316942e+00,1.314159e+00,
1.265020e+00,1.263676e+00,1.258995e+00,1.256233e+00,1.256602e+00,1.264284e+00,1.259267e+00,1.258568e+00,1.252814e+00,1.251685e+00,1.247137e+00,1.248681e+00,1.256361e+00,1.258502e+00,1.252564e+00,1.256350e+00,1.259585e+00,1.262422e+00,1.271587e+00,1.277664e+00,1.286664e+00,1.284453e+00,1.292724e+00,1.288264e+00,1.284298e+00,
1.320282e+00,1.316669e+00,1.312504e+00,1.321681e+00,1.310869e+00,1.312168e+00,1.315707e+00,1.313503e+00,1.320740e+00,1.317112e+00,1.320446e+00,1.315114e+00,1.306721e+00,1.312728e+00,1.305215e+00,1.304222e+00,1.303900e+00,1.303610e+00,1.303601e+00,1.311366e+00,1.312280e+00,1.322584e+00,1.324231e+00,1.329321e+00,1.327208e+00,1.315038e+00,1.315083e+00,1.317757e+00,
1.242580e+00,1.245196e+00,1.240931e+00,1.245347e+00,1.251341e+00,1.252970e+00,1.250607e+00,1.237735e+00,1.241421e+00,1.240634e+00,1.245935e+00,1.245219e+00,1.250475e+00,1.248265e+00,1.250181e+00,1.254579e+00,1.251989e+00,1.258741e+00,1.250129e+00,1.251911e+00,
1.306995e+00,1.307475e+00,1.312956e+00,1.309649e+00,1.298942e+00,1.291956e+00,1.300459e+00,1.300945e+00,1.297537e+00,1.298717e+00,1.299795e+00,1.298538e+00,1.300323e+00,1.293797e+00,1.297152e+00,1.298195e+00,1.292129e+00,1.294393e+00,1.296762e+00,1.296254e+00,1.302358e+00,1.302528e+00,1.308777e+00,1.308497e+00,1.312435e+00,1.311280e+00,1.312020e+00,1.314780e+00,1.312861e+00,
1.300008e+00,1.298856e+00,1.298606e+00,1.292310e+00,1.285321e+00,1.279492e+00,1.274461e+00,1.279556e+00,1.272072e+00,1.272625e+00,1.267143e+00,1.276560e+00,1.275257e+00,1.278785e+00,1.279120e+00,1.275642e+00,1.274448e+00,1.278635e+00,1.290772e+00,1.292982e+00,1.287531e+00,1.295089e+00,1.285183e+00,1.281513e+00,1.289432e+00,1.281619e+00,1.291847e+00,1.292171e+00,1.286191e+00,1.288217e+00,1.284372e+00,1.289191e+00,1.294592e+00,1.306153e+00,1.307603e+00,1.300766e+00,
1.257771e+00,1.257356e+00,1.257283e+00,1.257686e+00,1.261866e+00,1.261197e+00,1.264712e+00,1.262397e+00,1.249915e+00,1.248268e+00,1.249747e+00,1.257058e+00,1.253971e+00,1.266294e+00,1.266935e+00,1.269314e+00,1.273648e+00,1.269248e+00,1.258514e+00,1.258975e+00,
1.347048e+00,1.355791e+00,1.360938e+00,1.363409e+00,1.374578e+00,1.384634e+00,1.380774e+00,1.377568e+00,1.371211e+00,1.363598e+00,1.347715e+00,1.339236e+00,1.344712e+00,1.346601e+00,1.352643e+00,1.359735e+00,1.368354e+00,1.363967e+00,1.366816e+00,1.371566e+00,1.377932e+00,1.380994e+00,1.373358e+00,
1.220900e+00,1.230984e+00,1.226336e+00,1.226737e+00,1.229139e+00,1.228526e+00,1.230609e+00,1.230888e+00,1.232135e+00,1.229439e+00,1.236998e+00,1.233823e+00,1.244118e+00,1.242730e+00,1.247538e+00,1.234766e+00,1.249259e+00,
1.246041e+00,1.251622e+00,1.244522e+00,1.177245e+00,1.126803e+00,1.128816e+00,1.134720e+00,1.166388e+00,1.201483e+00,1.259153e+00,1.290753e+00,1.326300e+00,1.352593e+00,1.377198e+00,1.397938e+00,1.397787e+00,1.410567e+00,1.410559e+00,1.393613e+00,1.405664e+00,1.406842e+00,1.410044e+00,1.405886e+00,1.404973e+00,1.383482e+00,1.366170e+00,1.354863e+00,1.329480e+00,1.343097e+00,1.336982e+00,1.342203e+00,1.335016e+00,1.346447e+00,1.305735e+00,1.274314e+00,
1.306637e+00,1.309640e+00,1.282556e+00,1.239074e+00,1.137470e+00,1.085673e+00,1.194936e+00,1.542598e+00,-1.324004e+00,-1.021272e+00,-1.099862e+00,-1.138871e+00,-1.172456e+00,-1.180193e+00,-1.177310e+00,-1.170801e+00,-1.160360e+00,-1.126330e+00,-1.129795e+00,-1.396468e+00,1.547000e+00,1.420850e+00,1.390669e+00,1.341753e+00,
1.292497e+00,1.291515e+00,1.295740e+00,1.293152e+00,1.299538e+00,1.303097e+00,1.308699e+00,1.311264e+00,1.305084e+00,1.312017e+00,1.301864e+00,1.285616e+00,1.287579e+00,1.288328e+00,1.291016e+00,1.289999e+00,1.289430e+00,1.281087e+00,1.280215e+00,1.279960e+00,1.290030e+00,1.291437e+00,1.295284e+00,1.297816e+00,1.292476e+00,1.295679e+00,1.298922e+00,1.298097e+00,
1.296714e+00,1.294096e+00,1.284845e+00,1.281474e+00,1.284599e+00,1.276091e+00,1.276897e+00,1.276119e+00,1.280301e+00,1.275900e+00,1.277709e+00,1.277735e+00,1.257384e+00,1.265742e+00,1.262522e+00,1.259117e+00,1.258912e+00,1.256068e+00,1.252737e+00,1.258395e+00,1.261907e+00,1.262445e+00,1.260923e+00,1.261140e+00,1.265992e+00,1.267941e+00,1.272016e+00,1.272857e+00,1.279159e+00,1.284205e+00,1.291802e+00,1.293935e+00,1.286619e+00,
1.271189e+00,1.271562e+00,1.277865e+00,1.267880e+00,1.309543e+00,1.357573e+00,1.346225e+00,1.336696e+00,1.264255e+00,1.179011e+00,1.049395e+00,1.031250e+00,9.876738e-01,1.019505e+00,1.059987e+00,1.127413e+00,1.131342e+00,1.140559e+00,1.142641e+00,1.161499e+00,1.156887e+00,1.160591e+00,1.152559e+00,1.157285e+00,1.155726e+00,1.147810e+00,1.164181e+00,1.203132e+00,1.184888e+00,1.137199e+00,1.096001e+00,1.108122e+00,1.107961e+00,1.150345e+00,1.170112e+00,1.171262e+00,1.225296e+00,1.271186e+00,1.296773e+00,1.311345e+00,
1.567849e+00,-1.553094e+00,-1.544282e+00,-1.544264e+00,-1.541334e+00,-1.544254e+00,-1.538354e+00,-1.541262e+00,-1.547158e+00,-1.544551e+00,-1.550202e+00,-1.550438e+00,-1.564965e+00,-1.567864e+00,-1.565005e+00,-1.561998e+00,-1.558998e+00,-1.550604e+00,-1.547618e+00,-1.538999e+00,-1.541530e+00,-1.544023e+00,
1.351468e+00,1.357971e+00,1.355833e+00,1.369827e+00,1.375608e+00,1.377407e+00,1.369235e+00,1.359656e+00,1.368482e+00,1.360756e+00,1.350601e+00,1.341937e+00,1.342294e+00,1.336443e+00,1.349923e+00,1.344897e+00,1.350317e+00,1.354807e+00,1.349804e+00,1.347271e+00,1.346661e+00,1.344003e+00,1.336639e+00,1.342077e+00,1.327696e+00,1.333531e+00,1.328268e+00,1.327966e+00,
1.249310e+00,1.253725e+00,1.249025e+00,1.255575e+00,1.260895e+00,1.264980e+00,1.256370e+00,1.255829e+00,1.250759e+00,1.247139e+00,1.253455e+00,1.252281e+00,1.256179e+00,1.257927e+00,1.254560e+00,1.261372e+00,1.265830e+00,1.267508e+00,1.270707e+00,1.272111e+00,1.268207e+00,1.270667e+00,1.263609e+00,
1.270872e+00,1.267720e+00,1.259301e+00,1.257383e+00,1.246159e+00,1.237074e+00,1.236352e+00,1.240811e+00,1.233098e+00,1.234965e+00,1.238235e+00,1.234488e+00,1.237460e+00,1.238023e+00,1.240875e+00,1.237925e+00,1.238976e+00,1.244416e+00,1.249815e+00,1.276621e+00,1.296345e+00,1.297501e+00,1.300108e+00,
1.279174e+00,1.273973e+00,1.267245e+00,1.256974e+00,1.242861e+00,1.232250e+00,1.230170e+00,1.219376e+00,1.216067e+00,1.214108e+00,1.191215e+00,1.156979e+00,1.148579e+00,1.108434e+00,1.107562e+00,1.104886e+00,1.092309e+00,1.091030e+00,1.094897e+00,1.092171e+00,1.098244e+00,1.103149e+00,1.112450e+00,1.134119e+00,1.152623e+00,1.190908e+00,1.229284e+00,1.257963e+00,1.263794e+00,1.272984e+00,
1.316685e+00,1.313591e+00,1.307814e+00,1.301214e+00,1.298759e+00,1.300348e+00,1.296708e+00,1.298570e+00,1.289786e+00,1.292816e+00,1.292909e+00,1.299067e+00,1.300146e+00,1.297661e+00,1.299593e+00,1.297045e+00,1.291370e+00,1.295388e+00,1.295930e+00,1.308927e+00,1.310774e+00,1.314155e+00,1.315410e+00,1.310024e+00,
1.549771e+00,-1.562063e+00,1.564857e+00,1.561923e+00,1.555910e+00,1.570700e+00,1.561782e+00,-1.567845e+00,1.564878e+00,1.570700e+00,-1.567831e+00,-1.567830e+00,1.564851e+00,1.570700e+00,1.564873e+00,1.558977e+00,1.555956e+00,1.558847e+00,1.556074e+00,1.555854e+00,1.561855e+00,1.567769e+00,-1.561785e+00,-1.552656e+00,-1.537135e+00,-1.524498e+00,-1.537239e+00,-1.567729e+00,1.558607e+00,1.558744e+00,1.558761e+00,1.558778e+00,1.558741e+00,1.567783e+00,-1.561796e+00,-1.543975e+00,-1.520211e+00,-1.508623e+00,-1.495371e+00,
1.251973e+00,1.250728e+00,1.251326e+00,1.250518e+00,1.254392e+00,1.251046e+00,1.246911e+00,1.253022e+00,1.244160e+00,1.247280e+00,1.249984e+00,1.249885e+00,1.253978e+00,1.250196e+00,1.251026e+00,1.250244e+00,1.251995e+00,1.255854e+00,1.265452e+00,1.269175e+00,1.273744e+00,1.272567e+00,1.266793e+00,
1.281007e+00,1.272478e+00,1.180509e+00,1.206362e+00,1.104368e+00,1.045760e+00,1.014449e+00,1.038919e+00,1.081092e+00,1.102077e+00,1.084092e+00,1.113034e+00,1.064212e+00,1.061765e+00,1.089878e+00,1.071195e+00,1.073996e+00,1.088762e+00,1.088337e+00,1.085020e+00,1.079487e+00,1.048727e+00,1.036639e+00,9.957974e-01,1.000550e+00,9.866458e-01,9.753879e-01,1.018879e+00,1.091498e+00,1.172329e+00,1.245368e+00,1.300326e+00,1.289820e+00,1.245820e+00,1.235600e+00,1.224914e+00,1.249049e+00,1.266491e+00,1.278360e+00,
1.311211e+00,1.307005e+00,1.309120e+00,1.311445e+00,1.305990e+00,1.311906e+00,1.306807e+00,1.307130e+00,1.315579e+00,1.306365e+00,1.309268e+00,1.318927e+00,1.307636e+00,1.304889e+00,1.309924e+00,1.307599e+00,1.308239e+00,1.316495e+00,1.309004e+00,1.311075e+00,1.320341e+00,1.324234e+00,1.329747e+00,1.329140e+00,1.316161e+00,1.315424e+00,1.303664e+00,
1.289624e+00,1.294601e+00,1.292805e+00,1.306502e+00,1.309783e+00,1.299295e+00,1.309896e+00,1.305824e+00,1.308588e+00,1.305599e+00,1.297823e+00,1.302170e+00,1.299519e+00,1.299139e+00,1.304522e+00,1.304897e+00,1.304838e+00,1.304696e+00,1.301223e+00,1.302355e+00,1.311373e+00,1.313151e+00,1.311740e+00,1.312354e+00,1.306543e+00,1.304464e+00,1.310144e+00,1.310063e+00,
1.307693e+00,1.299165e+00,1.301963e+00,1.300684e+00,1.302492e+00,1.286178e+00,1.291061e+00,1.289184e+00,1.294533e+00,1.298817e+00,1.290539e+00,1.288185e+00,1.287279e+00,1.290794e+00,1.288818e+00,1.287880e+00,1.287995e+00,1.289144e+00,1.287956e+00,1.300406e+00,1.299395e+00,1.305644e+00,1.305282e+00,1.305790e+00,1.311291e+00,1.305207e+00,
1.550329e+00,1.532241e+00,1.550577e+00,1.541968e+00,1.544780e+00,1.547664e+00,1.553529e+00,1.547574e+00,1.556357e+00,1.556327e+00,1.570700e+00,1.570700e+00,1.567912e+00,1.556400e+00,1.556421e+00,1.556486e+00,1.556498e+00,1.559316e+00,1.565063e+00,1.562177e+00,1.570700e+00,-1.567904e+00,-1.550812e+00,-1.539331e+00,-1.539400e+00,-1.556170e+00,
1.301180e+00,1.308601e+00,1.308667e+00,1.309087e+00,1.310323e+00,1.313854e+00,1.307133e+00,1.302156e+00,1.310774e+00,1.312000e+00,1.306299e+00,1.308314e+00,1.303549e+00,1.311800e+00,1.309031e+00,1.309080e+00,1.298237e+00,1.311495e+00,1.309884e+00,1.309633e+00,1.309023e+00,1.309007e+00,1.308527e+00,1.306632e+00,1.316338e+00,1.321925e+00,1.316400e+00,1.319270e+00,1.307812e+00,1.303604e+00,
-1.555928e+00,-1.567804e+00,-1.567816e+00,-1.556007e+00,-1.564829e+00,-1.555928e+00,-1.555917e+00,-1.552831e+00,-1.558656e+00,-1.558839e+00,1.567777e+00,1.570700e+00,1.567839e+00,1.567834e+00,1.570700e+00,-1.561897e+00,-1.558972e+00,-1.567817e+00,-1.558942e+00,-1.567893e+00,1.567864e+00,1.553038e+00,
1.315416e+00,1.304486e+00,1.308445e+00,1.305269e+00,1.300458e+00,1.298035e+00,1.297209e+00,1.297164e+00,1.304999e+00,1.305375e+00,1.304469e+00,1.307105e+00,1.297665e+00,1.300268e+00,1.299911e+00,1.304144e+00,1.298778e+00,1.302883e+00,1.308509e+00,1.308520e+00,1.306318e+00,1.305690e+00,1.309036e+00,
1.259175e+00,1.253822e+00,1.252700e+00,1.250993e+00,1.242295e+00,1.247092e+00,1.249120e+00,1.246884e+00,1.247316e+00,1.246326e+00,1.244591e+00,1.250106e+00,1.245077e+00,1.243107e+00,1.247970e+00,1.248481e+00,1.249885e+00,1.251074e+00,1.250811e+00,1.255883e+00,1.262172e+00,1.268513e+00,1.272006e+00,
