2.079156e+00,2.088077e+00,2.068143e+00,2.063713e+00,2.185761e+00,2.201716e+00,2.196803e+00,2.163422e+00,2.229865e+00,2.257819e+00,2.264786e+00,2.241663e+00,2.197886e+00,2.213304e+00,2.167798e+00,2.207174e+00,2.211544e+00,2.189647e+00,2.188850e+00,2.144048e+00,2.160366e+00,2.157118e+00,2.145761e+00,2.144325e+00,2.115908e+00,
2.039295e+00,2.032917e+00,2.042832e+00,2.041376e+00,2.093358e+00,2.078472e+00,2.094823e+00,2.048809e+00,2.071088e+00,2.124619e+00,2.211996e+00,2.140179e+00,2.134647e+00,2.122854e+00,2.132204e+00,2.135723e+00,2.158628e+00,2.133649e+00,2.146570e+00,2.138913e+00,2.141007e+00,2.136425e+00,2.123287e+00,2.101973e+00,2.093091e+00,
2.058066e+00,2.063037e+00,2.059195e+00,2.072241e+00,2.059161e+00,2.027425e+00,2.065618e+00,2.061258e+00,2.083951e+00,2.066975e+00,2.156435e+00,2.071793e+00,2.047572e+00,2.054252e+00,2.078784e+00,2.089710e+00,2.082647e+00,2.009741e+00,2.057091e+00,2.097235e+00,2.098773e+00,2.094698e+00,2.120713e+00,2.123691e+00,
2.080717e+00,2.083395e+00,2.060534e+00,2.071089e+00,2.038881e+00,2.053874e+00,2.065973e+00,2.023876e+00,2.005012e+00,1.990480e+00,1.986007e+00,2.041887e+00,1.979988e+00,2.115340e+00,2.062138e+00,2.059259e+00,2.038423e+00,2.034283e+00,2.027166e+00,2.065042e+00,2.047194e+00,2.035761e+00,2.040825e+00,2.040704e+00,2.033343e+00,2.047881e+00,2.049756e+00,2.093830e+00,2.093329e+00,2.098761e+00,2.113554e+00,2.109950e+00,2.123632e+00,2.108947e+00,
1.970293e+00,1.967323e+00,1.971755e+00,1.981611e+00,2.000966e+00,2.005596e+00,1.998399e+00,1.998442e+00,1.992162e+00,2.047225e+00,1.984592e+00,2.004452e+00,1.998740e+00,2.020860e+00,2.007370e+00,2.023248e+00,2.009649e+00,2.025443e+00,2.016988e+00,1.995336e+00,2.001048e+00,
2.024069e+00,1.988225e+00,1.950774e+00,1.915989e+00,1.883554e+00,1.804774e+00,1.805877e+00,1.700180e+00,1.690954e+00,1.639240e+00,1.631892e+00,1.663011e+00,1.673887e+00,1.702130e+00,1.704595e+00,1.712449e+00,1.725620e+00,1.752386e+00,1.765827e+00,1.785902e+00,1.873934e+00,1.938780e+00,2.021553e+00,2.130129e+00,2.093374e+00,2.136106e+00,2.125359e+00,2.107953e+00,2.147090e+00,
2.008188e+00,2.016776e+00,2.039589e+00,2.048017e+00,2.093590e+00,2.125601e+00,2.071041e+00,2.105019e+00,2.132265e+00,2.101849e+00,2.035966e+00,2.019348e+00,2.015403e+00,2.032856e+00,2.042434e+00,2.045830e+00,1.997609e+00,2.025823e+00,2.027556e+00,2.008375e+00,2.008178e+00,2.010458e+00,2.010433e+00,
2.084550e+00,2.089377e+00,2.060274e+00,2.012723e+00,2.073442e+00,2.113174e+00,2.168521e+00,2.130138e+00,2.134782e+00,2.139715e+00,2.142745e+00,2.215273e+00,2.135944e+00,2.119488e+00,2.085604e+00,2.094615e+00,2.083047e+00,2.103300e+00,2.090137e+00,2.101688e+00,2.107740e+00,
1.945085e+00,1.878435e+00,1.916329e+00,2.001387e+00,2.170213e+00,2.188504e+00,2.106761e+00,2.066737e+00,2.032706e+00,2.022712e+00,2.019579e+00,2.034783e+00,2.028246e+00,2.024245e+00,1.985219e+00,1.975461e+00,2.010783e+00,2.048722e+00,2.069403e+00,
2.026872e+00,2.044524e+00,1.998992e+00,1.979491e+00,1.996443e+00,2.000428e+00,1.852947e+00,1.702642e+00,1.661321e+00,1.661121e+00,1.680034e+00,1.699972e+00,1.707093e+00,1.703108e+00,1.718567e+00,1.737218e+00,1.806925e+00,1.890942e+00,1.973377e+00,2.099201e+00,2.178680e+00,2.184377e+00,2.142677e+00,2.150032e+00,2.147427e+00,2.146634e+00,2.116581e+00,2.118655e+00,
1.986258e+00,1.977249e+00,1.984030e+00,1.986284e+00,1.978784e+00,1.982209e+00,1.971844e+00,1.943466e+00,1.997230e+00,1.975914e+00,1.998721e+00,1.984008e+00,1.962585e+00,1.954564e+00,2.071928e+00,1.988856e+00,1.954863e+00,1.969329e+00,1.974329e+00,2.000960e+00,1.995882e+00,1.967336e+00,2.000520e+00,2.022701e+00,
2.027994e+00,2.019044e+00,1.994834e+00,1.932407e+00,1.891831e+00,1.899211e+00,1.932252e+00,1.905662e+00,1.870723e+00,1.807305e+00,1.772806e+00,1.768927e+00,1.755142e+00,1.769761e+00,1.776917e+00,1.818428e+00,1.823042e+00,1.813870e+00,1.818754e+00,1.826050e+00,1.838385e+00,1.832091e+00,1.852867e+00,1.930928e+00,1.988220e+00,2.065302e+00,2.164147e+00,2.220720e+00,2.200584e+00,2.172756e+00,2.171602e+00,2.180983e+00,2.178462e+00,2.172947e+00,
2.002014e+00,2.007960e+00,1.990438e+00,1.981633e+00,2.029668e+00,2.050906e+00,2.036333e+00,2.035314e+00,2.054531e+00,2.012709e+00,1.984820e+00,2.007499e+00,2.014261e+00,2.014710e+00,2.017855e+00,2.018283e+00,2.034519e+00,2.033440e+00,2.034354e+00,2.033105e+00,2.041640e+00,2.027675e+00,2.041778e+00,2.034018e+00,2.028510e+00,
1.994369e+00,2.004461e+00,1.995152e+00,2.019561e+00,2.021138e+00,2.013823e+00,2.049822e+00,2.065303e+00,2.100926e+00,2.080116e+00,2.096234e+00,2.099084e+00,2.070841e+00,2.070421e+00,2.059366e+00,2.061355e+00,2.035894e+00,2.042341e+00,2.081419e+00,2.055611e+00,2.040933e+00,2.041333e+00,2.049066e+00,2.050356e+00,2.043779e+00,2.029513e+00,2.035148e+00,2.024088e+00,
2.032004e+00,2.048698e+00,2.040079e+00,2.045650e+00,2.048407e+00,2.101501e+00,2.090050e+00,2.063367e+00,2.060015e+00,2.149868e+00,2.079016e+00,2.072793e+00,2.072321e+00,2.048003e+00,2.033731e+00,2.043652e+00,2.035808e+00,2.038326e+00,2.024917e+00,2.017061e+00,2.040287e+00,2.034149e+00,
1.998185e+00,1.993473e+00,2.005971e+00,2.034968e+00,2.074631e+00,2.081973e+00,2.081164e+00,2.028824e+00,2.014019e+00,2.021512e+00,2.078849e+00,2.004758e+00,2.002460e+00,2.017619e+00,2.027245e+00,2.032125e+00,1.994551e+00,1.984595e+00,1.989045e+00,2.008387e+00,2.001666e+00,1.992917e+00,1.970568e+00,1.971682e+00,
2.148853e+00,2.157669e+00,2.145057e+00,2.138886e+00,2.134192e+00,2.139922e+00,2.166040e+00,2.176215e+00,2.182486e+00,2.154376e+00,2.213683e+00,2.205987e+00,2.177245e+00,2.209665e+00,2.167004e+00,2.165748e+00,2.180688e+00,2.198586e+00,2.214207e+00,2.177598e+00,2.116155e+00,2.105457e+00,2.077189e+00,2.067502e+00,2.086032e+00,2.130861e+00,2.127483e+00,2.130744e+00,2.154960e+00,2.145535e+00,2.128747e+00,2.119898e+00,
2.080048e+00,2.099276e+00,2.134230e+00,2.162023e+00,2.182902e+00,2.187447e+00,2.180693e+00,2.172333e+00,2.141798e+00,2.178015e+00,2.150882e+00,2.100006e+00,2.089258e+00,2.112801e+00,2.103017e+00,2.113458e+00,2.134356e+00,2.143996e+00,2.136114e+00,2.108229e+00,2.174288e+00,2.154696e+00,2.115902e+00,2.115891e+00,2.160662e+00,2.097661e+00,2.112335e+00,2.129203e+00,2.140348e+00,2.132187e+00,2.131289e+00,2.127524e+00,2.127756e+00,2.122468e+00,2.127042e+00,2.138491e+00,2.111978e+00,2.121615e+00,2.130421e+00,
2.070240e+00,2.081204e+00,2.093322e+00,2.105386e+00,2.143854e+00,2.149991e+00,2.175334e+00,2.202041e+00,2.187563e+00,2.174430e+00,2.159064e+00,2.200307e+00,2.170177e+00,2.149491e+00,2.137055e+00,2.156033e+00,2.200663e+00,2.155187e+00,2.157161e+00,2.168275e+00,2.218659e+00,2.201126e+00,2.172324e+00,2.164473e+00,2.195566e+00,2.140150e+00,2.151313e+00,2.162652e+00,2.162343e+00,2.163525e+00,2.128201e+00,2.124460e+00,2.118662e+00,2.109726e+00,2.117352e+00,2.094826e+00,2.097918e+00,2.082697e+00,2.066626e+00,
2.027894e+00,2.043080e+00,2.046595e+00,2.082166e+00,2.140558e+00,2.177995e+00,2.178214e+00,2.218906e+00,2.199846e+00,2.174662e+00,2.168982e+00,2.148615e+00,2.094381e+00,2.055879e+00,2.026024e+00,2.040425e+00,2.066624e+00,2.069917e+00,2.053335e+00,2.060042e+00,2.077543e+00,2.051270e+00,2.045580e+00,2.082981e+00,2.050508e+00,
2.070210e+00,2.066115e+00,2.067666e+00,2.077097e+00,2.108428e+00,2.082360e+00,2.079707e+00,2.081964e+00,2.147632e+00,2.121033e+00,2.136847e+00,2.128252e+00,2.127274e+00,2.117967e+00,2.079026e+00,2.067543e+00,2.057109e+00,2.060133e+00,2.066096e+00,2.077546e+00,2.070867e+00,2.050223e+00,2.018195e+00,2.034493e+00,2.064075e+00,2.074270e+00,2.088922e+00,2.093895e+00,2.103624e+00,2.107249e+00,2.114938e+00,
2.055902e+00,2.066079e+00,2.093102e+00,2.091442e+00,2.120368e+00,2.135482e+00,2.188136e+00,2.176051e+00,2.153281e+00,2.123259e+00,2.172335e+00,2.120181e+00,2.121574e+00,2.130113e+00,2.112190e+00,2.131859e+00,2.146321e+00,2.126329e+00,2.116073e+00,2.196774e+00,2.159935e+00,2.106887e+00,2.130278e+00,2.186016e+00,2.090461e+00,2.093244e+00,2.098715e+00,2.066571e+00,2.106644e+00,2.104334e+00,2.103048e+00,2.094346e+00,2.084251e+00,2.084116e+00,2.089403e+00,2.089518e+00,2.095616e+00,
2.079476e+00,2.060305e+00,2.065633e+00,2.095541e+00,2.105917e+00,2.160131e+00,2.080098e+00,2.082804e+00,2.112762e+00,2.147323e+00,2.110044e+00,2.082889e+00,2.023105e+00,2.008002e+00,2.001725e+00,2.006906e+00,2.010098e+00,2.011175e+00,1.996688e+00,2.016582e+00,2.065650e+00,2.048010e+00,2.046452e+00,2.070427e+00,2.121842e+00,2.114755e+00,
2.111368e+00,2.095360e+00,2.119533e+00,2.109911e+00,2.125035e+00,2.110833e+00,2.116414e+00,2.127233e+00,2.144792e+00,2.172318e+00,2.087400e+00,2.072171e+00,2.052660e+00,2.058358e+00,2.035982e+00,2.054553e+00,2.086273e+00,2.108302e+00,2.126400e+00,2.071290e+00,2.107625e+00,2.075475e+00,2.104671e+00,2.131196e+00,2.127267e+00,
1.938169e+00,1.968523e+00,1.991263e+00,2.003933e+00,2.028918e+00,2.032098e+00,2.002312e+00,2.023121e+00,1.975035e+00,2.082440e+00,2.043318e+00,2.001937e+00,2.009655e+00,1.998174e+00,1.973296e+00,1.982941e+00,1.946113e+00,1.953781e+00,1.930463e+00,1.930968e+00,1.931073e+00,
1.940352e+00,1.964878e+00,1.999414e+00,2.002545e+00,2.003254e+00,2.013113e+00,2.018961e+00,2.006918e+00,2.007387e+00,1.988305e+00,1.983298e+00,1.980706e+00,2.024320e+00,1.990860e+00,1.979420e+00,1.945447e+00,1.949437e+00,1.954549e+00,1.937558e+00,1.954910e+00,1.947893e+00,1.938214e+00,
2.019136e+00,2.025978e+00,2.023580e+00,2.023290e+00,2.024016e+00,2.004629e+00,2.032007e+00,2.055074e+00,2.073951e+00,2.059417e+00,2.039176e+00,2.115070e+00,2.061721e+00,2.040632e+00,1.997336e+00,2.014398e+00,2.008936e+00,2.035066e+00,2.002189e+00,2.013759e+00,2.019063e+00,2.037053e+00,2.048285e+00,2.025058e+00,2.024568e+00,
2.038057e+00,2.042361e+00,2.067883e+00,2.081471e+00,2.063743e+00,2.096345e+00,2.108609e+00,2.142895e+00,2.144438e+00,2.167092e+00,2.135406e+00,2.072034e+00,2.125550e+00,2.133246e+00,2.111915e+00,2.116515e+00,2.154005e+00,2.129389e+00,2.153498e+00,2.163216e+00,2.120102e+00,2.168156e+00,2.144162e+00,2.116098e+00,2.115703e+00,2.148507e+00,2.095454e+00,2.117906e+00,2.110036e+00,2.128848e+00,2.090760e+00,2.104164e+00,2.099364e+00,2.076297e+00,2.072205e+00,2.087998e+00,2.093729e+00,2.093262e+00,
2.008910e+00,1.980590e+00,1.988015e+00,2.065464e+00,2.217545e+00,2.460204e+00,2.458304e+00,2.396200e+00,2.303448e+00,2.277582e+00,2.173292e+00,2.101294e+00,2.081825e+00,2.033336e+00,1.990685e+00,1.935671e+00,1.924527e+00,1.961013e+00,2.040332e+00,2.115591e+00,2.074211e+00,2.065336e+00,
2.007915e+00,2.027141e+00,2.029307e+00,2.006629e+00,2.035288e+00,2.013550e+00,2.050928e+00,2.070621e+00,2.038501e+00,2.082252e+00,2.094455e+00,2.070365e+00,2.098150e+00,2.079241e+00,2.090902e+00,2.044431e+00,2.017523e+00,1.998952e+00,1.983386e+00,2.013231e+00,2.003000e+00,1.992446e+00,2.003880e+00,2.017066e+00,2.021106e+00,2.035836e+00,2.038645e+00,2.036240e+00,2.037621e+00,
1.985622e+00,2.036752e+00,2.102447e+00,2.135809e+00,2.166496e+00,2.176630e+00,2.108045e+00,2.056952e+00,2.100888e+00,2.080675e+00,2.152449e+00,2.071863e+00,2.066944e+00,2.057618e+00,2.043084e+00,2.026765e+00,2.021069e+00,1.989524e+00,1.951815e+00,1.971594e+00,1.996791e+00,1.993531e+00,1.992012e+00,
2.036503e+00,2.017706e+00,2.019829e+00,2.005004e+00,1.978291e+00,1.914954e+00,1.981045e+00,1.992689e+00,1.964635e+00,2.009513e+00,1.970631e+00,2.138956e+00,2.054266e+00,2.090082e+00,2.095660e+00,2.105321e+00,2.109006e+00,2.070546e+00,2.084905e+00,2.093469e+00,2.060778e+00,2.099190e+00,2.167746e+00,2.094125e+00,2.088959e+00,2.065291e+00,2.060722e+00,2.076776e+00,2.055403e+00,2.057287e+00,
1.971232e+00,1.981338e+00,1.994739e+00,1.994309e+00,2.008744e+00,2.008764e+00,1.993667e+00,2.031028e+00,2.006588e+00,1.994245e+00,2.093851e+00,2.013896e+00,2.011422e+00,2.022216e+00,2.028491e+00,2.001786e+00,2.011765e+00,2.013771e+00,2.027097e+00,2.012225e+00,2.012535e+00,2.007270e+00,1.989881e+00,1.983242e+00,1.975191e+00,1.971459e+00,
1.906845e+00,1.942145e+00,1.949642e+00,1.965900e+00,1.977559e+00,1.995096e+00,2.012450e+00,1.981895e+00,2.017197e+00,1.987519e+00,1.989281e+00,1.990316e+00,1.962573e+00,1.962893e+00,2.016665e+00,1.962487e+00,1.968408e+00,1.977148e+00,1.980632e+00,1.973615e+00,
2.061210e+00,2.074789e+00,2.055022e+00,2.072570e+00,2.128383e+00,2.165821e+00,2.230700e+00,2.112390e+00,2.210234e+00,1.739231e+00,1.734478e+00,1.771014e+00,1.846164e+00,1.866430e+00,1.907633e+00,1.922555e+00,1.887087e+00,1.896838e+00,1.909443e+00,1.983317e+00,2.029813e+00,2.107484e+00,2.199852e+00,2.220955e+00,2.206786e+00,2.176964e+00,2.163425e+00,
2.097489e+00,2.077607e+00,2.095654e+00,2.073300e+00,2.081931e+00,2.072351e+00,2.105404e+00,2.121775e+00,2.121268e+00,2.114285e+00,2.106311e+00,2.121825e+00,2.156375e+00,2.167606e+00,2.164188e+00,2.165770e+00,2.173405e+00,2.176611e+00,2.158695e+00,2.173833e+00,2.163862e+00,2.204082e+00,2.159173e+00,2.164185e+00,2.163934e+00,2.166296e+00,2.153781e+00,2.118943e+00,
2.038332e+00,2.044142e+00,2.046578e+00,2.036864e+00,2.044626e+00,2.038224e+00,2.042178e+00,2.043412e+00,2.040368e+00,2.054809e+00,2.050476e+00,2.034522e+00,2.036210e+00,2.079625e+00,2.109664e+00,2.118192e+00,2.095810e+00,2.064099e+00,2.120308e+00,2.079347e+00,2.056886e+00,2.017689e+00,2.019326e+00,2.001462e+00,2.015775e+00,2.024726e+00,2.022316e+00,2.011950e+00,2.026066e+00,2.030403e+00,2.055053e+00,2.037261e+00,2.046108e+00,2.046748e+00,2.035018e+00,
2.001338e+00,2.005797e+00,2.013849e+00,2.025963e+00,2.083072e+00,2.079170e+00,2.070475e+00,2.065473e+00,2.123836e+00,2.083750e+00,2.030479e+00,2.011075e+00,2.006097e+00,2.019004e+00,2.019335e+00,2.034039e+00,2.007945e+00,2.020457e+00,1.995633e+00,1.979660e+00,1.980610e+00,1.968020e+00,1.976520e+00,1.963833e+00,2.010597e+00,
2.081814e+00,2.041529e+00,2.014299e+00,2.032190e+00,2.055191e+00,2.042197e+00,2.081450e+00,2.191349e+00,2.147141e+00,2.138183e+00,1.861930e+00,1.691108e+00,1.677185e+00,1.671039e+00,1.699170e+00,1.735131e+00,1.737215e+00,1.721480e+00,1.714966e+00,1.711014e+00,1.697102e+00,1.806927e+00,1.910870e+00,2.078061e+00,2.114288e+00,2.106237e+00,2.188749e+00,2.150872e+00,2.107734e+00,
2.078391e+00,2.055517e+00,2.055058e+00,2.046258e+00,2.034168e+00,2.045034e+00,2.061113e+00,2.083753e+00,2.029211e+00,2.065390e+00,2.087172e+00,2.146556e+00,2.290295e+00,2.186425e+00,2.182344e+00,2.180138e+00,2.191859e+00,2.194504e+00,2.233027e+00,2.186105e+00,2.193405e+00,2.195653e+00,2.201763e+00,2.208665e+00,2.207685e+00,2.144384e+00,2.146913e+00,2.144227e+00,2.124819e+00,2.146504e+00,2.146730e+00,2.124553e+00,2.130074e+00,
2.055064e+00,2.035174e+00,2.019053e+00,2.011456e+00,2.116104e+00,2.183821e+00,2.279036e+00,2.255337e+00,2.158847e+00,2.074967e+00,2.089746e+00,2.083012e+00,2.061857e+00,2.056977e+00,2.048120e+00,2.011429e+00,1.987296e+00,1.977935e+00,2.016046e+00,2.086372e+00,2.101628e+00,2.076206e+00,2.062535e+00,2.061196e+00,2.044751e+00,
2.100717e+00,2.079344e+00,2.069371e+00,2.043952e+00,2.025459e+00,2.020887e+00,1.975356e+00,1.975693e+00,1.972802e+00,1.990810e+00,2.028103e+00,2.084291e+00,2.078519e+00,2.083444e+00,2.079028e+00,2.089270e+00,2.056353e+00,2.075146e+00,2.076557e+00,2.071782e+00,2.068395e+00,2.065276e+00,2.053141e+00,2.063854e+00,2.082019e+00,2.093149e+00,2.122529e+00,2.126303e+00,2.120664e+00,2.132116e+00,2.133217e+00,
1.950749e+00,2.009053e+00,2.016154e+00,1.995651e+00,1.980851e+00,2.016022e+00,1.986630e+00,1.998497e+00,2.019781e+00,2.024718e+00,2.084614e+00,2.059026e+00,2.027858e+00,2.014307e+00,2.044413e+00,2.040638e+00,2.032071e+00,1.989843e+00,1.977885e+00,1.965874e+00,1.975120e+00,1.974771e+00,1.964866e+00,1.971945e+00,
2.016809e+00,2.013593e+00,2.008363e+00,1.976917e+00,2.024138e+00,2.071045e+00,2.057414e+00,2.067150e+00,2.067672e+00,2.038850e+00,2.120058e+00,2.057449e+00,2.035101e+00,2.023111e+00,2.015469e+00,2.013985e+00,2.040412e+00,2.024864e+00,2.014405e+00,2.035350e+00,2.050212e+00,2.042089e+00,2.057716e+00,2.045428e+00,2.053665e+00,
2.104541e+00,2.100222e+00,2.055045e+00,2.062072e+00,2.110407e+00,2.209460e+00,2.359051e+00,-6.286860e-01,-6.055273e-01,-6.465371e-01,-6.885263e-01,2.355446e+00,2.234066e+00,2.117137e+00,2.076375e+00,2.027396e+00,2.040602e+00,2.032720e+00,2.028229e+00,2.006848e+00,2.029722e+00,2.035035e+00,1.993089e+00,1.979954e+00,1.966579e+00,1.991232e+00,2.033894e+00,2.079225e+00,2.132151e+00,2.107667e+00,2.097929e+00,
2.024807e+00,2.032196e+00,2.027646e+00,2.050512e+00,2.049180e+00,2.060468e+00,2.092289e+00,2.108088e+00,2.106204e+00,2.125136e+00,2.118551e+00,2.161245e+00,2.200174e+00,2.114462e+00,2.068609e+00,2.063945e+00,2.047996e+00,2.054249e+00,2.071512e+00,2.064473e+00,2.070412e+00,2.067671e+00,2.084881e+00,2.027987e+00,2.072291e+00,2.067738e+00,2.103835e+00,2.099662e+00,2.084260e+00,2.077137e+00,2.068317e+00,
1.996027e+00,2.018240e+00,2.039784e+00,2.014765e+00,2.046121e+00,2.067314e+00,2.043544e+00,2.067311e+00,2.047627e+00,2.085204e+00,2.070302e+00,2.121902e+00,2.085526e+00,2.040876e+00,2.028545e+00,2.030202e+00,2.036005e+00,2.031878e+00,2.042693e+00,2.025332e+00,2.028062e+00,1.984371e+00,2.027621e+00,2.070811e+00,2.085977e+00,2.112264e+00,2.109159e+00,2.121027e+00,2.131373e+00,2.117115e+00,
2.064047e+00,2.087436e+00,2.094744e+00,2.103593e+00,2.139758e+00,2.176519e+00,2.183539e+00,2.211789e+00,2.200964e+00,2.209993e+00,2.263824e+00,2.198989e+00,2.146914e+00,2.137628e+00,2.208190e+00,2.149491e+00,2.155967e+00,2.159793e+00,2.154644e+00,2.150198e+00,2.188141e+00,2.177017e+00,2.156138e+00,2.153189e+00,2.137944e+00,2.134984e+00,2.158529e+00,2.135174e+00,2.137551e+00,2.136425e+00,2.126537e+00,2.083143e+00,2.091740e+00,
2.088645e+00,2.106244e+00,2.127976e+00,2.132625e+00,2.138156e+00,2.164083e+00,2.160622e+00,2.154256e+00,2.137761e+00,2.166238e+00,2.140361e+00,2.143312e+00,2.165677e+00,2.197768e+00,2.135165e+00,2.159756e+00,2.176687e+00,2.181865e+00,2.140929e+00,2.197569e+00,2.144060e+00,2.157591e+00,2.145185e+00,2.163290e+00,2.102405e+00,2.114045e+00,2.090339e+00,2.091117e+00,2.102091e+00,2.100539e+00,2.090352e+00,2.104977e+00,
2.066509e+00,2.075262e+00,2.101205e+00,2.137150e+00,2.143943e+00,2.173501e+00,2.201492e+00,2.195205e+00,2.195745e+00,2.139958e+00,2.156509e+00,2.145288e+00,2.101009e+00,2.117760e+00,2.157274e+00,2.135175e+00,2.150888e+00,2.135949e+00,2.140579e+00,2.133163e+00,2.117129e+00,2.157408e+00,2.135645e+00,2.100167e+00,2.145970e+00,2.093299e+00,2.131502e+00,2.089110e+00,2.097701e+00,2.063270e+00,2.078098e+00,
2.046492e+00,2.061512e+00,2.077721e+00,2.118442e+00,2.141728e+00,2.166223e+00,2.195479e+00,2.163197e+00,2.147480e+00,2.220780e+00,2.191644e+00,2.159935e+00,2.213653e+00,2.174057e+00,2.191237e+00,2.225172e+00,2.224925e+00,2.213026e+00,2.256364e+00,2.251099e+00,2.223804e+00,2.270410e+00,2.274974e+00,2.233437e+00,2.221349e+00,2.246676e+00,2.243806e+00,2.234601e+00,2.222881e+00,2.278864e+00,2.248008e+00,2.272452e+00,2.295480e+00,2.223763e+00,2.221244e+00,2.234262e+00,2.227280e+00,2.207812e+00,2.180919e+00,2.181860e+00,2.138075e+00,2.125702e+00,
2.022995e+00,2.010388e+00,2.002832e+00,1.993830e+00,2.032204e+00,2.027030e+00,2.039178e+00,2.024390e+00,2.005837e+00,2.041537e+00,2.072658e+00,2.022763e+00,2.020083e+00,2.013747e+00,2.033703e+00,2.014738e+00,2.016459e+00,1.999643e+00,2.004605e+00,1.997191e+00,1.975625e+00,1.987701e+00,1.964169e+00,1.970268e+00,1.952328e+00,1.969024e+00,
2.026067e+00,2.024907e+00,2.028483e+00,2.047382e+00,2.057775e+00,2.050345e+00,2.053380e+00,2.024970e+00,2.070700e+00,2.082015e+00,2.058130e+00,2.096803e+00,2.123224e+00,2.137449e+00,2.129993e+00,2.106844e+00,2.082241e+00,2.045079e+00,2.048949e+00,2.052090e+00,2.031732e+00,2.013369e+00,2.018547e+00,2.025760e+00,2.016072e+00,2.024822e+00,2.023287e+00,2.038242e+00,2.028938e+00,2.044821e+00,2.048570e+00,2.052070e+00,
2.025222e+00,1.994645e+00,2.015110e+00,1.998922e+00,2.004555e+00,2.029128e+00,2.006546e+00,1.991726e+00,2.013390e+00,2.024246e+00,1.995748e+00,1.998569e+00,2.034857e+00,1.996800e+00,1.971701e+00,2.020277e+00,2.026859e+00,2.022802e+00,2.005836e+00,2.020726e+00,2.005417e+00,2.012131e+00,1.992905e+00,1.971438e+00,1.977905e+00,
2.048055e+00,2.039254e+00,2.044501e+00,2.046633e+00,2.063160e+00,2.037413e+00,2.076229e+00,2.093822e+00,2.099781e+00,2.090629e+00,2.138673e+00,2.100363e+00,2.038932e+00,2.071897e+00,2.044778e+00,2.047286e+00,2.066241e+00,2.089528e+00,2.021919e+00,2.087751e+00,2.057927e+00,2.073148e+00,2.065936e+00,2.048799e+00,2.037179e+00,2.052306e+00,
2.070548e+00,2.075166e+00,2.110295e+00,2.167469e+00,2.190351e+00,2.232415e+00,2.268097e+00,2.235874e+00,2.257796e+00,2.250070e+00,2.195654e+00,2.198931e+00,2.191817e+00,2.161356e+00,2.188833e+00,2.203961e+00,2.184914e+00,2.163310e+00,2.236757e+00,2.192677e+00,2.169994e+00,2.157292e+00,2.131833e+00,2.129344e+00,2.105355e+00,2.115199e+00,2.083458e+00,2.081633e+00,
2.116552e+00,2.117613e+00,2.111644e+00,2.133785e+00,2.147412e+00,2.137097e+00,2.191263e+00,2.205185e+00,2.183329e+00,2.145381e+00,2.121883e+00,2.202971e+00,2.147507e+00,2.175744e+00,2.179838e+00,2.173862e+00,2.165996e+00,2.171207e+00,2.207814e+00,2.188008e+00,2.146334e+00,2.143899e+00,2.163472e+00,2.202357e+00,2.148874e+00,2.129256e+00,2.144204e+00,2.148522e+00,2.142910e+00,2.134349e+00,2.116915e+00,2.126736e+00,2.111127e+00,2.108373e+00,2.105317e+00,
1.997470e+00,1.988524e+00,1.989812e+00,1.937133e+00,1.903051e+00,1.884031e+00,1.862199e+00,1.905445e+00,1.855623e+00,1.787358e+00,1.780618e+00,1.793019e+00,1.841912e+00,1.863357e+00,1.859171e+00,1.858612e+00,1.863564e+00,1.786827e+00,1.770776e+00,1.803758e+00,1.833961e+00,1.857957e+00,1.904619e+00,1.939121e+00,1.942946e+00,1.933996e+00,1.955298e+00,1.985720e+00,
2.120946e+00,2.088013e+00,2.028461e+00,2.000162e+00,2.016996e+00,1.945343e+00,1.954711e+00,1.902219e+00,1.859933e+00,1.855860e+00,1.862496e+00,1.993593e+00,1.950204e+00,1.921178e+00,1.997899e+00,1.991500e+00,2.017120e+00,2.047741e+00,1.993567e+00,1.951783e+00,1.934119e+00,1.922938e+00,1.963585e+00,1.935279e+00,1.966756e+00,1.978736e+00,2.023226e+00,2.138749e+00,2.177454e+00,2.176213e+00,2.170976e+00,2.146909e+00,2.137573e+00,2.148718e+00,2.155247e+00,
2.062461e+00,2.029552e+00,2.057972e+00,2.039014e+00,2.019318e+00,2.031850e+00,2.001465e+00,2.014742e+00,2.027851e+00,2.208075e+00,2.258011e+00,2.312754e+00,2.240611e+00,2.169739e+00,2.148717e+00,2.138305e+00,2.170316e+00,2.155749e+00,2.143792e+00,2.071976e+00,2.072456e+00,2.070016e+00,2.071650e+00,2.129421e+00,2.134915e+00,2.108010e+00,2.092511e+00,2.088836e+00,2.092959e+00,2.129586e+00,2.143240e+00,2.142530e+00,2.158916e+00,
2.051833e+00,2.073428e+00,2.041599e+00,2.029245e+00,1.987580e+00,1.997993e+00,1.977035e+00,2.128298e+00,1.942072e+00,1.936857e+00,1.988473e+00,1.951770e+00,1.970187e+00,1.988181e+00,2.005969e+00,1.992263e+00,1.995976e+00,2.038703e+00,2.043461e+00,2.090577e+00,2.079215e+00,2.078649e+00,2.063141e+00,2.076581e+00,2.079800e+00,2.082570e+00,2.081847e+00,
2.045036e+00,2.011610e+00,2.013405e+00,2.009281e+00,1.999929e+00,2.011672e+00,2.030216e+00,2.015496e+00,1.991301e+00,1.995083e+00,1.994628e+00,1.975073e+00,1.981663e+00,1.975207e+00,1.988702e+00,1.994745e+00,2.012333e+00,
2.017210e+00,2.016208e+00,1.994750e+00,1.979561e+00,2.041402e+00,2.076867e+00,2.078468e+00,2.107388e+00,2.147031e+00,2.159656e+00,2.298420e+00,2.320246e+00,-7.386770e-01,-7.120788e-01,-7.174523e-01,-6.876709e-01,-7.008688e-01,-7.034553e-01,-6.956086e-01,-7.181368e-01,-7.056935e-01,-7.197657e-01,-6.984160e-01,-6.342006e-01,2.489599e+00,2.452026e+00,2.465353e+00,2.395705e+00,2.281946e+00,2.193058e+00,2.152472e+00,2.141220e+00,2.120539e+00,2.130306e+00,2.153542e+00,
1.998500e+00,2.009281e+00,2.015351e+00,2.020668e+00,2.012028e+00,2.005811e+00,2.007667e+00,2.003591e+00,1.999526e+00,2.002347e+00,1.980952e+00,1.979584e+00,1.972263e+00,1.965460e+00,1.990223e+00,1.981049e+00,1.995604e+00,1.993343e+00,2.023698e+00,1.988778e+00,2.006682e+00,
1.998201e+00,2.019278e+00,2.014844e+00,1.980452e+00,1.965441e+00,1.958824e+00,1.984233e+00,1.972467e+00,1.974685e+00,1.958930e+00,1.969490e+00,1.970866e+00,1.951264e+00,1.978513e+00,1.977232e+00,1.980555e+00,1.982783e+00,1.996444e+00,1.997702e+00,2.017278e+00,
2.022284e+00,2.027107e+00,2.016230e+00,2.002435e+00,2.017244e+00,1.999876e+00,1.999129e+00,2.027019e+00,1.970489e+00,1.956737e+00,1.971153e+00,1.969140e+00,1.964539e+00,1.967376e+00,1.960893e+00,1.981273e+00,1.976041e+00,1.985410e+00,1.972599e+00,
2.074477e+00,2.082526e+00,2.042458e+00,2.014431e+00,2.021283e+00,1.992262e+00,1.925029e+00,2.170015e+00,1.952899e+00,1.888159e+00,1.922019e+00,1.934599e+00,1.943431e+00,2.007371e+00,2.005732e+00,2.018937e+00,1.995126e+00,2.005540e+00,2.042733e+00,2.021262e+00,2.070199e+00,2.077976e+00,2.090838e+00,
1.998569e+00,1.972530e+00,1.977698e+00,1.977224e+00,1.933813e+00,1.944484e+00,1.965175e+00,1.998985e+00,2.054616e+00,1.844334e+00,1.865924e+00,1.897700e+00,1.832739e+00,1.944694e+00,2.051724e+00,1.983867e+00,1.972165e+00,1.978130e+00,1.985113e+00,2.037903e+00,2.026102e+00,2.034812e+00,2.025008e+00,2.033848e+00,2.039304e+00,2.063997e+00,2.074516e+00,2.076796e+00,2.075096e+00,2.076697e+00,2.077873e+00,2.073099e+00,2.076435e+00,2.073364e+00,
1.957621e+00,1.983928e+00,1.965916e+00,1.921466e+00,1.905819e+00,1.909147e+00,1.896530e+00,1.892031e+00,1.875278e+00,1.893181e+00,1.943535e+00,1.965452e+00,1.965573e+00,2.029098e+00,1.983477e+00,1.998723e+00,2.037518e+00,2.017221e+00,1.970806e+00,1.993999e+00,1.954296e+00,1.992608e+00,1.999804e+00,1.971596e+00,1.960279e+00,1.991781e+00,1.999776e+00,2.010906e+00,2.024791e+00,2.031758e+00,2.110188e+00,2.143205e+00,2.187996e+00,2.201875e+00,2.176346e+00,2.135971e+00,2.112571e+00,2.079493e+00,2.067966e+00,2.075298e+00,2.100224e+00,2.138427e+00,2.161525e+00,
2.020426e+00,2.015454e+00,2.035849e+00,2.025240e+00,1.985769e+00,1.954947e+00,1.937303e+00,1.947748e+00,1.890369e+00,1.809225e+00,1.853288e+00,1.885385e+00,1.817944e+00,1.822644e+00,1.865291e+00,1.850013e+00,1.871888e+00,1.881021e+00,1.888324e+00,1.932704e+00,1.954438e+00,1.965947e+00,1.994305e+00,2.016470e+00,2.004028e+00,2.006611e+00,2.013159e+00,2.034087e+00,
2.037291e+00,2.041055e+00,2.024229e+00,2.010407e+00,2.007709e+00,2.013282e+00,2.027346e+00,2.020305e+00,2.012462e+00,1.977150e+00,1.973605e+00,1.977348e+00,1.940910e+00,1.948867e+00,1.958276e+00,1.948650e+00,1.948636e+00,1.938966e+00,1.963871e+00,1.970451e+00,1.961127e+00,1.955584e+00,1.992865e+00,1.972785e+00,1.972901e+00,1.985904e+00,1.992519e+00,
1.993130e+00,1.982087e+00,1.983779e+00,1.940297e+00,1.950989e+00,1.940784e+00,1.925061e+00,1.922140e+00,1.932003e+00,1.900048e+00,1.869497e+00,1.841513e+00,1.870386e+00,1.878066e+00,1.871061e+00,1.891814e+00,1.906293e+00,1.882543e+00,1.930726e+00,1.967752e+00,1.987532e+00,2.014759e+00,2.034015e+00,
2.036272e+00,2.053569e+00,2.039112e+00,2.020878e+00,2.008624e+00,2.023279e+00,1.994252e+00,1.985021e+00,1.980207e+00,1.978941e+00,2.015019e+00,2.006390e+00,1.976374e+00,1.976264e+00,1.970430e+00,1.971071e+00,1.966845e+00,2.002656e+00,2.016881e+00,2.033366e+00,2.041470e+00,2.040204e+00,2.045738e+00,
2.050443e+00,2.033643e+00,2.003931e+00,2.025526e+00,2.007423e+00,1.957850e+00,1.990154e+00,1.949564e+00,1.984138e+00,1.997544e+00,2.030736e+00,1.993959e+00,1.969019e+00,1.976964e+00,1.999200e+00,1.982894e+00,1.988467e+00,1.991676e+00,1.959577e+00,1.988466e+00,1.984259e+00,1.955381e+00,1.954851e+00,1.968093e+00,1.983478e+00,2.028815e+00,
1.932077e+00,1.927622e+00,1.926252e+00,1.904749e+00,1.893237e+00,1.841629e+00,1.835930e+00,1.783626e+00,1.809120e+00,1.780286e+00,1.782014e+00,1.783437e+00,1.817800e+00,1.782023e+00,1.787356e+00,1.779778e+00,1.785834e+00,1.792881e+00,1.797282e+00,1.824385e+00,1.853188e+00,1.953631e+00,1.955739e+00,2.005414e+00,2.011469e+00,1.998655e+00,2.009856e+00,2.004147e+00,
2.076935e+00,2.061851e+00,2.053398e+00,2.043756e+00,2.043088e+00,2.009023e+00,2.012859e+00,2.015380e+00,2.010135e+00,2.001094e+00,2.021496e+00,2.040299e+00,2.025743e+00,2.017550e+00,2.018468e+00,1.999725e+00,1.991329e+00,2.024978e+00,1.988463e+00,2.008064e+00,1.996827e+00,2.026560e+00,2.025849e+00,2.032881e+00,2.050256e+00,2.063625e+00,
2.027313e+00,2.014386e+00,2.008593e+00,2.007370e+00,1.991612e+00,2.009423e+00,2.011248e+00,1.965887e+00,2.031429e+00,1.965805e+00,1.944225e+00,1.976068e+00,1.998834e+00,1.989615e+00,1.976310e+00,1.978040e+00,1.977815e+00,2.017966e+00,1.999531e+00,2.019615e+00,2.011164e+00,
2.114350e+00,2.121415e+00,2.085749e+00,2.056014e+00,2.039245e+00,2.052351e+00,2.086873e+00,2.053637e+00,2.061178e+00,2.061312e+00,2.065225e+00,2.069897e+00,2.055467e+00,2.064908e+00,2.066276e+00,2.063961e+00,2.082265e+00,2.081532e+00,2.063181e+00,2.057494e+00,2.047319e+00,2.033575e+00,2.046100e+00,2.072190e+00,2.056412e+00,2.079540e+00,2.092438e+00,
2.001554e+00,2.013014e+00,1.986262e+00,1.941967e+00,1.948970e+00,1.938573e+00,1.939413e+00,1.937731e+00,1.965122e+00,1.965501e+00,1.944506e+00,1.947819e+00,1.939932e+00,1.937368e+00,1.943102e+00,1.936045e+00,1.945782e+00,1.941937e+00,1.946925e+00,1.992302e+00,2.003414e+00,2.002560e+00,2.022227e+00,
1.960818e+00,1.972965e+00,1.941112e+00,1.912201e+00,1.913032e+00,1.905293e+00,1.870781e+00,1.867062e+00,1.825168e+00,1.792342e+00,1.782592e+00,1.776851e+00,1.775500e+00,1.776353e+00,1.795023e+00,1.794502e+00,1.801476e+00,1.810993e+00,1.851837e+00,1.850627e+00,1.908316e+00,1.905315e+00,1.955745e+00,1.960986e+00,1.979949e+00,1.984684e+00,1.970607e+00,
2.064014e+00,2.039457e+00,2.027196e+00,2.039038e+00,2.045247e+00,1.990041e+00,2.010353e+00,1.999764e+00,2.002061e+00,2.023382e+00,2.040558e+00,2.102170e+00,2.105839e+00,2.120033e+00,2.104835e+00,2.116975e+00,2.124321e+00,2.120467e+00,2.094235e+00,2.096602e+00,2.082641e+00,2.082798e+00,2.029948e+00,1.946222e+00,1.914624e+00,1.905799e+00,1.908136e+00,1.961771e+00,
1.940981e+00,1.919477e+00,1.909440e+00,1.878548e+00,1.858238e+00,1.840017e+00,1.835429e+00,1.804168e+00,1.787344e+00,1.782878e+00,1.789814e+00,1.791161e+00,1.788479e+00,1.781722e+00,1.779097e+00,1.784328e+00,1.800062e+00,1.791036e+00,1.812663e+00,1.834619e+00,1.850128e+00,1.870316e+00,1.860067e+00,
1.955452e+00,1.951141e+00,1.925876e+00,1.947615e+00,1.958398e+00,1.950927e+00,1.965715e+00,1.957083e+00,1.999755e+00,1.949290e+00,1.978153e+00,1.981000e+00,1.959686e+00,1.971244e+00,1.952523e+00,1.956125e+00,1.994660e+00,1.990546e+00,
1.993810e+00,1.971167e+00,1.994683e+00,1.977045e+00,1.983132e+00,1.971942e+00,1.975601e+00,1.991819e+00,1.955994e+00,1.970276e+00,1.947257e+00,1.959578e+00,1.976247e+00,2.007529e+00,1.982819e+00,1.982128e+00,2.009613e+00,
1.934764e+00,1.942123e+00,1.919314e+00,1.876828e+00,1.867416e+00,1.840252e+00,1.843403e+00,1.796781e+00,1.796104e+00,1.789703e+00,1.789597e+00,1.794143e+00,1.780276e+00,1.786856e+00,1.790617e+00,1.773458e+00,1.792168e+00,1.782677e+00,1.833179e+00,1.812272e+00,1.835380e+00,1.878083e+00,1.880937e+00,1.901906e+00,1.892232e+00,1.920295e+00,1.922392e+00,
2.059081e+00,2.062374e+00,2.027859e+00,2.034075e+00,2.095657e+00,2.138903e+00,2.147572e+00,2.082794e+00,2.108895e+00,2.120903e+00,2.015852e+00,1.979843e+00,1.962520e+00,1.995698e+00,2.030457e+00,1.998037e+00,2.053929e+00,2.034506e+00,2.056720e+00,2.055867e+00,2.051947e+00,2.068442e+00,2.088812e+00,2.092844e+00,2.090229e+00,2.071248e+00,
2.063421e+00,2.019016e+00,1.995915e+00,2.001541e+00,1.987584e+00,1.965680e+00,2.144055e+00,1.926622e+00,1.950181e+00,1.935161e+00,1.980743e+00,2.009881e+00,2.044132e+00,2.062564e+00,2.041238e+00,1.957248e+00,2.025753e+00,1.991590e+00,2.034126e+00,2.073140e+00,2.070202e+00,2.072755e+00,
1.956363e+00,1.950686e+00,1.936273e+00,1.892488e+00,1.878556e+00,1.886870e+00,1.818774e+00,1.826766e+00,1.798605e+00,1.799784e+00,1.798322e+00,1.794131e+00,1.813833e+00,1.819147e+00,1.831151e+00,1.868742e+00,1.861565e+00,1.887831e+00,1.902529e+00,1.887837e+00,1.939890e+00,1.939553e+00,1.950646e+00,1.965900e+00,1.967182e+00,
2.088769e+00,2.079883e+00,2.063917e+00,2.015071e+00,2.030479e+00,2.046786e+00,2.081419e+00,2.061419e+00,2.053128e+00,2.058554e+00,2.049088e+00,2.074234e+00,2.076758e+00,2.077601e+00,2.099673e+00,2.098648e+00,2.097872e+00,2.076475e+00,2.064571e+00,2.061545e+00,2.032080e+00,2.043332e+00,2.065804e+00,2.081388e+00,2.068779e+00,2.071510e+00,2.087389e+00,2.086345e+00,
2.025061e+00,2.018148e+00,2.008552e+00,1.995461e+00,2.008907e+00,1.999452e+00,1.987207e+00,1.961771e+00,1.982193e+00,1.990732e+00,1.965982e+00,1.960865e+00,1.971249e+00,1.966596e+00,1.992972e+00,2.007119e+00,1.996497e+00,1.981936e+00,1.998000e+00,1.992514e+00,
2.037586e+00,2.053595e+00,2.049643e+00,2.015182e+00,2.002952e+00,2.011451e+00,2.007504e+00,2.006939e+00,2.003816e+00,2.040546e+00,2.040152e+00,2.023423e+00,2.047814e+00,2.056281e+00,2.051034e+00,2.066399e+00,2.055477e+00,2.050652e+00,2.053026e+00,2.036208e+00,2.012030e+00,2.018659e+00,2.025280e+00,2.043711e+00,2.036146e+00,2.038264e+00,2.049169e+00,2.030924e+00,2.062882e+00,
2.018551e+00,2.030959e+00,2.029703e+00,2.026457e+00,2.025192e+00,2.031978e+00,2.016822e+00,2.032561e+00,2.063688e+00,2.102976e+00,2.079827e+00,2.131821e+00,2.108390e+00,2.033287e+00,2.025761e+00,2.033099e+00,2.043074e+00,2.055733e+00,2.064291e+00,2.054197e+00,2.070284e+00,2.076732e+00,2.052381e+00,2.070312e+00,2.031531e+00,2.087032e+00,2.073719e+00,2.094312e+00,2.080950e+00,2.068509e+00,2.063205e+00,2.058781e+00,2.078864e+00,2.127461e+00,2.121910e+00,2.115759e+00,
2.030020e+00,2.030481e+00,2.006541e+00,1.990351e+00,2.014031e+00,2.029294e+00,2.017230e+00,1.977592e+00,1.986901e+00,1.987151e+00,1.990972e+00,1.991125e+00,2.001328e+00,2.010800e+00,2.011880e+00,2.013304e+00,1.999655e+00,2.007255e+00,2.014484e+00,2.025084e+00,
2.002087e+00,1.981396e+00,1.939559e+00,1.895218e+00,1.851533e+00,1.868929e+00,1.867978e+00,1.793855e+00,1.814966e+00,1.837360e+00,1.839218e+00,1.825783e+00,1.821962e+00,1.868511e+00,1.845007e+00,1.892500e+00,1.926422e+00,1.942142e+00,1.922036e+00,1.924420e+00,1.935615e+00,1.945002e+00,1.945288e+00,
2.041123e+00,2.019426e+00,2.011933e+00,2.029653e+00,2.033437e+00,2.003308e+00,1.982557e+00,1.983689e+00,2.005215e+00,2.017815e+00,1.991606e+00,2.006055e+00,2.004691e+00,2.000024e+00,2.005000e+00,1.985804e+00,2.018984e+00,
1.925151e+00,1.912086e+00,1.924826e+00,1.901816e+00,1.889031e+00,1.852384e+00,1.869896e+00,1.867863e+00,1.877696e+00,1.855907e+00,2.090753e+00,1.874046e+00,1.943457e+00,1.959432e+00,1.899341e+00,1.938938e+00,1.996056e+00,2.202263e+00,2.005459e+00,1.990310e+00,1.991680e+00,2.200087e+00,2.196023e+00,1.980746e+00,1.977845e+00,1.966726e+00,1.937291e+00,1.905313e+00,1.902285e+00,1.948104e+00,1.945089e+00,1.985668e+00,1.984214e+00,2.037173e+00,2.066111e+00,
2.039346e+00,2.031567e+00,2.020270e+00,2.012237e+00,2.039895e+00,2.094713e+00,2.190857e+00,2.396124e+00,-5.396083e-01,2.781855e+00,6.620038e-02,-2.901540e+00,2.325866e-01,2.268153e-01,1.927413e-01,1.373154e-01,3.379369e-02,-1.858218e-01,-3.950868e-01,2.395114e+00,2.203498e+00,2.159722e+00,2.149516e+00,2.121079e+00,
2.050115e+00,2.039730e+00,2.040389e+00,2.033216e+00,2.025839e+00,2.009382e+00,1.968032e+00,1.941708e+00,1.893805e+00,1.905243e+00,1.855569e+00,1.887870e+00,1.922021e+00,1.920754e+00,1.928291e+00,1.924917e+00,1.917717e+00,1.914819e+00,1.944550e+00,1.957842e+00,1.955672e+00,1.977036e+00,1.983288e+00,2.007485e+00,2.027598e+00,2.033971e+00,2.051359e+00,2.038657e+00,
2.080276e+00,2.086911e+00,2.062453e+00,2.071947e+00,2.070611e+00,2.057291e+00,2.072712e+00,2.177134e+00,2.136579e+00,2.177798e+00,2.168980e+00,2.097587e+00,2.066017e+00,2.075793e+00,2.122263e+00,2.074772e+00,2.077430e+00,2.074620e+00,2.087074e+00,2.081502e+00,2.083078e+00,2.090398e+00,2.073022e+00,2.080885e+00,2.066200e+00,2.068529e+00,2.067281e+00,2.075382e+00,2.047041e+00,2.045888e+00,2.063624e+00,2.085704e+00,2.090234e+00,
2.014139e+00,1.995075e+00,1.974719e+00,1.951627e+00,1.967519e+00,1.941835e+00,1.915042e+00,1.936915e+00,1.897143e+00,1.914513e+00,1.877624e+00,1.909306e+00,1.855808e+00,1.876503e+00,1.894428e+00,1.922140e+00,1.924311e+00,1.941335e+00,1.922172e+00,1.936186e+00,1.829669e+00,1.937617e+00,1.933397e+00,1.831329e+00,1.864304e+00,1.962901e+00,1.921661e+00,2.035955e+00,2.042733e+00,2.129014e+00,2.149132e+00,2.113969e+00,2.048462e+00,2.131577e+00,2.131962e+00,2.067443e+00,2.071309e+00,2.086444e+00,2.113754e+00,2.130169e+00,
2.013786e+00,1.986126e+00,1.968967e+00,1.946752e+00,1.967982e+00,1.961018e+00,1.963781e+00,1.947573e+00,1.968812e+00,1.989645e+00,1.977047e+00,1.978942e+00,1.994910e+00,1.963720e+00,1.977401e+00,1.963488e+00,1.958795e+00,2.000388e+00,2.023113e+00,2.013599e+00,1.991793e+00,2.006664e+00,
1.994120e+00,1.974821e+00,1.942010e+00,1.884011e+00,1.874817e+00,1.878459e+00,1.824591e+00,1.819639e+00,1.835168e+00,1.854563e+00,1.863066e+00,1.845165e+00,1.862951e+00,1.876096e+00,1.882397e+00,1.907918e+00,1.916620e+00,1.947016e+00,1.942063e+00,1.952559e+00,1.950945e+00,1.937192e+00,1.945694e+00,1.945996e+00,1.970634e+00,1.992336e+00,1.995532e+00,1.975265e+00,
1.949124e+00,1.927227e+00,1.905787e+00,1.917366e+00,1.868752e+00,1.830163e+00,1.831765e+00,1.799687e+00,1.752986e+00,1.744097e+00,1.740269e+00,1.755130e+00,1.772148e+00,1.738039e+00,1.738676e+00,1.769438e+00,1.791798e+00,1.820361e+00,1.907593e+00,1.932197e+00,1.959704e+00,1.971261e+00,1.972928e+00,
1.982042e+00,1.976378e+00,1.969987e+00,1.912345e+00,1.924720e+00,1.864322e+00,1.845953e+00,1.829466e+00,1.830891e+00,1.819294e+00,1.817347e+00,1.828603e+00,1.825139e+00,1.817439e+00,1.829702e+00,1.837365e+00,1.835037e+00,1.847893e+00,1.865208e+00,1.878585e+00,1.904141e+00,1.937688e+00,1.970068e+00,
2.052400e+00,2.053860e+00,2.041836e+00,2.137601e+00,2.118073e+00,2.136553e+00,2.118084e+00,2.131807e+00,2.146461e+00,2.174759e+00,2.211112e+00,2.156415e+00,2.212909e+00,2.283241e+00,2.241223e+00,2.227551e+00,2.209342e+00,2.269923e+00,2.269181e+00,2.256571e+00,2.262012e+00,2.230504e+00,2.254169e+00,2.244392e+00,2.216922e+00,2.262953e+00,2.242548e+00,2.229049e+00,2.239056e+00,2.222140e+00,
2.085222e+00,2.064856e+00,2.051478e+00,2.024730e+00,2.029605e+00,2.043379e+00,2.054522e+00,2.083442e+00,2.063161e+00,2.056547e+00,2.053732e+00,2.048518e+00,2.051569e+00,2.042373e+00,2.057985e+00,2.064547e+00,2.049510e+00,2.045659e+00,2.022536e+00,2.034540e+00,2.062747e+00,2.084541e+00,2.088449e+00,2.081705e+00,
2.036683e+00,2.014463e+00,2.002499e+00,2.013376e+00,2.020622e+00,2.040212e+00,2.006023e+00,2.009444e+00,2.011951e+00,2.006728e+00,2.013139e+00,2.021278e+00,2.038681e+00,2.023757e+00,2.015801e+00,2.021964e+00,2.040134e+00,2.008239e+00,2.048866e+00,2.042199e+00,2.037889e+00,1.969526e+00,1.918021e+00,1.912255e+00,1.912501e+00,1.902757e+00,1.952814e+00,1.987132e+00,1.995498e+00,1.965323e+00,1.983567e+00,1.976889e+00,1.969655e+00,1.971837e+00,1.962262e+00,1.946568e+00,1.950866e+00,1.960991e+00,1.992946e+00,
1.980509e+00,1.972316e+00,1.918787e+00,1.897733e+00,1.895212e+00,1.847196e+00,1.837756e+00,1.837009e+00,1.833341e+00,1.843288e+00,1.833190e+00,1.824851e+00,1.845239e+00,1.841001e+00,1.840802e+00,1.846824e+00,1.844824e+00,1.894439e+00,1.917891e+00,1.930259e+00,1.956640e+00,1.973039e+00,1.970423e+00,
2.006836e+00,1.971527e+00,1.945221e+00,1.953459e+00,1.973296e+00,1.963696e+00,1.928591e+00,1.943499e+00,1.916075e+00,1.960651e+00,1.951763e+00,1.928537e+00,1.775023e+00,1.699976e+00,1.796008e+00,1.776597e+00,1.625964e+00,1.779895e+00,1.816174e+00,1.856018e+00,1.820421e+00,1.862289e+00,1.869559e+00,1.869333e+00,1.790891e+00,1.840583e+00,1.871631e+00,1.902038e+00,1.948605e+00,1.969974e+00,2.034883e+00,2.070627e+00,2.124392e+00,2.151388e+00,2.153038e+00,2.102208e+00,2.082700e+00,2.109185e+00,2.120319e+00,
2.054881e+00,2.068218e+00,2.042904e+00,2.028152e+00,2.023624e+00,2.010252e+00,2.007527e+00,2.022987e+00,2.001120e+00,2.014398e+00,2.004429e+00,2.016602e+00,2.008088e+00,2.009518e+00,2.020035e+00,2.017634e+00,2.013873e+00,2.024765e+00,2.043848e+00,2.028316e+00,2.028265e+00,2.047856e+00,2.027316e+00,2.048715e+00,2.043127e+00,2.040935e+00,2.051723e+00,
2.074492e+00,2.080894e+00,2.056799e+00,2.079925e+00,2.049727e+00,2.020610e+00,2.001636e+00,2.025691e+00,2.040301e+00,2.031649e+00,2.037546e+00,2.037921e+00,2.023708e+00,2.022844e+00,2.031628e+00,2.025395e+00,2.025187e+00,2.032237e+00,2.034278e+00,2.053693e+00,2.020431e+00,2.058658e+00,2.030587e+00,2.041107e+00,2.027756e+00,2.048252e+00,2.082103e+00,2.074393e+00,
2.057007e+00,2.051160e+00,2.033896e+00,2.019546e+00,1.991986e+00,2.016882e+00,1.993747e+00,1.991169e+00,1.981578e+00,2.006264e+00,1.990700e+00,1.991550e+00,1.998211e+00,2.011751e+00,2.002199e+00,1.994307e+00,1.997992e+00,2.014714e+00,2.027561e+00,1.978372e+00,1.966445e+00,1.974512e+00,1.995324e+00,2.005134e+00,2.033732e+00,2.039492e+00,
2.045796e+00,2.043562e+00,2.064576e+00,2.053521e+00,2.063009e+00,2.042827e+00,2.050138e+00,2.047101e+00,2.030485e+00,2.050736e+00,2.064956e+00,2.053935e+00,2.089141e+00,2.107271e+00,2.091397e+00,2.088356e+00,2.094058e+00,2.085449e+00,2.088575e+00,2.074111e+00,2.075822e+00,2.080537e+00,2.060408e+00,2.046410e+00,2.079016e+00,2.101333e+00,
2.068529e+00,2.083340e+00,2.086892e+00,2.086026e+00,2.044094e+00,2.018942e+00,2.023577e+00,2.024966e+00,2.000932e+00,2.018714e+00,2.003605e+00,1.991145e+00,1.998272e+00,2.015237e+00,2.013057e+00,2.022446e+00,2.011869e+00,2.026619e+00,2.027838e+00,2.020009e+00,2.014820e+00,2.017763e+00,2.007968e+00,2.010158e+00,1.994210e+00,2.010322e+00,1.996278e+00,2.026052e+00,2.054621e+00,2.026547e+00,
2.012159e+00,1.987566e+00,1.985709e+00,1.981890e+00,1.949890e+00,1.942082e+00,1.947560e+00,1.943362e+00,1.959923e+00,1.975681e+00,1.952486e+00,1.958275e+00,1.955776e+00,1.932888e+00,1.960492e+00,1.954739e+00,1.954701e+00,1.996696e+00,2.019799e+00,2.031780e+00,2.037236e+00,2.039004e+00,
2.064024e+00,2.056324e+00,2.062011e+00,2.019788e+00,1.990347e+00,2.005964e+00,2.013789e+00,2.058323e+00,2.030892e+00,2.048798e+00,2.053921e+00,2.059381e+00,2.054181e+00,2.060696e+00,2.064451e+00,2.068029e+00,2.062003e+00,2.044912e+00,2.036115e+00,2.045451e+00,2.058371e+00,2.061030e+00,2.043780e+00,
1.918738e+00,1.898618e+00,1.846212e+00,1.855731e+00,1.831153e+00,1.830768e+00,1.827211e+00,1.828808e+00,1.812914e+00,1.832497e+00,1.823768e+00,1.834841e+00,1.818555e+00,1.824804e+00,1.820566e+00,1.824378e+00,1.839199e+00,1.857327e+00,1.885763e+00,1.869239e+00,1.912512e+00,1.916432e+00,1.950053e+00,
