2.490331e+00,2.468658e+00,2.459698e+00,2.531900e+00,2.646477e+00,2.699590e+00,2.797191e+00,2.833854e+00,2.716634e+00,2.620673e+00,2.570075e+00,2.531004e+00,2.515784e+00,2.506855e+00,2.494504e+00,2.494856e+00,2.495762e+00,2.487075e+00,2.462691e+00,2.450299e+00,2.444883e+00,2.476880e+00,2.505365e+00,2.530635e+00,2.542147e+00,
2.432369e+00,2.421204e+00,2.513973e+00,2.593267e+00,2.697814e+00,2.770244e+00,2.832145e+00,2.783338e+00,2.661552e+00,2.568327e+00,2.517004e+00,2.488620e+00,2.462019e+00,2.462462e+00,2.478430e+00,2.474139e+00,2.468801e+00,2.461068e+00,2.462960e+00,2.447945e+00,2.457437e+00,2.474151e+00,2.494153e+00,2.504292e+00,2.503374e+00,
2.452345e+00,2.415150e+00,2.397482e+00,2.420919e+00,2.450201e+00,2.474709e+00,2.514914e+00,2.513238e+00,2.489797e+00,2.449742e+00,2.401087e+00,2.364585e+00,2.336279e+00,2.329957e+00,2.348902e+00,2.356641e+00,2.366191e+00,2.387292e+00,2.393724e+00,2.402494e+00,2.409885e+00,2.417802e+00,2.450450e+00,2.476644e+00,
2.428466e+00,2.432001e+00,2.427702e+00,2.418036e+00,2.411180e+00,2.390231e+00,2.378681e+00,2.375025e+00,2.387251e+00,2.402983e+00,2.376045e+00,2.362130e+00,2.318125e+00,2.283932e+00,2.275768e+00,2.272470e+00,2.261338e+00,2.239434e+00,2.241252e+00,2.257397e+00,2.265584e+00,2.270193e+00,2.265872e+00,2.268126e+00,2.293921e+00,2.281478e+00,2.322299e+00,2.386413e+00,2.403670e+00,2.430069e+00,2.423605e+00,2.442449e+00,2.451741e+00,2.462461e+00,
2.405901e+00,2.374017e+00,2.347200e+00,2.299006e+00,2.308501e+00,2.326523e+00,2.310435e+00,2.321876e+00,2.304300e+00,2.297378e+00,2.330305e+00,2.335180e+00,2.348258e+00,2.373245e+00,2.375553e+00,2.353603e+00,2.358926e+00,2.397901e+00,2.413124e+00,2.418806e+00,2.410395e+00,
2.414464e+00,2.433954e+00,2.458215e+00,2.466441e+00,2.503387e+00,2.437326e+00,2.398161e+00,2.109982e+00,1.783638e+00,1.628428e+00,1.464486e+00,1.466435e+00,1.472544e+00,1.521005e+00,1.597107e+00,1.506472e+00,1.510791e+00,1.521258e+00,1.534854e+00,1.576551e+00,1.666964e+00,1.773494e+00,1.954739e+00,2.138458e+00,2.286705e+00,2.329092e+00,2.397012e+00,2.447504e+00,2.459538e+00,
2.367157e+00,2.339293e+00,2.339324e+00,2.346168e+00,2.335405e+00,2.338475e+00,2.327759e+00,2.335172e+00,2.299035e+00,2.290831e+00,2.331596e+00,2.337660e+00,2.359434e+00,2.376015e+00,2.375932e+00,2.388033e+00,2.392334e+00,2.343462e+00,2.344218e+00,2.349950e+00,2.346468e+00,2.369893e+00,2.382565e+00,
2.475912e+00,2.466506e+00,2.448188e+00,2.449628e+00,2.557829e+00,2.673560e+00,2.816668e+00,-2.924948e-01,2.815312e+00,2.655043e+00,2.550104e+00,2.490358e+00,2.456737e+00,2.451537e+00,2.453750e+00,2.457305e+00,2.457229e+00,2.439084e+00,2.419953e+00,2.411531e+00,2.431758e+00,
2.480820e+00,2.505341e+00,-2.846700e-01,-6.405151e-02,3.096235e-01,1.282635e-01,2.615360e+00,1.912406e+00,1.892696e+00,1.905097e+00,1.943040e+00,1.912619e+00,1.927112e+00,2.128099e+00,2.293409e+00,2.493424e+00,2.557159e+00,2.542221e+00,2.508406e+00,
2.431893e+00,2.485958e+00,2.611332e+00,-3.839737e-01,-3.010324e-01,-3.501742e-01,2.369754e+00,2.601462e+00,1.620270e+00,1.516224e+00,1.502854e+00,1.485238e+00,1.508059e+00,1.511834e+00,1.511928e+00,1.515496e+00,1.526720e+00,1.663742e+00,1.886391e+00,2.074629e+00,2.265597e+00,2.303586e+00,2.365961e+00,2.437161e+00,2.469450e+00,2.458664e+00,2.459827e+00,2.441583e+00,
2.361688e+00,2.333642e+00,2.317454e+00,2.301530e+00,2.294046e+00,2.271990e+00,2.242085e+00,2.242653e+00,2.279523e+00,2.312080e+00,2.292107e+00,2.311427e+00,2.280836e+00,2.260517e+00,2.251631e+00,2.264975e+00,2.278747e+00,2.289177e+00,2.309880e+00,2.332885e+00,2.347629e+00,2.321090e+00,2.322378e+00,2.343586e+00,
2.405604e+00,2.413959e+00,2.454010e+00,2.493379e+00,2.537989e+00,2.571541e+00,2.537170e+00,2.488580e+00,2.226857e+00,1.909858e+00,1.721745e+00,1.570995e+00,1.566913e+00,1.574025e+00,1.570565e+00,1.585040e+00,1.588583e+00,1.590866e+00,1.595480e+00,1.600829e+00,1.584079e+00,1.582792e+00,1.623618e+00,1.711958e+00,1.745310e+00,1.860788e+00,1.999729e+00,2.089919e+00,2.254460e+00,2.304685e+00,2.371622e+00,2.416548e+00,2.437454e+00,2.467849e+00,
2.393470e+00,2.392160e+00,2.359388e+00,2.319702e+00,2.282796e+00,2.255245e+00,2.259951e+00,2.229073e+00,2.231710e+00,2.242683e+00,2.251463e+00,2.262770e+00,2.264603e+00,2.322598e+00,2.325821e+00,2.359603e+00,2.382403e+00,2.372685e+00,2.355280e+00,2.372248e+00,2.373660e+00,2.399793e+00,2.421917e+00,2.407996e+00,2.420931e+00,
2.412667e+00,2.440032e+00,2.475046e+00,2.539128e+00,2.628633e+00,2.680442e+00,2.776131e+00,2.744469e+00,2.622595e+00,2.519047e+00,2.432848e+00,2.409166e+00,2.401381e+00,2.395336e+00,2.419968e+00,2.431090e+00,2.418162e+00,2.418587e+00,2.410641e+00,2.406569e+00,2.392865e+00,2.419205e+00,2.440815e+00,2.464508e+00,2.469242e+00,2.476086e+00,2.474595e+00,2.474652e+00,
2.393237e+00,2.349272e+00,2.307140e+00,2.291779e+00,2.298521e+00,2.310733e+00,2.316682e+00,2.306469e+00,2.311360e+00,2.277641e+00,2.307726e+00,2.287111e+00,2.302332e+00,2.310397e+00,2.335467e+00,2.364715e+00,2.391955e+00,2.410080e+00,2.418119e+00,2.373404e+00,2.396013e+00,2.392507e+00,
2.379065e+00,2.334751e+00,2.296901e+00,2.281927e+00,2.273555e+00,2.278413e+00,2.276347e+00,2.262221e+00,2.241077e+00,2.227860e+00,2.228647e+00,2.237961e+00,2.250880e+00,2.256476e+00,2.265178e+00,2.276984e+00,2.278121e+00,2.290394e+00,2.288428e+00,2.285403e+00,2.305291e+00,2.340693e+00,2.346938e+00,2.359974e+00,
2.660559e+00,2.663322e+00,2.644661e+00,2.622249e+00,2.562156e+00,2.537630e+00,2.504395e+00,2.517892e+00,2.538894e+00,2.553157e+00,2.562910e+00,2.555874e+00,2.555161e+00,2.549349e+00,2.521610e+00,2.503681e+00,2.458951e+00,2.456410e+00,2.464669e+00,2.488194e+00,2.499397e+00,2.517288e+00,2.527998e+00,2.523235e+00,2.523200e+00,2.496951e+00,2.478135e+00,2.480832e+00,2.563573e+00,2.578008e+00,2.620559e+00,2.633779e+00,
2.475903e+00,2.459421e+00,2.401877e+00,2.439033e+00,2.479659e+00,2.497252e+00,2.479307e+00,2.461434e+00,2.418336e+00,2.406038e+00,2.412455e+00,2.417730e+00,2.416617e+00,2.420191e+00,2.445137e+00,2.438147e+00,2.472719e+00,2.476449e+00,2.444646e+00,2.426097e+00,2.419678e+00,2.428863e+00,2.434883e+00,2.430762e+00,2.424087e+00,2.440065e+00,2.444899e+00,2.472093e+00,2.469340e+00,2.433791e+00,2.426215e+00,2.425026e+00,2.384741e+00,2.370864e+00,2.393779e+00,2.417130e+00,2.459502e+00,2.473231e+00,2.481658e+00,
2.469308e+00,2.464183e+00,2.448745e+00,2.439454e+00,2.411939e+00,2.433284e+00,2.495344e+00,2.530231e+00,2.547973e+00,2.519844e+00,2.461507e+00,2.414588e+00,2.422438e+00,2.426195e+00,2.423224e+00,2.422352e+00,2.441961e+00,2.470714e+00,2.489305e+00,2.505314e+00,2.526868e+00,2.494154e+00,2.462247e+00,2.439462e+00,2.423922e+00,2.416689e+00,2.422209e+00,2.424988e+00,2.429815e+00,2.421901e+00,2.404136e+00,2.377445e+00,2.388901e+00,2.402532e+00,2.424490e+00,2.444646e+00,2.454264e+00,2.460399e+00,2.464825e+00,
-5.681573e-01,-5.682977e-01,-6.015171e-01,-6.590117e-01,2.466360e+00,2.463888e+00,2.443807e+00,2.439400e+00,2.406988e+00,2.342279e+00,2.337609e+00,-8.019617e-01,-8.103876e-01,-7.801959e-01,-7.430753e-01,-7.084246e-01,-6.934514e-01,-6.911913e-01,-6.659406e-01,-6.543827e-01,-6.261190e-01,-6.163790e-01,-6.198689e-01,-5.717703e-01,-4.962097e-01,
2.658297e+00,2.625844e+00,2.557207e+00,2.544407e+00,2.519807e+00,2.472366e+00,2.475098e+00,2.432998e+00,2.413652e+00,2.360295e+00,2.323965e+00,2.319772e+00,2.330073e+00,2.334652e+00,-7.934577e-01,-7.704284e-01,-7.357441e-01,-7.338534e-01,-7.387426e-01,-7.531499e-01,-7.496389e-01,-7.448299e-01,-7.259818e-01,-7.294825e-01,-7.152408e-01,-6.903554e-01,-6.483310e-01,-5.797669e-01,2.622264e+00,2.660444e+00,2.667459e+00,
2.453274e+00,2.443735e+00,2.422323e+00,2.394443e+00,2.415384e+00,2.439909e+00,2.484739e+00,2.491528e+00,2.454695e+00,2.418922e+00,2.423297e+00,2.420642e+00,2.412939e+00,2.419515e+00,2.424652e+00,2.447584e+00,2.472213e+00,2.461795e+00,2.424829e+00,2.407248e+00,2.402088e+00,2.405433e+00,2.407308e+00,2.407148e+00,2.405169e+00,2.391840e+00,2.381783e+00,2.370530e+00,2.349062e+00,2.327298e+00,2.366512e+00,2.384507e+00,2.414680e+00,2.436770e+00,2.445127e+00,2.468534e+00,2.474429e+00,
2.588763e+00,2.568356e+00,2.538417e+00,2.513825e+00,2.497197e+00,2.493376e+00,2.489165e+00,2.470001e+00,2.457256e+00,2.373349e+00,2.345696e+00,-7.977628e-01,-7.905872e-01,-7.746832e-01,-7.673678e-01,-7.642912e-01,-7.534845e-01,-7.415394e-01,-7.221542e-01,-7.050274e-01,-6.807740e-01,-6.816549e-01,-6.724707e-01,-6.635553e-01,-5.870607e-01,-5.511570e-01,
2.587521e+00,2.549822e+00,2.530231e+00,2.538630e+00,2.538966e+00,2.523958e+00,2.497427e+00,2.432127e+00,2.406358e+00,2.360071e+00,-7.663843e-01,-7.569320e-01,-7.455069e-01,-7.349527e-01,-7.288714e-01,-7.082951e-01,-7.113494e-01,2.443447e+00,2.448909e+00,2.443409e+00,2.451337e+00,2.429523e+00,2.456624e+00,2.532881e+00,2.544190e+00,
2.341104e+00,2.304799e+00,2.283794e+00,2.270560e+00,2.279666e+00,2.287702e+00,2.284874e+00,2.276539e+00,2.246944e+00,2.263304e+00,2.267486e+00,2.259099e+00,2.262080e+00,2.271379e+00,2.293028e+00,2.286856e+00,2.277538e+00,2.229645e+00,2.240599e+00,2.276685e+00,2.276608e+00,
2.300145e+00,2.268618e+00,2.267227e+00,2.276099e+00,2.291773e+00,2.322146e+00,2.337047e+00,2.344650e+00,2.342800e+00,2.323282e+00,2.291215e+00,2.284321e+00,2.285752e+00,2.276079e+00,2.259368e+00,2.267487e+00,2.254731e+00,2.243236e+00,2.228587e+00,2.258342e+00,2.266084e+00,2.286928e+00,
2.394267e+00,2.389644e+00,2.381539e+00,2.345733e+00,2.343059e+00,2.318957e+00,2.348630e+00,2.355266e+00,2.335106e+00,2.327943e+00,2.298140e+00,2.308394e+00,2.307756e+00,2.309703e+00,2.318137e+00,2.343419e+00,2.372077e+00,2.397090e+00,2.412678e+00,2.378021e+00,2.396747e+00,2.406481e+00,2.408330e+00,2.423742e+00,2.423393e+00,
2.470855e+00,2.472820e+00,2.473243e+00,2.460470e+00,2.421116e+00,2.396825e+00,2.428971e+00,2.451760e+00,2.471792e+00,2.477864e+00,2.437178e+00,2.400133e+00,2.421247e+00,2.415332e+00,2.402292e+00,2.416684e+00,2.433307e+00,2.454634e+00,2.476492e+00,2.469127e+00,2.444105e+00,2.411247e+00,2.421050e+00,2.415890e+00,2.411179e+00,2.417190e+00,2.423477e+00,2.429811e+00,2.430939e+00,2.422787e+00,2.395856e+00,2.375521e+00,2.345618e+00,2.353677e+00,2.383966e+00,2.421132e+00,2.462120e+00,2.476502e+00,
2.531534e+00,2.557288e+00,2.688087e+00,-1.623650e-01,-5.323410e-03,1.221246e-01,3.867590e-02,1.442349e-02,2.587744e+00,2.035987e+00,1.923003e+00,1.883193e+00,1.866257e+00,1.876573e+00,1.943182e+00,2.163718e+00,2.446575e+00,2.523721e+00,2.547062e+00,2.543638e+00,2.546451e+00,2.547235e+00,
2.412388e+00,2.410316e+00,2.410991e+00,2.391657e+00,2.375849e+00,2.348503e+00,2.312213e+00,2.314519e+00,2.307147e+00,2.290246e+00,2.293569e+00,2.300369e+00,2.280210e+00,2.284302e+00,2.282070e+00,2.298460e+00,2.299723e+00,2.315960e+00,2.343061e+00,2.363468e+00,2.379891e+00,2.377307e+00,2.371059e+00,2.387213e+00,2.389911e+00,2.403675e+00,2.418662e+00,2.424733e+00,2.416686e+00,
2.504753e+00,2.585358e+00,2.673803e+00,2.710476e+00,2.586620e+00,2.529382e+00,2.485067e+00,2.477805e+00,2.491807e+00,2.498632e+00,2.480929e+00,2.461175e+00,2.439421e+00,2.453576e+00,2.493588e+00,2.506197e+00,2.508519e+00,2.501730e+00,2.497177e+00,2.496293e+00,2.504508e+00,2.504048e+00,2.503356e+00,
2.399671e+00,2.374011e+00,2.363553e+00,2.337091e+00,2.320211e+00,2.304745e+00,2.338953e+00,2.358391e+00,2.270604e+00,2.196595e+00,2.146223e+00,2.166607e+00,2.187116e+00,2.223336e+00,2.246155e+00,2.261847e+00,2.260471e+00,2.231465e+00,2.249869e+00,2.256346e+00,2.268273e+00,2.302248e+00,2.323269e+00,2.345729e+00,2.358071e+00,2.334108e+00,2.319779e+00,2.415962e+00,2.432829e+00,2.437331e+00,
2.358032e+00,2.328165e+00,2.290739e+00,2.259217e+00,2.257757e+00,2.283271e+00,2.290162e+00,2.298955e+00,2.262204e+00,2.260813e+00,2.231023e+00,2.237299e+00,2.253007e+00,2.266167e+00,2.283894e+00,2.292387e+00,2.302809e+00,2.320704e+00,2.297405e+00,2.305899e+00,2.259357e+00,2.277443e+00,2.312914e+00,2.333148e+00,2.361334e+00,2.362958e+00,
2.305913e+00,2.280389e+00,2.254736e+00,2.258102e+00,2.287134e+00,2.312558e+00,2.305066e+00,2.291673e+00,2.299301e+00,2.302282e+00,2.307080e+00,2.312876e+00,2.326438e+00,2.316515e+00,2.306593e+00,2.241837e+00,2.241356e+00,2.273111e+00,2.291991e+00,2.312461e+00,
2.434073e+00,2.466193e+00,2.538634e+00,2.662711e+00,-3.220289e-01,-8.284926e-02,3.819573e-02,-1.312983e-01,2.546520e+00,1.806833e+00,1.587351e+00,1.543752e+00,1.578015e+00,1.579538e+00,1.574718e+00,1.580988e+00,1.567843e+00,1.585714e+00,1.594926e+00,1.692309e+00,1.788256e+00,1.939251e+00,2.111793e+00,2.231414e+00,2.326977e+00,2.398223e+00,2.442167e+00,
2.446265e+00,2.429003e+00,2.424275e+00,2.433378e+00,2.436907e+00,2.452124e+00,2.561920e+00,2.637273e+00,2.576195e+00,2.419702e+00,2.337940e+00,2.323658e+00,2.367670e+00,2.372493e+00,2.380072e+00,2.379040e+00,2.369604e+00,2.368321e+00,2.350291e+00,2.380297e+00,2.408623e+00,2.416005e+00,2.446458e+00,2.391830e+00,2.391900e+00,2.444340e+00,2.486994e+00,2.466023e+00,
2.419888e+00,2.417540e+00,2.414463e+00,2.390154e+00,2.385965e+00,2.384073e+00,2.378599e+00,2.382922e+00,2.372813e+00,2.367258e+00,2.353908e+00,2.319806e+00,2.309985e+00,2.295273e+00,2.300795e+00,2.312024e+00,2.311267e+00,2.315865e+00,2.268494e+00,2.264403e+00,2.265598e+00,2.276398e+00,2.283417e+00,2.313972e+00,2.359194e+00,2.393515e+00,2.428763e+00,2.364019e+00,2.388021e+00,2.381408e+00,2.390069e+00,2.390559e+00,2.400215e+00,2.417433e+00,2.427319e+00,
2.366874e+00,2.355330e+00,2.300429e+00,2.275940e+00,2.281062e+00,2.307384e+00,2.310149e+00,2.283241e+00,2.262341e+00,2.250166e+00,2.261260e+00,2.267237e+00,2.274588e+00,2.282295e+00,2.302606e+00,2.306716e+00,2.262057e+00,2.268693e+00,2.278589e+00,2.302377e+00,2.332847e+00,2.348109e+00,2.353563e+00,2.349292e+00,2.376323e+00,
2.380483e+00,2.327164e+00,2.294782e+00,2.316930e+00,2.450048e+00,2.666789e+00,-2.911320e-01,-4.374599e-02,4.650664e-02,-2.385793e-01,2.294484e+00,1.729502e+00,1.772330e+00,1.532359e+00,1.495816e+00,1.514874e+00,1.529498e+00,1.498402e+00,1.461825e+00,1.463741e+00,1.482441e+00,1.632238e+00,1.769310e+00,2.217973e+00,2.261448e+00,2.332760e+00,2.444300e+00,2.437096e+00,2.443045e+00,
2.421014e+00,2.395072e+00,2.379140e+00,2.348808e+00,2.337765e+00,2.332999e+00,2.343408e+00,2.341118e+00,2.304008e+00,2.246436e+00,2.201576e+00,2.187119e+00,2.196765e+00,2.217830e+00,2.228365e+00,2.226946e+00,2.226635e+00,2.226325e+00,2.241941e+00,2.232126e+00,2.236157e+00,2.248098e+00,2.259382e+00,2.280282e+00,2.350886e+00,2.367491e+00,2.360416e+00,2.371980e+00,2.401390e+00,2.441842e+00,2.473471e+00,2.483871e+00,2.483573e+00,
2.508789e+00,2.528558e+00,2.565992e+00,2.660829e+00,-4.849648e-02,1.484842e-01,2.009841e-01,-4.001915e-02,2.514147e+00,1.943292e+00,1.948942e+00,1.966613e+00,1.959443e+00,1.948783e+00,1.963466e+00,2.122087e+00,2.336565e+00,2.537821e+00,2.573545e+00,2.565135e+00,2.536232e+00,2.512083e+00,2.504782e+00,2.506271e+00,2.505625e+00,
2.445377e+00,2.444994e+00,2.464345e+00,2.487059e+00,2.472341e+00,2.553302e+00,2.560778e+00,2.359759e+00,2.397854e+00,2.361764e+00,2.160367e+00,1.989979e+00,1.938766e+00,1.967090e+00,1.976900e+00,2.007674e+00,2.040136e+00,2.051512e+00,2.048951e+00,2.057387e+00,2.067540e+00,2.088216e+00,2.111804e+00,2.141055e+00,2.208254e+00,2.235112e+00,2.295736e+00,2.370152e+00,2.391076e+00,2.409454e+00,2.457362e+00,
2.348799e+00,2.348213e+00,2.311759e+00,2.274545e+00,2.234855e+00,2.245186e+00,2.260299e+00,2.282650e+00,2.280656e+00,2.262503e+00,2.257940e+00,2.245390e+00,2.262709e+00,2.281530e+00,2.301196e+00,2.318951e+00,2.304310e+00,2.304001e+00,2.243718e+00,2.258851e+00,2.275096e+00,2.301327e+00,2.328165e+00,2.349862e+00,
2.396224e+00,2.376603e+00,2.345232e+00,2.300491e+00,2.303891e+00,2.328491e+00,2.341228e+00,2.337640e+00,2.338111e+00,2.337223e+00,2.319398e+00,2.347825e+00,2.342987e+00,2.349006e+00,2.358142e+00,2.373440e+00,2.397377e+00,2.394171e+00,2.407068e+00,2.373581e+00,2.377662e+00,2.391948e+00,2.403287e+00,2.417660e+00,2.434572e+00,
2.510994e+00,2.523358e+00,2.608051e+00,2.707814e+00,-1.358107e-01,1.501179e-01,3.191217e-01,3.860278e-01,3.976120e-01,3.872054e-01,3.249416e-01,2.606186e-01,-4.397583e-02,2.420980e+00,1.962889e+00,1.932626e+00,1.940400e+00,1.933179e+00,1.939098e+00,1.933672e+00,1.949489e+00,1.998151e+00,2.117342e+00,2.197442e+00,2.404180e+00,2.516255e+00,2.554700e+00,2.543430e+00,2.522980e+00,2.510745e+00,2.507375e+00,
2.622445e+00,2.611191e+00,2.607039e+00,2.563545e+00,-5.824779e-01,2.524683e+00,2.515089e+00,2.487090e+00,2.467995e+00,2.469491e+00,2.459089e+00,2.425589e+00,2.359298e+00,-7.762057e-01,-7.756247e-01,-7.592700e-01,-7.656819e-01,-7.537135e-01,-7.425140e-01,-7.446935e-01,-7.412644e-01,-7.347377e-01,-7.200497e-01,-6.984742e-01,-6.761901e-01,-6.851209e-01,-6.696705e-01,-6.044211e-01,2.569565e+00,2.589284e+00,2.595751e+00,
2.577372e+00,2.548584e+00,2.540548e+00,2.528190e+00,2.482549e+00,2.488947e+00,2.504886e+00,2.493342e+00,2.488129e+00,2.436031e+00,2.402598e+00,2.371907e+00,-7.689934e-01,-7.658991e-01,-7.564163e-01,-7.474748e-01,-7.478622e-01,-7.525018e-01,-7.440478e-01,-7.311721e-01,-7.226096e-01,-7.075077e-01,-6.901796e-01,-6.813362e-01,-6.422024e-01,-5.786152e-01,2.603215e+00,2.644638e+00,2.651223e+00,2.649861e+00,
2.458401e+00,2.464377e+00,2.461214e+00,2.433530e+00,2.408804e+00,2.395731e+00,2.422689e+00,2.444701e+00,2.443424e+00,2.443944e+00,2.417479e+00,2.432770e+00,2.430471e+00,2.433152e+00,2.421863e+00,2.427774e+00,2.435109e+00,2.449009e+00,2.444514e+00,2.431095e+00,2.418563e+00,2.419652e+00,2.419488e+00,2.426827e+00,2.421592e+00,2.428042e+00,2.435364e+00,2.426857e+00,2.415086e+00,2.385411e+00,2.363131e+00,2.391883e+00,2.399139e+00,
2.472529e+00,2.464187e+00,2.417498e+00,2.422218e+00,2.440672e+00,2.479386e+00,2.496639e+00,2.456590e+00,2.431522e+00,2.435540e+00,2.440639e+00,2.443013e+00,2.449181e+00,2.463258e+00,2.484150e+00,2.505251e+00,2.505757e+00,2.481041e+00,2.447390e+00,2.435059e+00,2.435150e+00,2.445721e+00,2.434566e+00,2.431383e+00,2.413135e+00,2.405730e+00,2.380545e+00,2.365258e+00,2.396494e+00,2.424288e+00,2.441185e+00,2.472892e+00,
2.408474e+00,2.387794e+00,2.368943e+00,2.404926e+00,2.453123e+00,2.520748e+00,2.544528e+00,2.533322e+00,2.486408e+00,2.433457e+00,2.424704e+00,2.423232e+00,2.425516e+00,2.414249e+00,2.427135e+00,2.464654e+00,2.488836e+00,2.498425e+00,2.492329e+00,2.463793e+00,2.426437e+00,2.405604e+00,2.409263e+00,2.409743e+00,2.418618e+00,2.408833e+00,2.403802e+00,2.384726e+00,2.359071e+00,2.393363e+00,2.448066e+00,
2.453176e+00,2.434157e+00,2.402280e+00,2.401518e+00,2.422807e+00,2.456915e+00,2.476122e+00,2.459720e+00,2.431226e+00,2.420310e+00,2.436798e+00,2.430299e+00,2.443875e+00,2.457024e+00,2.483238e+00,2.492543e+00,2.489403e+00,2.494279e+00,2.458549e+00,2.466744e+00,2.468827e+00,2.473372e+00,2.476236e+00,2.474764e+00,2.500107e+00,2.511285e+00,2.510059e+00,2.494116e+00,2.479798e+00,2.466442e+00,2.466236e+00,2.471950e+00,2.472259e+00,2.471261e+00,2.491730e+00,2.483033e+00,2.463131e+00,2.432840e+00,2.407945e+00,2.394521e+00,2.415782e+00,2.425349e+00,
2.348804e+00,2.306915e+00,2.280856e+00,2.252559e+00,2.256201e+00,2.282989e+00,2.307601e+00,2.289596e+00,2.258871e+00,2.265500e+00,2.290524e+00,2.315257e+00,2.315340e+00,2.325066e+00,2.335476e+00,2.358424e+00,2.329643e+00,2.311626e+00,2.248050e+00,2.262309e+00,2.269682e+00,2.296729e+00,2.352054e+00,2.371939e+00,2.362328e+00,2.357679e+00,
2.607130e+00,2.598761e+00,2.567718e+00,2.540094e+00,2.518189e+00,2.496976e+00,2.489034e+00,2.478451e+00,2.513618e+00,2.487579e+00,2.452723e+00,2.424091e+00,2.372665e+00,2.318232e+00,2.318705e+00,2.290069e+00,2.297513e+00,2.310177e+00,2.310199e+00,2.307369e+00,-8.145180e-01,2.331801e+00,2.329059e+00,2.342470e+00,2.362598e+00,2.404176e+00,2.420582e+00,-6.955888e-01,-6.656415e-01,-5.991244e-01,2.572558e+00,2.615804e+00,
2.362187e+00,2.321241e+00,2.288841e+00,2.299049e+00,2.324012e+00,2.326478e+00,2.316150e+00,2.291894e+00,2.271195e+00,2.297816e+00,2.307196e+00,2.322022e+00,2.334785e+00,2.337131e+00,2.324881e+00,2.326375e+00,2.316584e+00,2.307500e+00,2.261898e+00,2.275098e+00,2.295140e+00,2.326181e+00,2.347108e+00,2.362822e+00,2.377285e+00,
2.572903e+00,2.542219e+00,2.531305e+00,2.529251e+00,2.518820e+00,2.492544e+00,2.500878e+00,2.499087e+00,2.488763e+00,2.435673e+00,2.385566e+00,2.366632e+00,2.380603e+00,-7.452368e-01,-7.279900e-01,-7.225952e-01,-7.251863e-01,-6.947069e-01,-6.810307e-01,-6.400823e-01,-6.351287e-01,-5.833152e-01,-5.558140e-01,-5.286537e-01,-4.706503e-01,-5.134475e-01,
2.408382e+00,2.368157e+00,2.342784e+00,2.377706e+00,2.438383e+00,2.486465e+00,2.492110e+00,2.463906e+00,2.447358e+00,2.443873e+00,2.453418e+00,2.447987e+00,2.449597e+00,2.448153e+00,2.471252e+00,2.476997e+00,2.460592e+00,2.445451e+00,2.445116e+00,2.433945e+00,2.425127e+00,2.406335e+00,2.403340e+00,2.392059e+00,2.357683e+00,2.411465e+00,2.435378e+00,2.458426e+00,
2.470944e+00,2.441625e+00,2.415163e+00,2.378519e+00,2.383022e+00,2.395032e+00,2.423241e+00,2.413928e+00,2.408394e+00,2.409706e+00,2.430172e+00,2.447090e+00,2.458574e+00,2.489416e+00,2.491323e+00,2.490926e+00,2.457460e+00,2.440920e+00,2.433809e+00,2.437919e+00,2.428784e+00,2.423764e+00,2.430740e+00,2.429371e+00,2.439048e+00,2.425386e+00,2.420859e+00,2.398903e+00,2.383066e+00,2.366647e+00,2.405803e+00,2.420793e+00,2.453083e+00,2.469172e+00,2.477872e+00,
2.422849e+00,2.356793e+00,2.307891e+00,2.220495e+00,2.182702e+00,2.177286e+00,2.202802e+00,2.252753e+00,2.361810e+00,2.316624e+00,2.351279e+00,2.405100e+00,2.471334e+00,2.463834e+00,2.414409e+00,2.427664e+00,2.752282e+00,2.374618e+00,2.304132e+00,2.272066e+00,2.272197e+00,2.300403e+00,2.348461e+00,2.393320e+00,2.431670e+00,2.460372e+00,2.483333e+00,2.510031e+00,
2.465650e+00,2.460179e+00,2.354214e+00,2.377193e+00,2.333979e+00,2.210156e+00,2.192285e+00,2.103598e+00,2.058768e+00,2.059540e+00,2.075950e+00,2.246551e+00,2.200384e+00,2.130787e+00,2.143524e+00,2.189519e+00,2.189143e+00,2.176516e+00,2.191872e+00,2.139446e+00,2.136029e+00,2.121114e+00,2.095032e+00,2.069596e+00,2.079742e+00,2.158035e+00,2.242563e+00,2.304880e+00,2.356850e+00,2.414362e+00,2.430240e+00,2.409528e+00,2.447698e+00,2.451652e+00,2.449979e+00,
2.410507e+00,2.370194e+00,2.345203e+00,2.376157e+00,2.367823e+00,2.335916e+00,2.304648e+00,2.300908e+00,2.289268e+00,2.292892e+00,2.586553e+00,2.330160e+00,2.353063e+00,2.205627e+00,2.595584e+00,2.227050e+00,2.222814e+00,2.256130e+00,2.257479e+00,2.261425e+00,2.259595e+00,2.306223e+00,2.309988e+00,2.309217e+00,2.296488e+00,2.271496e+00,2.240949e+00,2.252113e+00,2.328613e+00,2.383118e+00,2.396693e+00,2.414783e+00,2.481188e+00,
2.443675e+00,2.399019e+00,2.325682e+00,2.267816e+00,2.227319e+00,2.178617e+00,2.166730e+00,2.177364e+00,2.126661e+00,2.147210e+00,2.153641e+00,2.155593e+00,2.149749e+00,2.168381e+00,2.149226e+00,2.165345e+00,2.214336e+00,2.246135e+00,2.283076e+00,2.321640e+00,2.335836e+00,2.382557e+00,2.432516e+00,2.468709e+00,2.494920e+00,2.497248e+00,2.487397e+00,
2.417404e+00,2.370797e+00,2.359200e+00,2.423704e+00,2.408970e+00,2.372726e+00,2.349459e+00,2.341065e+00,2.350729e+00,2.357980e+00,2.363632e+00,2.384328e+00,2.411541e+00,2.375649e+00,2.348326e+00,2.380736e+00,2.407958e+00,
2.445521e+00,2.487174e+00,2.508408e+00,2.548935e+00,2.660017e+00,-4.034951e-01,-3.737069e-01,-3.241202e-01,-2.564232e-01,-1.837701e-01,-8.004928e-02,-8.598232e-02,-3.673077e-02,4.276967e-02,7.777870e-02,8.753324e-02,7.978749e-02,6.428576e-02,5.836606e-02,5.156600e-02,4.233813e-02,3.795183e-02,4.006720e-02,2.749193e-02,2.430546e-02,-7.730961e-03,-4.331815e-02,-1.371164e-01,-1.903249e-01,2.764310e+00,2.682679e+00,2.608381e+00,2.532853e+00,2.505208e+00,2.477736e+00,
2.387554e+00,2.387410e+00,2.388411e+00,2.372166e+00,2.355957e+00,2.417252e+00,2.382334e+00,2.373084e+00,2.339771e+00,2.294733e+00,2.286509e+00,2.268636e+00,2.274628e+00,2.296562e+00,2.310615e+00,2.319155e+00,2.313205e+00,2.309675e+00,2.319561e+00,2.322197e+00,2.350146e+00,
2.402683e+00,2.389275e+00,2.362166e+00,2.340739e+00,2.363873e+00,2.362607e+00,2.336521e+00,2.310699e+00,2.309998e+00,2.296250e+00,2.283278e+00,2.281084e+00,2.320110e+00,2.343740e+00,2.371577e+00,2.308951e+00,2.326201e+00,2.341166e+00,2.361004e+00,2.378422e+00,
2.401394e+00,2.400656e+00,2.391791e+00,2.360206e+00,2.351868e+00,2.414556e+00,2.394207e+00,2.389756e+00,2.341400e+00,2.327076e+00,2.301664e+00,2.302761e+00,2.314775e+00,2.344662e+00,2.377421e+00,2.384954e+00,2.340740e+00,2.359724e+00,2.364263e+00,
2.399899e+00,2.313063e+00,2.234020e+00,2.168835e+00,2.134698e+00,2.079417e+00,2.075839e+00,2.177854e+00,2.262580e+00,2.116778e+00,2.202703e+00,2.211690e+00,2.206792e+00,2.160865e+00,2.206093e+00,2.127964e+00,2.252750e+00,2.297617e+00,2.330292e+00,2.350173e+00,2.403489e+00,2.454112e+00,2.500739e+00,
2.288075e+00,2.235369e+00,2.148279e+00,2.094171e+00,2.061533e+00,2.066797e+00,2.134358e+00,2.178878e+00,2.190124e+00,2.142703e+00,2.140816e+00,2.162034e+00,2.112935e+00,2.122190e+00,2.197975e+00,2.202800e+00,2.218988e+00,2.240024e+00,2.270692e+00,2.324367e+00,2.353452e+00,2.420460e+00,2.459506e+00,2.473033e+00,2.469973e+00,2.468597e+00,2.475302e+00,2.490094e+00,2.495742e+00,2.497670e+00,2.504759e+00,2.500817e+00,2.497349e+00,2.494315e+00,
2.416563e+00,2.438813e+00,2.429684e+00,2.359124e+00,2.352587e+00,2.271448e+00,2.219569e+00,2.207893e+00,2.225222e+00,2.279347e+00,2.387816e+00,2.399791e+00,2.413056e+00,2.427743e+00,2.419032e+00,2.432991e+00,2.439265e+00,2.435429e+00,2.414028e+00,2.437147e+00,2.415251e+00,2.438570e+00,2.445357e+00,2.422071e+00,2.426947e+00,2.442249e+00,2.455139e+00,2.447924e+00,2.465294e+00,2.487145e+00,2.521227e+00,2.506413e+00,2.521571e+00,2.552406e+00,2.531082e+00,2.529967e+00,2.545033e+00,2.612106e+00,2.580937e+00,2.565604e+00,2.570441e+00,2.542731e+00,2.516356e+00,
2.470514e+00,2.465135e+00,2.443640e+00,2.388610e+00,2.266213e+00,2.219179e+00,2.224504e+00,2.280173e+00,2.617762e+00,2.192670e+00,2.207929e+00,2.264438e+00,2.209348e+00,2.157211e+00,2.234113e+00,2.153866e+00,2.367714e+00,2.386117e+00,2.343060e+00,2.319786e+00,2.327445e+00,2.339830e+00,2.388532e+00,2.455632e+00,2.473732e+00,2.474107e+00,2.487132e+00,2.489437e+00,
2.376535e+00,2.357960e+00,2.341105e+00,2.314122e+00,2.304184e+00,2.320085e+00,2.357164e+00,2.357141e+00,2.343317e+00,2.304422e+00,2.307208e+00,2.288490e+00,2.289256e+00,2.291406e+00,2.291414e+00,2.288726e+00,2.291895e+00,2.291895e+00,2.289330e+00,2.309131e+00,2.309162e+00,2.327803e+00,2.345049e+00,2.352254e+00,2.301558e+00,2.333662e+00,2.373588e+00,
2.584287e+00,-5.819129e-01,-6.455277e-01,-6.702867e-01,-7.079563e-01,-7.598402e-01,-8.203728e-01,2.307808e+00,-8.366824e-01,-8.180139e-01,2.356868e+00,2.423969e+00,2.481657e+00,2.428857e+00,2.462753e+00,2.456982e+00,2.429098e+00,2.454738e+00,2.466508e+00,2.379953e+00,-7.484755e-01,-7.135219e-01,-6.403142e-01,
-5.200183e-01,-5.324115e-01,-5.284247e-01,2.632181e+00,2.548667e+00,2.442266e+00,2.421000e+00,2.393155e+00,2.401428e+00,2.433631e+00,2.582901e+00,2.575833e+00,2.553493e+00,2.544411e+00,2.551494e+00,2.581656e+00,2.576782e+00,2.649369e+00,2.500539e+00,2.476935e+00,2.482498e+00,2.509911e+00,2.527115e+00,
2.610757e+00,-5.724974e-01,2.519935e+00,2.610258e+00,2.500821e+00,2.411796e+00,2.346069e+00,2.328377e+00,2.351007e+00,2.479919e+00,2.553712e+00,2.544060e+00,2.535902e+00,2.506182e+00,2.522004e+00,2.516473e+00,2.533797e+00,2.519656e+00,2.516822e+00,2.508934e+00,2.497515e+00,-7.402676e-01,-7.518980e-01,-7.202833e-01,-6.395825e-01,-5.969405e-01,
2.332072e+00,2.299336e+00,2.255984e+00,2.232059e+00,2.224018e+00,2.211723e+00,2.200891e+00,2.197119e+00,2.195087e+00,2.206873e+00,2.204800e+00,2.203963e+00,2.184737e+00,2.193209e+00,2.203787e+00,2.200025e+00,2.185106e+00,2.186010e+00,2.206182e+00,2.190417e+00,2.181208e+00,2.214543e+00,2.219366e+00,2.216702e+00,2.229671e+00,2.254282e+00,2.282932e+00,2.307073e+00,
2.407241e+00,2.362609e+00,2.326686e+00,2.275222e+00,2.293337e+00,2.208983e+00,2.168141e+00,2.103118e+00,2.086114e+00,2.104016e+00,2.105273e+00,2.101915e+00,2.104466e+00,2.116260e+00,2.120525e+00,2.136620e+00,2.126804e+00,2.158515e+00,2.218975e+00,2.201103e+00,2.212431e+00,2.281777e+00,2.319229e+00,2.368645e+00,2.406159e+00,2.441161e+00,
2.375245e+00,2.369233e+00,2.354728e+00,2.331275e+00,2.338805e+00,2.395520e+00,2.381784e+00,2.364917e+00,2.330893e+00,2.266201e+00,2.245367e+00,2.251119e+00,2.264052e+00,2.297068e+00,2.299448e+00,2.330384e+00,2.329571e+00,2.308169e+00,2.318476e+00,2.338378e+00,2.354679e+00,
2.423931e+00,2.374814e+00,2.299439e+00,2.281216e+00,2.199423e+00,2.137170e+00,2.131163e+00,2.112179e+00,2.110149e+00,2.123138e+00,2.130473e+00,2.115047e+00,2.103928e+00,2.109010e+00,2.116023e+00,2.113425e+00,2.134130e+00,2.143124e+00,2.140061e+00,2.186285e+00,2.229478e+00,2.232788e+00,2.241469e+00,2.337284e+00,2.359236e+00,2.416968e+00,2.459781e+00,
2.541256e+00,2.514970e+00,2.492097e+00,2.442016e+00,2.399240e+00,2.381819e+00,2.383198e+00,2.413754e+00,2.474439e+00,2.582814e+00,2.576459e+00,2.594383e+00,2.601438e+00,2.575218e+00,2.586891e+00,2.579822e+00,2.576574e+00,2.590348e+00,2.545188e+00,2.492124e+00,2.462234e+00,-6.545590e-01,-6.077218e-01,
2.324100e+00,2.270049e+00,2.200799e+00,2.166620e+00,2.166009e+00,2.159001e+00,2.153429e+00,2.173242e+00,2.182191e+00,2.203818e+00,2.168537e+00,2.163450e+00,2.163209e+00,2.220703e+00,2.213269e+00,2.216732e+00,2.194809e+00,2.156693e+00,2.152522e+00,2.145004e+00,2.147384e+00,2.170021e+00,2.201288e+00,2.227981e+00,2.272035e+00,2.294726e+00,2.334247e+00,
2.612876e+00,-5.301108e-01,-5.848875e-01,-5.849055e-01,-4.905927e-01,-5.975617e-01,-6.716901e-01,-7.291626e-01,-7.581590e-01,-7.404952e-01,2.429986e+00,2.561822e+00,2.630374e+00,2.607690e+00,2.598055e+00,2.616958e+00,2.619696e+00,2.614727e+00,2.603386e+00,2.602580e+00,2.610140e+00,2.604224e+00,2.514519e+00,-6.734266e-01,-7.176714e-01,-7.004216e-01,-6.663874e-01,2.495274e+00,
2.318623e+00,2.266104e+00,2.238749e+00,2.202259e+00,2.210093e+00,2.199502e+00,2.200488e+00,2.238142e+00,2.236341e+00,2.232448e+00,2.199082e+00,2.202095e+00,2.186890e+00,2.188614e+00,2.184747e+00,2.198251e+00,2.156658e+00,2.148840e+00,2.135316e+00,2.134256e+00,2.153986e+00,2.201459e+00,2.238169e+00,
2.316802e+00,2.330493e+00,2.383778e+00,2.396760e+00,2.390613e+00,2.376780e+00,2.358478e+00,2.349463e+00,2.328950e+00,2.307707e+00,2.307816e+00,2.317702e+00,2.324512e+00,2.327734e+00,2.328693e+00,2.334336e+00,2.353210e+00,2.373495e+00,
2.342388e+00,2.304313e+00,2.311246e+00,2.390383e+00,2.381651e+00,2.365349e+00,2.373979e+00,2.373180e+00,2.356462e+00,2.354270e+00,2.356119e+00,2.391558e+00,2.369586e+00,2.326051e+00,2.327121e+00,2.342761e+00,2.377178e+00,
2.265344e+00,2.230126e+00,2.200623e+00,2.200413e+00,2.187673e+00,2.186401e+00,2.196476e+00,2.190849e+00,2.176974e+00,2.186554e+00,2.181569e+00,2.181201e+00,2.178850e+00,2.186263e+00,2.185419e+00,2.185312e+00,2.187602e+00,2.177333e+00,2.184552e+00,2.179366e+00,2.171429e+00,2.180031e+00,2.176542e+00,2.190363e+00,2.202371e+00,2.229952e+00,2.260651e+00,
2.467817e+00,2.442263e+00,2.378323e+00,2.354911e+00,2.310150e+00,2.225683e+00,2.218490e+00,2.174731e+00,2.196669e+00,2.184479e+00,2.198698e+00,2.187527e+00,2.203111e+00,2.198054e+00,2.235353e+00,2.263757e+00,2.333141e+00,2.350653e+00,2.366243e+00,2.384263e+00,2.412712e+00,2.435833e+00,2.482247e+00,2.479712e+00,2.491713e+00,2.488787e+00,
2.331816e+00,2.254883e+00,2.216036e+00,2.184106e+00,2.141154e+00,2.112876e+00,2.167766e+00,2.094069e+00,2.149638e+00,2.139355e+00,2.132129e+00,2.115448e+00,2.151446e+00,2.139144e+00,2.144899e+00,2.165479e+00,2.180079e+00,2.224802e+00,2.272661e+00,2.333926e+00,2.397726e+00,2.443432e+00,
2.333619e+00,2.272868e+00,2.224632e+00,2.210583e+00,2.217660e+00,2.234347e+00,2.221006e+00,2.196172e+00,2.191380e+00,2.191587e+00,2.185906e+00,2.189594e+00,2.192569e+00,2.186397e+00,2.208275e+00,2.211114e+00,2.205526e+00,2.203894e+00,2.204018e+00,2.209237e+00,2.209054e+00,2.209173e+00,2.242384e+00,2.278092e+00,2.306150e+00,
2.428019e+00,2.377176e+00,2.298888e+00,2.332099e+00,2.313526e+00,2.215870e+00,2.193984e+00,2.152856e+00,2.152108e+00,2.155935e+00,2.163093e+00,2.153021e+00,2.130888e+00,2.164614e+00,2.170515e+00,2.174642e+00,2.168930e+00,2.159285e+00,2.182826e+00,2.217216e+00,2.273631e+00,2.322964e+00,2.307783e+00,2.356027e+00,2.389925e+00,2.405858e+00,2.442692e+00,2.466886e+00,
2.383848e+00,2.376566e+00,2.363238e+00,2.411631e+00,2.402940e+00,2.381991e+00,2.374180e+00,2.334274e+00,2.317069e+00,2.309249e+00,2.289706e+00,2.294144e+00,2.318508e+00,2.321955e+00,2.354332e+00,2.337070e+00,2.304920e+00,2.318600e+00,2.322596e+00,2.354524e+00,
2.393984e+00,2.371256e+00,2.342581e+00,2.341670e+00,2.261124e+00,2.204242e+00,2.157259e+00,2.102635e+00,2.057623e+00,2.026014e+00,2.054852e+00,2.006950e+00,2.046434e+00,2.012776e+00,2.007971e+00,2.013034e+00,2.026434e+00,2.012093e+00,2.046234e+00,2.121163e+00,2.125293e+00,2.198117e+00,2.241570e+00,2.259475e+00,2.304597e+00,2.347468e+00,2.365985e+00,2.395731e+00,2.441800e+00,
2.409790e+00,2.403443e+00,2.400790e+00,2.378970e+00,2.343871e+00,2.341699e+00,2.301939e+00,2.388897e+00,2.363792e+00,2.341772e+00,2.330498e+00,2.306934e+00,2.308557e+00,2.291959e+00,2.186813e+00,2.115054e+00,2.101975e+00,2.122493e+00,2.117138e+00,2.106897e+00,2.106117e+00,2.126611e+00,2.126775e+00,2.126172e+00,2.128813e+00,2.134522e+00,2.158149e+00,2.176912e+00,2.210171e+00,2.282941e+00,2.424526e+00,2.429258e+00,2.428578e+00,2.409777e+00,2.427002e+00,2.445760e+00,
2.363101e+00,2.343832e+00,2.312761e+00,2.383510e+00,2.385544e+00,2.380499e+00,2.365240e+00,2.330638e+00,2.316123e+00,2.306718e+00,2.305996e+00,2.313379e+00,2.307779e+00,2.328747e+00,2.362250e+00,2.364813e+00,2.317792e+00,2.325869e+00,2.346406e+00,2.366533e+00,
2.399381e+00,2.222773e+00,2.132425e+00,2.069440e+00,2.053965e+00,2.133617e+00,2.288208e+00,2.798013e+00,2.466845e+00,2.478906e+00,2.470729e+00,2.458265e+00,2.387265e+00,2.398551e+00,2.331638e+00,2.308841e+00,2.300565e+00,2.339251e+00,2.405297e+00,2.490759e+00,2.513654e+00,2.511657e+00,2.506680e+00,
2.385233e+00,2.365304e+00,2.375170e+00,2.393305e+00,2.366941e+00,2.324168e+00,2.307204e+00,2.308480e+00,2.297963e+00,2.294793e+00,2.307662e+00,2.337580e+00,2.366319e+00,2.382311e+00,2.343126e+00,2.338441e+00,2.365615e+00,
2.396293e+00,2.392943e+00,2.388508e+00,2.318008e+00,2.259161e+00,2.254992e+00,2.265242e+00,2.296870e+00,2.337331e+00,2.374038e+00,2.403099e+00,2.442626e+00,2.459591e+00,2.488373e+00,2.504499e+00,2.503994e+00,2.519066e+00,2.527303e+00,2.511699e+00,2.519025e+00,2.525098e+00,2.521436e+00,2.519791e+00,2.514690e+00,2.495617e+00,2.482149e+00,2.468664e+00,2.452404e+00,2.471197e+00,2.474613e+00,2.483974e+00,2.491032e+00,2.506185e+00,2.463625e+00,2.443722e+00,
2.458230e+00,2.499940e+00,2.498705e+00,2.485462e+00,2.418496e+00,2.399142e+00,2.543581e+00,2.956362e+00,1.123142e-01,4.574528e-01,3.785958e-01,-2.630933e+00,-2.626474e+00,-2.639039e+00,-2.688149e+00,-2.704488e+00,4.010882e-01,3.820397e-01,3.497264e-01,2.636611e-02,2.913227e+00,2.767869e+00,2.711018e+00,2.621738e+00,
2.528086e+00,2.501626e+00,2.479930e+00,2.418981e+00,2.350215e+00,2.296542e+00,2.216089e+00,2.144782e+00,2.140272e+00,2.162109e+00,2.116314e+00,2.162399e+00,2.216358e+00,2.189160e+00,2.183204e+00,2.175951e+00,2.164079e+00,2.161481e+00,2.154972e+00,2.168906e+00,2.203734e+00,2.227165e+00,2.248017e+00,2.302888e+00,2.361734e+00,2.426099e+00,2.486264e+00,2.508726e+00,
2.439988e+00,2.437840e+00,2.419024e+00,2.433722e+00,2.486217e+00,2.413675e+00,2.371352e+00,2.327851e+00,2.310361e+00,2.280057e+00,2.276999e+00,2.237406e+00,2.051484e+00,2.082382e+00,2.089449e+00,2.099726e+00,2.133784e+00,2.118289e+00,2.107412e+00,2.108433e+00,2.112320e+00,2.113778e+00,2.103994e+00,2.122964e+00,2.130363e+00,2.157260e+00,2.246320e+00,2.259122e+00,2.395579e+00,2.273633e+00,2.335909e+00,2.385375e+00,2.425282e+00,
2.404253e+00,2.413527e+00,2.419473e+00,2.398856e+00,2.444950e+00,2.480804e+00,2.455621e+00,2.446414e+00,2.363625e+00,2.268132e+00,2.126397e+00,2.095355e+00,2.058401e+00,2.082382e+00,2.114239e+00,2.178216e+00,2.165353e+00,2.178023e+00,2.175261e+00,2.188614e+00,2.187737e+00,2.190206e+00,2.181322e+00,2.187874e+00,2.193851e+00,2.191287e+00,2.212485e+00,2.251117e+00,2.245804e+00,2.275821e+00,2.265352e+00,2.273337e+00,2.270954e+00,2.318017e+00,2.341354e+00,2.349087e+00,2.402577e+00,2.444808e+00,2.465175e+00,2.480217e+00,
2.607242e+00,-5.583110e-01,-5.804796e-01,-5.163668e-01,-6.186886e-01,-6.822142e-01,-7.291734e-01,-7.579129e-01,-7.464688e-01,-7.129173e-01,-6.649286e-01,-5.871509e-01,-5.824469e-01,-5.757156e-01,-5.342226e-01,-5.546241e-01,-5.664510e-01,-5.656722e-01,-6.080489e-01,-6.368145e-01,-6.339340e-01,-6.024678e-01,
2.324070e+00,2.227159e+00,2.147225e+00,2.104246e+00,2.123647e+00,2.259982e+00,2.288028e+00,2.339441e+00,2.436001e+00,2.443415e+00,2.428584e+00,2.375704e+00,2.371678e+00,2.520842e+00,2.321115e+00,2.303753e+00,2.313389e+00,2.343509e+00,2.383889e+00,2.412999e+00,2.471365e+00,2.476470e+00,2.477965e+00,2.480153e+00,2.475930e+00,2.487334e+00,2.474236e+00,2.477364e+00,
2.293343e+00,2.249316e+00,2.204726e+00,2.204060e+00,2.187669e+00,2.191904e+00,2.169905e+00,2.175258e+00,2.147349e+00,2.154959e+00,2.149926e+00,2.163233e+00,2.165222e+00,2.133142e+00,2.147647e+00,2.137672e+00,2.164115e+00,2.157398e+00,2.175387e+00,2.165833e+00,2.198102e+00,2.231426e+00,2.269181e+00,
2.315449e+00,2.281750e+00,2.236522e+00,2.205046e+00,2.207095e+00,2.243880e+00,2.268604e+00,2.261214e+00,2.236663e+00,2.226999e+00,2.228263e+00,2.218657e+00,2.223472e+00,2.233603e+00,2.334694e+00,2.332319e+00,2.241811e+00,2.191587e+00,2.153893e+00,2.158253e+00,2.181251e+00,2.218227e+00,2.257394e+00,
2.376383e+00,2.345320e+00,2.406292e+00,2.313399e+00,2.247377e+00,2.198897e+00,2.196954e+00,2.209379e+00,2.247357e+00,2.288606e+00,2.338286e+00,2.326000e+00,2.284273e+00,2.324282e+00,2.305213e+00,2.283634e+00,2.282169e+00,2.284424e+00,2.276150e+00,2.281784e+00,2.287374e+00,2.320874e+00,2.369157e+00,2.450133e+00,2.391737e+00,2.407101e+00,2.412465e+00,2.436410e+00,2.445852e+00,2.469779e+00,
2.425587e+00,2.359362e+00,2.297927e+00,2.273089e+00,2.245281e+00,2.148985e+00,2.106699e+00,2.110237e+00,2.075152e+00,2.069386e+00,2.069654e+00,2.079166e+00,2.091596e+00,2.092693e+00,2.090013e+00,2.101261e+00,2.119516e+00,2.159948e+00,2.189826e+00,2.260069e+00,2.323382e+00,2.388552e+00,2.429472e+00,2.435301e+00,
2.579295e+00,-5.566674e-01,2.538817e+00,2.527565e+00,2.528623e+00,2.541708e+00,2.521551e+00,-6.103107e-01,2.529143e+00,2.530492e+00,-6.137367e-01,-6.139614e-01,2.522154e+00,2.525401e+00,2.513156e+00,2.499853e+00,2.493613e+00,2.485258e+00,2.460429e+00,2.401664e+00,2.322382e+00,2.241600e+00,-9.326105e-01,-9.149699e-01,-8.360547e-01,-8.121359e-01,-6.216897e-01,-6.290755e-01,2.523743e+00,2.515984e+00,2.524148e+00,2.533891e+00,2.530804e+00,2.494184e+00,-7.259880e-01,-7.231865e-01,-7.215142e-01,-6.904902e-01,-6.248778e-01,
2.309904e+00,2.264612e+00,2.223812e+00,2.202549e+00,2.204383e+00,2.242512e+00,2.239002e+00,2.239189e+00,2.229135e+00,2.224578e+00,2.208085e+00,2.206381e+00,2.205818e+00,2.205770e+00,2.206498e+00,2.198947e+00,2.209263e+00,2.197456e+00,2.178344e+00,2.181127e+00,2.193226e+00,2.196353e+00,2.225242e+00,
2.417315e+00,2.412703e+00,2.317790e+00,2.332586e+00,2.231247e+00,2.174467e+00,2.127462e+00,2.164299e+00,2.196955e+00,2.225720e+00,2.209315e+00,2.234457e+00,2.185723e+00,2.192230e+00,2.226470e+00,2.202428e+00,2.208706e+00,2.225759e+00,2.226775e+00,2.231525e+00,2.218333e+00,2.205739e+00,2.191030e+00,2.141463e+00,2.145469e+00,2.128304e+00,2.119246e+00,2.162011e+00,2.244661e+00,2.328967e+00,2.421465e+00,2.478165e+00,2.476687e+00,2.430528e+00,2.423001e+00,2.384764e+00,2.414224e+00,2.428724e+00,2.450754e+00,
2.451405e+00,2.402963e+00,2.343074e+00,2.298523e+00,2.233733e+00,2.195525e+00,2.107249e+00,2.092830e+00,2.079213e+00,2.050913e+00,2.026799e+00,2.009557e+00,1.958089e+00,1.892019e+00,1.997759e+00,2.014528e+00,2.039678e+00,2.101812e+00,2.104348e+00,2.128193e+00,2.160940e+00,2.215372e+00,2.243638e+00,2.317551e+00,2.365114e+00,2.412991e+00,2.438483e+00,
2.470015e+00,2.437268e+00,2.404407e+00,2.357140e+00,2.288301e+00,2.202972e+00,2.140357e+00,2.094998e+00,2.037936e+00,1.997364e+00,1.872397e+00,1.848911e+00,1.806812e+00,1.796653e+00,1.819968e+00,1.809809e+00,1.816798e+00,1.831667e+00,1.831035e+00,1.900096e+00,2.070335e+00,2.132158e+00,2.121410e+00,2.223652e+00,2.287417e+00,2.356389e+00,2.417780e+00,2.440578e+00,
2.440497e+00,2.379422e+00,2.301530e+00,2.236097e+00,2.200986e+00,2.097729e+00,2.084614e+00,2.047111e+00,2.052101e+00,2.060844e+00,2.038120e+00,2.019449e+00,2.012451e+00,2.012008e+00,2.019814e+00,2.018579e+00,2.019443e+00,2.061341e+00,2.082556e+00,2.093824e+00,2.156331e+00,2.132457e+00,2.203006e+00,2.276676e+00,2.345384e+00,2.385671e+00,
2.627665e+00,2.608328e+00,2.612957e+00,2.550469e+00,2.553248e+00,2.487977e+00,2.429710e+00,2.352676e+00,2.352921e+00,2.350587e+00,2.361865e+00,2.477483e+00,2.518716e+00,2.526772e+00,2.538942e+00,2.528726e+00,2.533974e+00,2.544190e+00,2.550718e+00,2.555308e+00,2.522406e+00,-7.645632e-01,-7.471311e-01,-7.189744e-01,-6.466347e-01,-5.830212e-01,
2.479384e+00,2.477146e+00,2.431743e+00,2.370569e+00,2.281616e+00,2.245112e+00,2.180626e+00,2.068284e+00,2.043927e+00,2.049821e+00,2.051393e+00,2.026700e+00,2.071303e+00,2.084425e+00,2.081440e+00,2.089593e+00,2.073872e+00,2.086682e+00,2.090585e+00,2.081686e+00,2.081416e+00,2.084723e+00,2.112161e+00,2.185670e+00,2.182278e+00,2.218166e+00,2.287431e+00,2.350471e+00,2.396419e+00,2.433637e+00,
-5.420811e-01,-5.905454e-01,-6.369970e-01,-5.997816e-01,-6.402748e-01,-7.088938e-01,-7.337946e-01,-7.532004e-01,-7.475661e-01,-6.691192e-01,2.516697e+00,2.530476e+00,2.538515e+00,2.530102e+00,2.541557e+00,-5.965458e-01,-5.959564e-01,-6.126129e-01,-6.435291e-01,-6.432654e-01,2.517548e+00,2.532626e+00,
2.472984e+00,2.427833e+00,2.344709e+00,2.264673e+00,2.215403e+00,2.206807e+00,2.160528e+00,2.130274e+00,2.078859e+00,2.081934e+00,2.089237e+00,2.128455e+00,2.100797e+00,2.117853e+00,2.124829e+00,2.149421e+00,2.132005e+00,2.183329e+00,2.238763e+00,2.206546e+00,2.256348e+00,2.290763e+00,2.340622e+00,
2.234846e+00,2.211735e+00,2.194053e+00,2.192223e+00,2.191374e+00,2.176325e+00,2.241423e+00,2.235927e+00,2.243685e+00,2.241196e+00,2.262079e+00,2.251491e+00,2.226086e+00,2.227976e+00,2.243742e+00,2.239802e+00,2.224647e+00,2.170773e+00,2.152755e+00,2.151409e+00,2.159251e+00,2.182410e+00,2.222751e+00,
