8.466693e-01,8.402135e-01,9.146789e-01,8.900409e-01,9.934685e-01,1.295783e+00,1.329755e+00,1.451681e+00,1.583774e+00,1.680842e+00,1.649466e+00,1.664322e+00,1.528867e+00,1.506609e+00,1.325448e+00,1.336965e+00,1.366129e+00,1.245565e+00,1.240313e+00,1.231410e+00,1.217022e+00,1.180034e+00,1.146207e+00,1.058131e+00,9.895582e-01,
8.440894e-01,7.750285e-01,8.303114e-01,8.501517e-01,8.688408e-01,8.701010e-01,9.194566e-01,9.271805e-01,9.581912e-01,1.121471e+00,1.243384e+00,1.230424e+00,1.222471e+00,1.218506e+00,1.177764e+00,1.183494e+00,1.182946e+00,1.194301e+00,1.160667e+00,1.023987e+00,1.073533e+00,1.103127e+00,1.030583e+00,1.001315e+00,9.432867e-01,
7.868682e-01,8.496636e-01,8.498478e-01,8.511981e-01,8.071671e-01,7.933188e-01,8.288035e-01,8.543408e-01,8.281503e-01,8.858891e-01,8.906643e-01,9.125309e-01,8.382165e-01,7.895235e-01,8.199694e-01,8.197652e-01,8.508590e-01,8.465768e-01,8.462813e-01,8.404829e-01,8.664019e-01,8.661921e-01,8.989089e-01,8.874502e-01,
9.402928e-01,9.792370e-01,9.209737e-01,9.046459e-01,9.151754e-01,9.142635e-01,8.648241e-01,8.941896e-01,8.699804e-01,7.259302e-01,6.928754e-01,6.981763e-01,8.437896e-01,8.487731e-01,8.380619e-01,8.397010e-01,8.684481e-01,8.738317e-01,8.810360e-01,9.190414e-01,8.737719e-01,8.809056e-01,8.752446e-01,8.805472e-01,8.676916e-01,9.164267e-01,9.651652e-01,1.090092e+00,1.050963e+00,1.083137e+00,1.053007e+00,1.038855e+00,1.091652e+00,1.125752e+00,
2.236508e-01,2.699358e-01,3.138380e-01,2.487511e-01,3.013823e-01,3.819908e-01,3.445919e-01,3.482226e-01,5.936882e-01,5.154049e-01,5.068170e-01,4.544624e-01,4.638436e-01,4.445702e-01,4.055249e-01,5.064602e-01,3.887833e-01,4.108531e-01,4.944718e-01,3.964301e-01,3.690919e-01,
7.335859e-01,8.301442e-01,8.401304e-01,9.291045e-01,8.641868e-01,8.565881e-01,8.694184e-01,8.883176e-01,9.510657e-01,8.724684e-01,8.508451e-01,8.559940e-01,8.546461e-01,9.102992e-01,8.518779e-01,8.350242e-01,8.478035e-01,8.351287e-01,8.816640e-01,8.478413e-01,8.788542e-01,9.044281e-01,9.632877e-01,1.082964e+00,9.410388e-01,1.104055e+00,1.170478e+00,1.073303e+00,1.202196e+00,
4.639451e-01,5.014951e-01,3.733197e-01,4.269982e-01,3.177023e-01,5.328763e-01,4.134642e-01,6.996253e-01,7.279738e-01,7.946845e-01,7.910264e-01,7.923155e-01,6.988031e-01,7.173910e-01,7.060664e-01,6.830348e-01,4.982744e-01,6.579702e-01,4.685802e-01,4.445967e-01,4.494933e-01,4.258415e-01,2.040097e-01,
8.268383e-01,8.399145e-01,8.562087e-01,7.213854e-01,6.217870e-01,7.073551e-01,6.459048e-01,5.352338e-01,6.304920e-01,8.652893e-01,8.932888e-01,1.137236e+00,1.201966e+00,1.118561e+00,9.599773e-01,9.823247e-01,9.587886e-01,9.542679e-01,9.855196e-01,9.323291e-01,9.372998e-01,
4.665676e-01,3.782378e-01,4.216663e-01,5.820032e-01,6.051955e-01,6.387234e-01,8.260607e-01,7.525314e-01,7.797208e-01,8.706926e-01,9.213038e-01,8.817962e-01,8.757105e-01,8.632683e-01,8.519273e-01,7.897385e-01,7.867833e-01,6.719995e-01,6.293012e-01,
8.843580e-01,9.382504e-01,8.672446e-01,9.218873e-01,9.259425e-01,1.027796e+00,8.870171e-01,9.991356e-01,9.419050e-01,9.249353e-01,8.953307e-01,8.685833e-01,8.885884e-01,8.822206e-01,9.086841e-01,9.275058e-01,9.198366e-01,9.863955e-01,1.169415e+00,1.247999e+00,1.260898e+00,1.280612e+00,1.229836e+00,1.269572e+00,1.227881e+00,1.110155e+00,1.183513e+00,1.145616e+00,
3.612980e-01,3.654754e-01,3.179057e-01,3.185936e-01,2.954820e-01,2.997618e-01,2.652728e-01,8.714426e-02,1.631016e-01,1.432027e-01,6.877226e-02,1.032774e-01,8.205265e-02,2.519390e-01,3.420834e-01,3.728287e-01,3.810162e-01,3.687966e-01,3.638770e-01,3.498416e-01,3.255970e-01,3.502776e-01,3.666290e-01,3.361708e-01,
9.143869e-01,8.930592e-01,8.822660e-01,8.902037e-01,8.802381e-01,8.718143e-01,8.865840e-01,9.105495e-01,8.029987e-01,8.591656e-01,8.141323e-01,8.154798e-01,9.092148e-01,8.430927e-01,7.880289e-01,8.023939e-01,8.117501e-01,8.174236e-01,8.189217e-01,8.630961e-01,8.362904e-01,8.696225e-01,8.891252e-01,1.139858e+00,1.287131e+00,1.565570e+00,1.647434e+00,1.753160e+00,1.584846e+00,1.604407e+00,1.521848e+00,1.548486e+00,1.503904e+00,1.434547e+00,
3.532949e-01,4.910664e-01,3.577200e-01,3.594848e-01,3.015479e-01,3.428781e-01,4.176454e-01,4.996010e-01,7.008530e-01,5.346693e-01,4.924445e-01,5.049663e-01,4.785269e-01,4.702119e-01,4.604276e-01,4.212336e-01,4.656408e-01,3.867320e-01,3.972367e-01,4.332105e-01,4.072211e-01,4.309162e-01,4.314708e-01,4.272370e-01,4.120329e-01,
4.776893e-01,4.904443e-01,4.951259e-01,4.600989e-01,4.340078e-01,4.354932e-01,4.340961e-01,4.903163e-01,6.021115e-01,8.910936e-01,9.227494e-01,9.347815e-01,8.322196e-01,8.214422e-01,8.458570e-01,8.083199e-01,7.512201e-01,7.144236e-01,6.763322e-01,6.717817e-01,6.812093e-01,6.510779e-01,6.762671e-01,6.824528e-01,6.717052e-01,6.534142e-01,6.885602e-01,6.483755e-01,
3.712872e-01,4.469238e-01,3.357915e-01,2.781675e-01,2.419349e-01,2.606353e-01,2.751317e-01,2.830986e-01,3.471875e-01,5.705096e-01,6.240885e-01,6.025763e-01,6.603349e-01,7.117346e-01,5.671804e-01,5.006490e-01,6.068164e-01,4.979039e-01,4.441462e-01,4.441492e-01,4.162350e-01,3.359542e-01,
1.024097e+00,8.795474e-01,1.096162e+00,1.094711e+00,1.050901e+00,1.041127e+00,1.086107e+00,9.012445e-01,8.963131e-01,9.096146e-01,1.118338e+00,9.896083e-01,1.068587e+00,1.098011e+00,1.029002e+00,9.136475e-01,1.000659e+00,8.845892e-01,8.636452e-01,1.051704e+00,1.057191e+00,1.022938e+00,9.499636e-01,9.858000e-01,
1.823744e+00,1.832313e+00,1.817163e+00,1.833236e+00,1.697068e+00,1.760795e+00,1.790291e+00,1.683180e+00,1.789587e+00,1.701758e+00,1.758995e+00,1.793907e+00,1.727645e+00,1.732145e+00,1.770620e+00,1.801885e+00,1.712312e+00,1.596694e+00,1.705718e+00,1.619529e+00,1.608142e+00,1.626325e+00,1.498339e+00,1.494304e+00,1.422108e+00,1.304471e+00,1.356462e+00,1.123047e+00,9.920113e-01,9.012808e-01,8.815298e-01,9.738500e-01,
5.275036e-01,5.977513e-01,5.118414e-01,4.559422e-01,5.631384e-01,5.527052e-01,6.778491e-01,7.037142e-01,7.869902e-01,8.209259e-01,7.857523e-01,7.472485e-01,7.555864e-01,6.898485e-01,7.699900e-01,6.880252e-01,6.912726e-01,6.707574e-01,5.668641e-01,7.783139e-01,7.288489e-01,7.450968e-01,6.991766e-01,7.064586e-01,6.660722e-01,5.996074e-01,5.817556e-01,6.279352e-01,6.787584e-01,4.779128e-01,6.325841e-01,6.846173e-01,5.318038e-01,5.584809e-01,6.797920e-01,5.160233e-01,4.888927e-01,5.337753e-01,6.336144e-01,
5.295642e-01,5.339320e-01,5.514477e-01,6.555969e-01,7.366362e-01,5.010819e-01,7.051487e-01,3.848796e-01,4.880274e-01,7.730986e-01,7.674479e-01,8.058168e-01,8.949047e-01,9.210175e-01,8.767782e-01,8.550416e-01,8.956067e-01,8.801457e-01,8.324841e-01,6.743261e-01,7.406088e-01,7.630196e-01,7.525302e-01,7.948433e-01,8.645248e-01,8.745952e-01,8.431441e-01,8.062986e-01,6.664945e-01,7.030290e-01,7.684044e-01,6.563929e-01,6.006254e-01,5.794873e-01,5.859671e-01,5.737295e-01,5.307240e-01,4.599485e-01,4.101071e-01,
8.719102e-01,8.964776e-01,8.322222e-01,8.754123e-01,9.457136e-01,9.197422e-01,1.096975e+00,1.251271e+00,1.223359e+00,1.270237e+00,1.277450e+00,1.363261e+00,1.179993e+00,1.062718e+00,9.894342e-01,9.703899e-01,9.848915e-01,9.097615e-01,9.265811e-01,9.455081e-01,9.927210e-01,1.001597e+00,1.014067e+00,1.095058e+00,1.122847e+00,
1.369269e+00,1.351862e+00,1.300139e+00,1.212396e+00,1.278537e+00,1.187479e+00,1.222213e+00,1.199641e+00,1.382292e+00,1.377519e+00,1.377610e+00,1.241244e+00,1.255412e+00,1.279385e+00,1.248230e+00,1.303620e+00,1.203711e+00,1.211327e+00,1.187769e+00,1.181416e+00,1.186629e+00,1.205166e+00,1.217960e+00,1.241204e+00,1.198319e+00,1.334502e+00,1.420477e+00,1.418042e+00,1.476779e+00,1.461128e+00,1.473671e+00,
5.306647e-01,5.442208e-01,5.636762e-01,6.840108e-01,5.609592e-01,4.804100e-01,6.740106e-01,6.742002e-01,6.790408e-01,7.491953e-01,8.018314e-01,7.911059e-01,7.320633e-01,7.888409e-01,7.261668e-01,5.204722e-01,5.984422e-01,5.405910e-01,5.851701e-01,6.363217e-01,6.893082e-01,6.376984e-01,6.372271e-01,6.335865e-01,5.949503e-01,5.775085e-01,6.957065e-01,6.316664e-01,7.318715e-01,6.661075e-01,6.847909e-01,5.512542e-01,5.538532e-01,5.135164e-01,5.142559e-01,5.709409e-01,5.707855e-01,
1.215873e+00,1.215226e+00,1.061240e+00,1.160682e+00,9.937267e-01,1.149770e+00,9.019691e-01,9.434906e-01,1.115313e+00,1.087001e+00,1.199752e+00,1.109464e+00,9.563959e-01,9.492519e-01,7.834095e-01,7.535301e-01,8.804979e-01,8.879344e-01,9.094356e-01,9.402744e-01,1.062001e+00,1.115842e+00,1.186505e+00,1.289578e+00,1.406775e+00,1.427660e+00,
1.239528e+00,1.232969e+00,1.215373e+00,1.203344e+00,1.219468e+00,1.163852e+00,1.193901e+00,1.193686e+00,1.305341e+00,1.281765e+00,1.262090e+00,1.231829e+00,1.101719e+00,1.078232e+00,1.007811e+00,1.034453e+00,1.086433e+00,1.167450e+00,1.158079e+00,1.143981e+00,1.237417e+00,1.281647e+00,1.384458e+00,1.432546e+00,1.317618e+00,
8.255971e-01,8.994775e-01,9.949886e-01,9.994916e-01,9.902110e-01,9.900044e-01,1.000194e+00,1.069772e+00,8.885828e-01,1.071117e+00,1.017970e+00,9.636842e-01,9.579337e-01,9.200609e-01,8.970009e-01,9.225028e-01,9.315052e-01,1.078194e+00,8.981336e-01,9.302887e-01,9.178648e-01,
7.656189e-01,8.289524e-01,1.026102e+00,1.022641e+00,1.046976e+00,9.738355e-01,1.048105e+00,1.003569e+00,1.038448e+00,8.856566e-01,1.053591e+00,1.023299e+00,1.028457e+00,9.533759e-01,8.907586e-01,8.603941e-01,8.608392e-01,1.026609e+00,9.288051e-01,1.034487e+00,8.811984e-01,9.014490e-01,
2.732241e-01,2.797563e-01,3.150843e-01,3.354112e-01,3.534898e-01,2.935044e-01,1.917350e-01,3.517425e-01,1.896567e-01,2.123348e-01,4.305808e-01,6.419721e-01,6.595491e-01,6.390982e-01,4.926672e-01,4.364874e-01,4.403827e-01,5.374223e-01,3.778713e-01,4.123898e-01,4.130862e-01,4.868038e-01,3.926798e-01,3.641709e-01,3.687709e-01,
4.636104e-01,4.869909e-01,5.007175e-01,5.084633e-01,5.360180e-01,5.791593e-01,6.990702e-01,4.416411e-01,5.150025e-01,7.101261e-01,4.570186e-01,5.872597e-01,6.490525e-01,6.982294e-01,6.270274e-01,6.358920e-01,6.278350e-01,5.739956e-01,6.432628e-01,6.517881e-01,5.740298e-01,6.478610e-01,7.427356e-01,6.333795e-01,6.227043e-01,7.659265e-01,6.192341e-01,5.647458e-01,4.720100e-01,4.506140e-01,4.110734e-01,6.135664e-01,5.503609e-01,4.177577e-01,4.529345e-01,5.260035e-01,5.348606e-01,5.313738e-01,
3.081629e-01,1.213655e-01,1.039703e-01,6.366193e-02,3.140669e-01,3.279697e-01,4.642301e-01,5.187476e-01,6.809194e-01,6.374189e-01,5.684358e-01,2.147521e-01,1.320248e-01,2.182446e-01,2.399640e-01,2.857465e-01,2.758100e-01,3.046941e-01,3.635517e-01,3.275304e-01,2.912729e-01,2.969414e-01,
2.694028e-01,2.428681e-01,2.129759e-01,1.255529e-01,2.659209e-01,2.869380e-01,2.745013e-01,2.345360e-01,3.112322e-01,2.146748e-01,1.990656e-01,4.119224e-01,5.116214e-01,6.764495e-01,6.283475e-01,6.551158e-01,4.960842e-01,4.202627e-01,4.130433e-01,3.906685e-01,3.872901e-01,1.913506e-01,2.865758e-01,2.770337e-01,2.870449e-01,2.796484e-01,3.155141e-01,3.110158e-01,3.262975e-01,
4.188756e-01,4.034703e-01,4.194019e-01,4.425449e-01,7.322336e-01,8.739455e-01,8.489270e-01,7.712122e-01,7.564492e-01,6.835296e-01,6.429038e-01,6.340165e-01,5.999513e-01,5.827569e-01,5.515034e-01,5.172498e-01,4.948919e-01,4.817950e-01,3.892604e-01,3.950446e-01,4.495342e-01,4.530924e-01,4.415086e-01,
6.180248e-01,6.619543e-01,8.063788e-01,7.872587e-01,6.256800e-01,6.553597e-01,6.998169e-01,9.196352e-01,1.091044e+00,1.259472e+00,1.254872e+00,1.363597e+00,1.343156e+00,1.355964e+00,1.317420e+00,1.321217e+00,1.334036e+00,1.306164e+00,1.334826e+00,1.377136e+00,1.292876e+00,1.256290e+00,1.249238e+00,1.222887e+00,1.186992e+00,1.152244e+00,1.013045e+00,9.485080e-01,8.445008e-01,8.414481e-01,
8.229164e-01,8.825331e-01,9.393925e-01,1.060909e+00,1.058578e+00,1.101907e+00,1.131652e+00,1.114920e+00,1.127999e+00,1.015526e+00,1.082473e+00,1.011672e+00,1.115828e+00,1.088002e+00,1.015622e+00,9.511082e-01,9.490317e-01,9.420149e-01,9.870391e-01,9.755948e-01,1.050993e+00,9.467176e-01,8.462692e-01,8.764476e-01,8.144529e-01,8.089216e-01,
8.041186e-01,8.878189e-01,8.481355e-01,8.291407e-01,8.142504e-01,9.286288e-01,9.327427e-01,8.139210e-01,8.435813e-01,8.536744e-01,8.205255e-01,8.778969e-01,8.264614e-01,8.493346e-01,9.569896e-01,8.543734e-01,9.953239e-01,1.070810e+00,1.092790e+00,1.097693e+00,
9.108845e-01,9.563648e-01,1.132214e+00,1.196926e+00,1.311185e+00,1.477375e+00,1.522725e+00,1.568353e+00,1.574240e+00,1.528195e+00,1.592065e+00,1.609962e+00,1.661888e+00,1.662226e+00,1.631540e+00,1.659135e+00,1.584245e+00,1.543001e+00,1.582918e+00,1.612533e+00,1.546549e+00,1.521808e+00,1.411134e+00,1.329007e+00,1.442352e+00,1.339671e+00,1.321009e+00,
1.068137e+00,9.598918e-01,9.676124e-01,9.127679e-01,9.437547e-01,8.699178e-01,8.242761e-01,8.709076e-01,8.566663e-01,8.590528e-01,8.110561e-01,8.815166e-01,6.327000e-01,7.755939e-01,8.381683e-01,8.316125e-01,7.588199e-01,8.208746e-01,8.868588e-01,8.470508e-01,8.467675e-01,9.193910e-01,1.010549e+00,1.217207e+00,1.232303e+00,1.173137e+00,1.193046e+00,1.199816e+00,
4.887709e-01,4.883988e-01,5.355345e-01,3.167986e-01,3.003844e-01,3.282216e-01,3.848673e-01,4.345228e-01,3.630355e-01,2.870645e-01,4.200245e-01,3.293879e-01,3.103919e-01,2.369030e-01,2.670920e-01,2.286896e-01,1.868593e-01,3.605751e-01,6.107757e-01,5.335850e-01,4.949551e-01,4.539837e-01,4.497550e-01,4.624475e-01,4.212004e-01,3.835846e-01,4.445148e-01,3.597739e-01,4.170035e-01,4.444767e-01,4.448565e-01,4.379851e-01,4.421635e-01,4.031041e-01,3.883219e-01,
8.825507e-01,1.007291e+00,8.619699e-01,9.224830e-01,1.062610e+00,1.019109e+00,9.741784e-01,1.010955e+00,9.994960e-01,1.006498e+00,8.769273e-01,8.409589e-01,8.401580e-01,8.247159e-01,8.116779e-01,9.612028e-01,8.467913e-01,9.087638e-01,8.157547e-01,8.144535e-01,8.107684e-01,8.213186e-01,8.143901e-01,8.500522e-01,9.847388e-01,
1.126128e+00,1.009629e+00,9.827683e-01,1.133057e+00,1.063619e+00,1.172385e+00,1.234969e+00,1.231876e+00,1.408406e+00,1.448766e+00,1.401965e+00,1.366220e+00,1.568878e+00,1.479465e+00,1.502219e+00,1.494088e+00,1.483791e+00,1.498905e+00,1.451132e+00,1.479450e+00,1.396900e+00,1.300955e+00,1.240092e+00,1.123534e+00,1.212531e+00,1.060392e+00,1.196075e+00,1.012526e+00,1.108425e+00,
9.430621e-01,8.951122e-01,8.879088e-01,8.397661e-01,7.777057e-01,7.721205e-01,7.347868e-01,7.501220e-01,5.345410e-01,5.605877e-01,9.672995e-01,9.288127e-01,9.472109e-01,8.474134e-01,8.608165e-01,1.016859e+00,9.548782e-01,9.414788e-01,1.032447e+00,9.464331e-01,1.093124e+00,9.325866e-01,1.280772e+00,1.063925e+00,1.297553e+00,1.419696e+00,1.431502e+00,1.429516e+00,1.349985e+00,1.426289e+00,1.358214e+00,1.321153e+00,1.349908e+00,
2.427255e-01,2.691029e-01,3.175012e-01,2.809413e-01,4.301380e-01,3.680773e-01,4.767317e-01,5.114919e-01,5.612012e-01,5.705860e-01,6.968713e-01,5.898230e-01,5.383586e-01,5.327050e-01,4.404884e-01,4.405665e-01,3.947279e-01,3.784312e-01,3.336742e-01,2.141254e-01,6.966490e-02,9.153110e-02,1.244357e-01,1.302043e-01,1.057401e-01,
1.060751e+00,1.000343e+00,9.568794e-01,9.350725e-01,9.513432e-01,9.798571e-01,8.635832e-01,8.505542e-01,8.620651e-01,8.042338e-01,8.701093e-01,8.694729e-01,9.139280e-01,8.855022e-01,8.902823e-01,8.498961e-01,7.381976e-01,8.605286e-01,8.602770e-01,8.864634e-01,8.801711e-01,8.904993e-01,9.047914e-01,8.227431e-01,1.031740e+00,1.038455e+00,1.092629e+00,1.082771e+00,1.013198e+00,1.048462e+00,1.085196e+00,
8.064168e-01,1.016489e+00,1.037127e+00,1.050230e+00,9.333380e-01,1.081973e+00,1.119771e+00,1.093038e+00,1.148089e+00,1.137148e+00,1.176450e+00,1.142034e+00,1.135792e+00,1.179772e+00,1.146993e+00,1.079297e+00,1.040850e+00,8.676923e-01,8.580264e-01,7.584072e-01,7.587153e-01,7.901691e-01,7.885147e-01,7.409689e-01,
3.420027e-01,3.058934e-01,2.890606e-01,2.685618e-01,2.226753e-01,1.694336e-01,2.278737e-01,2.047999e-01,2.308745e-01,4.497727e-01,4.056922e-01,6.102613e-01,4.113787e-01,3.735215e-01,4.006127e-01,3.711050e-01,3.911724e-01,3.743368e-01,4.025763e-01,3.364858e-01,3.337487e-01,4.262360e-01,4.010273e-01,4.755287e-01,5.132027e-01,
8.063645e-01,7.822144e-01,7.610072e-01,7.300541e-01,7.687115e-01,7.841526e-01,7.387077e-01,7.647650e-01,7.905950e-01,7.551752e-01,8.221878e-01,8.356651e-01,8.607471e-01,8.677524e-01,9.813262e-01,1.022892e+00,9.935331e-01,9.224679e-01,9.312358e-01,8.302658e-01,9.157993e-01,9.151767e-01,8.711865e-01,8.940712e-01,8.892549e-01,9.185237e-01,9.704751e-01,8.938805e-01,8.851032e-01,8.940884e-01,8.561268e-01,
9.609928e-01,9.268309e-01,9.747325e-01,9.529424e-01,9.806564e-01,9.740248e-01,1.151158e+00,1.143007e+00,1.091761e+00,1.191664e+00,1.189897e+00,1.304407e+00,1.404866e+00,1.221134e+00,1.148407e+00,1.092168e+00,9.758336e-01,9.911712e-01,1.100536e+00,1.002464e+00,1.021324e+00,9.669263e-01,9.924555e-01,9.990664e-01,1.126523e+00,1.208113e+00,1.199042e+00,1.245389e+00,1.242130e+00,1.245053e+00,1.223379e+00,
9.337444e-01,9.113891e-01,9.552310e-01,1.150793e+00,1.131982e+00,1.148823e+00,1.173466e+00,1.227289e+00,1.202328e+00,1.352641e+00,1.233360e+00,1.350432e+00,1.174785e+00,1.128442e+00,1.050205e+00,1.035545e+00,1.012876e+00,1.017429e+00,1.029412e+00,9.948347e-01,9.972081e-01,1.015876e+00,1.038944e+00,1.167423e+00,1.363871e+00,1.260800e+00,1.288010e+00,1.291215e+00,1.356451e+00,1.302657e+00,
6.097506e-01,5.332991e-01,5.992786e-01,6.457878e-01,8.261768e-01,8.622433e-01,8.815913e-01,9.181421e-01,8.614899e-01,9.679908e-01,1.036367e+00,1.166172e+00,9.594137e-01,9.511699e-01,9.219277e-01,1.018878e+00,8.504290e-01,7.933100e-01,8.285725e-01,9.651464e-01,9.704397e-01,7.860249e-01,8.355550e-01,8.834026e-01,7.693117e-01,6.179550e-01,6.498519e-01,5.225366e-01,4.759696e-01,5.193000e-01,4.108236e-01,3.607740e-01,3.341127e-01,
5.593178e-01,5.750542e-01,6.888072e-01,5.499697e-01,4.713866e-01,4.735490e-01,5.411867e-01,7.240920e-01,8.165872e-01,7.923633e-01,8.030909e-01,8.024020e-01,7.809801e-01,8.135707e-01,7.337739e-01,5.921851e-01,5.328785e-01,6.796685e-01,7.389626e-01,8.048823e-01,8.228779e-01,8.222644e-01,8.207102e-01,7.879497e-01,6.479377e-01,6.425792e-01,6.238555e-01,5.773048e-01,5.824138e-01,6.803924e-01,5.778554e-01,5.134362e-01,
5.029409e-01,4.777784e-01,4.411280e-01,4.419152e-01,4.212829e-01,5.514718e-01,4.353376e-01,7.539702e-01,7.946449e-01,7.970783e-01,7.143150e-01,8.493330e-01,8.850207e-01,8.498762e-01,8.499415e-01,8.162678e-01,7.133303e-01,6.557676e-01,7.067989e-01,6.650263e-01,7.190697e-01,8.336231e-01,7.689057e-01,7.261827e-01,7.026716e-01,7.111881e-01,6.142703e-01,6.893875e-01,5.545491e-01,4.697880e-01,5.098033e-01,
3.448229e-01,4.221104e-01,4.648831e-01,4.595849e-01,5.142943e-01,4.849907e-01,7.380984e-01,7.196854e-01,8.285006e-01,1.057278e+00,9.663922e-01,1.125481e+00,1.069444e+00,1.103943e+00,9.957370e-01,9.806253e-01,9.868893e-01,9.946481e-01,1.050452e+00,1.257653e+00,1.196359e+00,1.228129e+00,1.206298e+00,1.171047e+00,1.037605e+00,1.185513e+00,1.142198e+00,1.031598e+00,1.054345e+00,1.197237e+00,1.230236e+00,1.191380e+00,1.209367e+00,9.902005e-01,1.021368e+00,1.018095e+00,9.680156e-01,9.729621e-01,7.125362e-01,7.219306e-01,6.048086e-01,5.108140e-01,
1.004217e+00,9.662341e-01,9.241215e-01,8.157887e-01,7.733880e-01,7.366294e-01,7.717100e-01,8.591306e-01,8.309231e-01,8.191525e-01,7.527590e-01,7.751412e-01,7.644849e-01,7.535189e-01,7.534534e-01,7.585130e-01,7.848489e-01,8.279172e-01,9.577760e-01,8.377004e-01,7.641923e-01,8.107250e-01,7.702256e-01,7.588211e-01,7.576915e-01,7.569485e-01,
9.158821e-01,9.544578e-01,9.790313e-01,1.089613e+00,1.121113e+00,1.151930e+00,1.178338e+00,1.131383e+00,1.088202e+00,1.088490e+00,9.913639e-01,1.160333e+00,1.371343e+00,1.378172e+00,1.225606e+00,1.223444e+00,1.177629e+00,1.183107e+00,1.165062e+00,1.113605e+00,1.114512e+00,1.082120e+00,1.069700e+00,1.051728e+00,1.096495e+00,1.022105e+00,1.045256e+00,1.018544e+00,1.081406e+00,1.126180e+00,1.093263e+00,1.144320e+00,
9.422958e-01,8.786547e-01,1.052695e+00,8.571541e-01,9.682561e-01,1.042742e+00,8.741000e-01,9.252273e-01,9.683304e-01,1.022941e+00,9.331661e-01,8.505756e-01,1.010134e+00,8.959150e-01,8.534904e-01,9.375014e-01,9.996518e-01,1.039921e+00,9.844050e-01,1.028189e+00,1.032153e+00,1.028331e+00,9.461074e-01,8.136340e-01,8.796118e-01,
1.109609e+00,1.117726e+00,1.107725e+00,1.249899e+00,1.363074e+00,1.293433e+00,1.336553e+00,1.261450e+00,1.230381e+00,1.272038e+00,1.266081e+00,1.249275e+00,1.203956e+00,1.182820e+00,1.068179e+00,9.840592e-01,9.886892e-01,1.066241e+00,1.112511e+00,1.177126e+00,1.057822e+00,1.174691e+00,1.153679e+00,1.015931e+00,1.015906e+00,1.035105e+00,
5.472800e-01,6.417633e-01,6.399844e-01,8.019650e-01,8.030004e-01,7.854272e-01,9.583748e-01,8.714744e-01,1.101114e+00,1.321745e+00,1.193362e+00,1.065942e+00,1.237313e+00,1.188283e+00,1.160696e+00,1.184585e+00,1.132276e+00,1.153860e+00,1.140605e+00,1.114643e+00,1.050826e+00,9.036822e-01,8.610213e-01,7.792640e-01,7.720979e-01,7.431409e-01,5.703282e-01,4.995320e-01,
6.020443e-01,5.477648e-01,6.908649e-01,6.743602e-01,5.091732e-01,5.056524e-01,6.838684e-01,7.571176e-01,7.761716e-01,6.840862e-01,6.325935e-01,7.413139e-01,6.746067e-01,7.297578e-01,7.104752e-01,6.656788e-01,5.796311e-01,6.836027e-01,7.342187e-01,7.902962e-01,7.379638e-01,7.227411e-01,7.803834e-01,7.309242e-01,7.286831e-01,5.276027e-01,4.756727e-01,4.944183e-01,5.673205e-01,5.786584e-01,6.479751e-01,5.789412e-01,7.025245e-01,7.029005e-01,7.602274e-01,
7.516779e-01,7.569196e-01,7.374977e-01,6.632825e-01,6.371526e-01,6.075280e-01,5.444895e-01,5.857581e-01,6.037263e-01,6.525943e-01,6.958252e-01,7.215335e-01,8.044932e-01,8.396098e-01,7.913918e-01,7.727488e-01,7.564980e-01,7.723691e-01,7.371575e-01,7.152398e-01,6.974980e-01,6.695499e-01,6.618289e-01,6.317617e-01,5.522352e-01,4.839527e-01,4.970569e-01,4.687252e-01,
1.100033e+00,1.101480e+00,1.002544e+00,1.010133e+00,1.027861e+00,9.321870e-01,9.401243e-01,9.500868e-01,9.291335e-01,9.170542e-01,1.015561e+00,1.274906e+00,9.455840e-01,9.195837e-01,9.276273e-01,9.710965e-01,9.454935e-01,1.105456e+00,9.604357e-01,1.033970e+00,8.794845e-01,9.659700e-01,9.720301e-01,1.013182e+00,1.023470e+00,1.120017e+00,1.291846e+00,1.491152e+00,1.542684e+00,1.583207e+00,1.570532e+00,1.511054e+00,1.520214e+00,1.472705e+00,1.455832e+00,
8.699458e-01,8.258300e-01,7.028044e-01,6.053630e-01,5.441982e-01,7.206579e-01,6.141844e-01,5.386092e-01,2.889754e-01,5.731294e-01,3.642401e-01,3.446298e-01,3.865060e-01,4.480173e-01,5.625418e-01,5.582093e-01,5.584745e-01,3.894669e-01,4.627219e-01,4.289423e-01,5.226990e-01,3.985488e-01,4.472282e-01,5.974442e-01,4.835844e-01,5.922776e-01,8.554261e-01,1.039635e+00,1.293660e+00,1.282983e+00,1.279301e+00,1.293031e+00,1.325085e+00,
7.071583e-01,8.358846e-01,7.768976e-01,8.408524e-01,7.579777e-01,8.802974e-01,7.668521e-01,8.274388e-01,5.890603e-01,6.789142e-01,8.184180e-01,7.884291e-01,7.729392e-01,7.745655e-01,7.331697e-01,8.777921e-01,8.126456e-01,9.025081e-01,9.189215e-01,9.376236e-01,8.854126e-01,8.999433e-01,8.816881e-01,8.605477e-01,8.581868e-01,8.508223e-01,8.010312e-01,
4.441503e-01,3.406608e-01,3.409776e-01,3.459414e-01,3.657956e-01,3.424011e-01,3.448014e-01,3.497641e-01,3.593506e-01,3.636508e-01,3.586855e-01,3.726422e-01,3.572931e-01,3.574027e-01,3.735824e-01,4.203694e-01,4.063092e-01,
8.362880e-01,8.173357e-01,7.994075e-01,7.340941e-01,7.008816e-01,7.538601e-01,6.607496e-01,6.416158e-01,8.134559e-01,6.655711e-01,8.033844e-01,7.266839e-01,7.086828e-01,6.914607e-01,7.098490e-01,6.646622e-01,6.431714e-01,6.621950e-01,6.972229e-01,7.208509e-01,7.426983e-01,6.524848e-01,8.131084e-01,1.001238e+00,1.149924e+00,1.435325e+00,1.663388e+00,1.632732e+00,1.567738e+00,1.553894e+00,1.373130e+00,1.433543e+00,1.270953e+00,1.259242e+00,1.258229e+00,
2.761007e-01,3.402562e-01,3.155445e-01,3.480372e-01,3.914867e-01,3.769539e-01,3.611880e-01,3.318295e-01,3.506004e-01,3.036792e-01,3.347397e-01,2.707098e-01,2.528883e-01,2.697842e-01,3.242937e-01,3.096173e-01,2.676794e-01,3.151208e-01,2.969419e-01,2.699778e-01,2.984994e-01,
3.818503e-01,3.541615e-01,3.451434e-01,2.985306e-01,2.049443e-01,2.707160e-01,2.113186e-01,2.059916e-01,2.564413e-01,2.741341e-01,3.329057e-01,2.346322e-01,2.267305e-01,2.590806e-01,2.841628e-01,3.096226e-01,3.028865e-01,2.918527e-01,3.230208e-01,3.227984e-01,
3.928882e-01,4.628254e-01,4.069444e-01,4.413137e-01,4.065650e-01,3.177799e-01,2.851539e-01,3.040374e-01,3.103745e-01,3.090588e-01,3.047810e-01,2.698390e-01,2.786119e-01,2.782799e-01,3.188763e-01,3.353493e-01,3.587016e-01,3.655793e-01,3.709336e-01,
8.621719e-01,9.101494e-01,8.094307e-01,8.394725e-01,9.427996e-01,9.231827e-01,5.340088e-01,8.671163e-01,8.836288e-01,6.270252e-01,8.063436e-01,8.152913e-01,7.463707e-01,7.752753e-01,6.916748e-01,7.964197e-01,8.471900e-01,9.469707e-01,9.543570e-01,8.435083e-01,9.588682e-01,9.101533e-01,8.763430e-01,
6.880212e-01,6.715413e-01,6.671553e-01,7.107701e-01,7.262359e-01,7.426130e-01,7.713008e-01,8.211902e-01,9.172770e-01,8.258408e-01,8.405091e-01,9.304403e-01,7.369895e-01,7.293820e-01,9.846542e-01,7.386461e-01,6.618661e-01,6.855974e-01,6.696338e-01,6.944003e-01,6.767346e-01,6.668796e-01,6.628045e-01,6.660234e-01,6.526942e-01,7.479644e-01,7.791345e-01,7.816287e-01,8.195457e-01,8.195772e-01,8.206087e-01,7.976407e-01,8.246349e-01,7.977707e-01,
6.309276e-01,6.589308e-01,7.572775e-01,6.809728e-01,8.169128e-01,6.993690e-01,6.891641e-01,8.192749e-01,7.990629e-01,8.461023e-01,9.819871e-01,9.889017e-01,9.499248e-01,9.211569e-01,8.963782e-01,8.965410e-01,8.957294e-01,9.072145e-01,9.136633e-01,8.874590e-01,8.533538e-01,8.772951e-01,9.109157e-01,9.152188e-01,9.497095e-01,9.565910e-01,9.313136e-01,9.470209e-01,9.844815e-01,1.051790e+00,1.319581e+00,1.390360e+00,1.577660e+00,1.504806e+00,1.581781e+00,1.582340e+00,1.484175e+00,1.483161e+00,1.426373e+00,1.483926e+00,1.439588e+00,1.341855e+00,1.426759e+00,
5.136009e-01,5.268058e-01,5.320175e-01,5.686204e-01,5.023742e-01,5.669310e-01,6.048306e-01,6.052322e-01,5.034997e-01,6.250752e-01,6.014042e-01,6.621093e-01,5.904365e-01,5.671822e-01,5.527896e-01,5.523819e-01,5.544429e-01,5.392500e-01,4.855124e-01,3.996238e-01,4.221847e-01,4.391219e-01,5.482661e-01,5.787941e-01,4.778538e-01,4.761000e-01,4.281636e-01,4.218662e-01,
2.489544e-01,3.339677e-01,3.080955e-01,2.935812e-01,3.155867e-01,2.563966e-01,3.270959e-01,3.319913e-01,3.109937e-01,1.520877e-01,2.580822e-01,2.677012e-01,2.347547e-01,3.160523e-01,3.057324e-01,1.810825e-01,2.177272e-01,1.994116e-01,2.455717e-01,2.936246e-01,1.472088e-01,2.411043e-01,2.677256e-01,1.994590e-01,2.864659e-01,2.888387e-01,2.636219e-01,
9.478580e-01,8.564282e-01,7.463407e-01,7.548321e-01,8.388597e-01,8.677344e-01,8.840940e-01,8.700814e-01,8.630999e-01,6.554004e-01,6.370963e-01,5.281455e-01,5.741671e-01,5.828855e-01,5.835601e-01,5.783041e-01,6.356062e-01,5.936828e-01,6.347551e-01,7.948122e-01,9.567227e-01,1.133963e+00,1.218778e+00,
8.432919e-01,8.162737e-01,7.497706e-01,7.222145e-01,5.557398e-01,6.781206e-01,5.700071e-01,5.463129e-01,5.300184e-01,4.906299e-01,2.913060e-01,3.249251e-01,3.754517e-01,3.607381e-01,3.409327e-01,3.562155e-01,2.332302e-01,3.612697e-01,4.417112e-01,5.552062e-01,5.082774e-01,5.260847e-01,5.756838e-01,
1.057421e+00,9.004472e-01,9.042531e-01,8.877171e-01,8.074862e-01,7.412589e-01,8.275185e-01,6.878419e-01,7.701841e-01,7.104558e-01,5.991424e-01,5.696462e-01,5.369086e-01,4.670218e-01,5.324062e-01,5.224308e-01,5.165860e-01,6.372702e-01,4.449341e-01,5.037283e-01,6.283238e-01,7.016745e-01,7.451472e-01,8.507035e-01,7.995510e-01,8.254051e-01,
8.193211e-01,7.056146e-01,7.509585e-01,6.258690e-01,6.091813e-01,4.518350e-01,4.156279e-01,3.068444e-01,3.033499e-01,3.058370e-01,3.124907e-01,3.127495e-01,3.213374e-01,2.382938e-01,3.359404e-01,3.213356e-01,2.886360e-01,3.406871e-01,3.024389e-01,3.045152e-01,4.080608e-01,6.639218e-01,7.480841e-01,8.824267e-01,1.028532e+00,9.998176e-01,9.927150e-01,9.753246e-01,
5.176308e-01,4.913054e-01,3.683157e-01,4.400698e-01,4.727969e-01,3.650776e-01,3.560494e-01,4.006338e-01,3.903273e-01,3.097122e-01,3.042006e-01,3.093114e-01,4.290164e-01,3.311927e-01,3.566774e-01,3.234479e-01,3.568916e-01,3.153197e-01,3.574234e-01,4.777277e-01,4.017501e-01,4.197803e-01,4.066236e-01,4.209135e-01,4.890831e-01,4.951104e-01,
3.092494e-01,2.752899e-01,2.761481e-01,2.841563e-01,3.234386e-01,2.701338e-01,3.099038e-01,2.900414e-01,2.944600e-01,2.567359e-01,2.560576e-01,1.623398e-01,3.098967e-01,2.979184e-01,2.926073e-01,2.659491e-01,1.202629e-01,2.624733e-01,3.035738e-01,2.385547e-01,2.876146e-01,
5.572220e-01,5.076111e-01,5.074886e-01,4.689125e-01,4.223734e-01,4.724252e-01,5.315202e-01,4.909717e-01,5.291701e-01,4.990673e-01,5.287677e-01,4.904926e-01,5.482102e-01,5.271586e-01,5.481794e-01,5.484635e-01,5.289117e-01,4.824670e-01,4.344997e-01,5.008641e-01,5.189891e-01,5.187234e-01,5.145453e-01,4.959502e-01,5.615017e-01,5.871220e-01,5.269848e-01,
9.440071e-01,9.778373e-01,8.962622e-01,8.002687e-01,8.160329e-01,7.422392e-01,7.393610e-01,7.278235e-01,8.440574e-01,8.413378e-01,8.304749e-01,8.494968e-01,8.648932e-01,8.398342e-01,8.396793e-01,8.433357e-01,8.350353e-01,8.315990e-01,8.586879e-01,9.836892e-01,1.000121e+00,1.025133e+00,1.099560e+00,
8.009895e-01,7.987257e-01,7.453009e-01,7.224867e-01,6.988630e-01,5.674770e-01,3.475515e-01,3.344782e-01,2.207622e-01,1.154264e-01,1.499644e-01,1.238237e-01,1.482591e-01,1.641839e-01,2.246246e-01,1.712290e-01,1.974422e-01,1.392643e-01,3.443512e-01,4.065315e-01,5.796376e-01,6.423850e-01,8.340095e-01,8.440780e-01,8.788210e-01,9.054345e-01,9.682583e-01,
1.190842e+00,1.014293e+00,9.656579e-01,1.091921e+00,1.095291e+00,9.162370e-01,9.075717e-01,9.711459e-01,9.984115e-01,8.866048e-01,7.474980e-01,6.387769e-01,6.702291e-01,7.409143e-01,5.538261e-01,7.003625e-01,6.929787e-01,7.050592e-01,4.695220e-01,5.358093e-01,4.544923e-01,7.143667e-01,4.807871e-01,4.946380e-01,5.048317e-01,4.474944e-01,3.534394e-01,4.794452e-01,
8.890037e-01,7.408012e-01,7.253556e-01,6.319496e-01,4.788485e-01,4.817950e-01,4.573758e-01,4.453300e-01,4.166358e-01,3.886679e-01,2.609108e-01,2.608283e-01,2.541413e-01,2.541733e-01,2.428451e-01,2.768879e-01,3.142328e-01,3.239691e-01,4.137882e-01,5.271587e-01,5.875816e-01,6.285003e-01,5.915343e-01,
3.596974e-01,3.704685e-01,3.551962e-01,3.962015e-01,4.057193e-01,3.396823e-01,2.935856e-01,2.399860e-01,3.801028e-01,2.220573e-01,2.947668e-01,3.595396e-01,4.106023e-01,3.902553e-01,3.799330e-01,2.698516e-01,3.920431e-01,4.252062e-01,
3.608595e-01,3.570247e-01,3.671219e-01,3.309004e-01,3.291525e-01,3.177915e-01,2.820562e-01,3.163898e-01,3.452810e-01,2.883675e-01,3.249359e-01,3.861950e-01,3.310523e-01,3.529910e-01,3.276452e-01,3.320067e-01,3.105881e-01,
7.381639e-01,7.745429e-01,6.541812e-01,4.067408e-01,3.498827e-01,3.486281e-01,3.505180e-01,3.462502e-01,2.720618e-01,3.177413e-01,3.150728e-01,2.955087e-01,3.477152e-01,2.997695e-01,3.061641e-01,3.281123e-01,3.476630e-01,3.121904e-01,4.090910e-01,3.530987e-01,3.692468e-01,6.513264e-01,7.537838e-01,6.545778e-01,6.695784e-01,7.878516e-01,7.984530e-01,
8.137109e-01,7.902532e-01,6.589962e-01,6.758998e-01,8.182765e-01,7.422280e-01,9.105775e-01,9.915637e-01,8.471310e-01,8.173454e-01,9.095922e-01,8.171136e-01,8.352860e-01,9.584436e-01,8.998584e-01,1.062888e+00,1.102460e+00,1.192467e+00,1.218198e+00,1.217723e+00,1.210506e+00,1.140436e+00,1.149506e+00,1.112996e+00,1.044831e+00,9.000824e-01,
9.038707e-01,8.188913e-01,8.707659e-01,9.636067e-01,9.090866e-01,8.279715e-01,8.651498e-01,1.001815e+00,8.184600e-01,9.102826e-01,8.802461e-01,9.361813e-01,8.110659e-01,8.844571e-01,8.982306e-01,8.265383e-01,9.456412e-01,8.899791e-01,7.891337e-01,8.990982e-01,8.981686e-01,9.039616e-01,
8.049206e-01,7.414716e-01,6.162083e-01,3.994079e-01,3.596168e-01,3.415725e-01,3.268997e-01,3.684510e-01,3.633193e-01,3.729294e-01,3.740156e-01,3.509998e-01,4.185992e-01,3.574776e-01,3.691331e-01,4.022764e-01,3.745150e-01,3.597114e-01,5.074617e-01,7.147990e-01,8.101533e-01,8.089668e-01,8.763589e-01,8.808064e-01,8.908077e-01,
5.728942e-01,5.587867e-01,4.738245e-01,4.875451e-01,4.961032e-01,5.239735e-01,4.910390e-01,5.410278e-01,5.361936e-01,5.167969e-01,5.361789e-01,5.119398e-01,4.775791e-01,5.073211e-01,4.866745e-01,4.902741e-01,4.947233e-01,3.957701e-01,4.111811e-01,4.914598e-01,5.407894e-01,5.351682e-01,5.497109e-01,5.491775e-01,5.132023e-01,4.090174e-01,5.269633e-01,5.317150e-01,
2.764965e-01,3.196167e-01,2.236846e-01,2.125084e-01,2.926117e-01,2.379556e-01,2.650728e-01,8.030158e-02,1.911923e-01,2.869701e-01,2.771677e-01,2.740374e-01,2.834495e-01,2.790910e-01,2.842851e-01,2.790559e-01,3.141732e-01,2.852829e-01,2.757548e-01,2.873875e-01,
3.568720e-01,3.076460e-01,3.028906e-01,2.884759e-01,3.161329e-01,2.696064e-01,3.666346e-01,3.163975e-01,2.987370e-01,3.375129e-01,3.197648e-01,2.806525e-01,2.515210e-01,2.635995e-01,2.490218e-01,2.804135e-01,2.334284e-01,2.698497e-01,2.755930e-01,2.567380e-01,3.033633e-01,2.666869e-01,3.236900e-01,3.335838e-01,3.380491e-01,3.381600e-01,3.170119e-01,3.596965e-01,4.773743e-01,
8.111305e-01,8.132640e-01,8.456252e-01,8.272079e-01,7.928714e-01,8.119953e-01,6.101157e-01,8.120627e-01,7.166895e-01,7.434006e-01,7.307192e-01,8.904244e-01,7.942094e-01,9.072623e-01,8.478886e-01,9.180501e-01,9.102263e-01,9.894450e-01,9.506534e-01,9.444269e-01,9.674636e-01,9.784247e-01,9.852905e-01,9.622867e-01,9.854185e-01,9.581767e-01,9.744810e-01,9.646156e-01,9.676757e-01,9.796182e-01,9.887141e-01,9.916677e-01,1.082636e+00,1.190431e+00,1.242391e+00,1.063098e+00,
2.817297e-01,3.427622e-01,3.119867e-01,2.413538e-01,2.523381e-01,2.122040e-01,2.412348e-01,2.814804e-01,2.381335e-01,2.974337e-01,2.977472e-01,2.797234e-01,3.090210e-01,2.909235e-01,3.046364e-01,3.396082e-01,3.668192e-01,3.252869e-01,2.876060e-01,2.920942e-01,
4.935406e-01,5.436687e-01,5.426191e-01,5.500830e-01,5.574517e-01,6.050481e-01,5.894749e-01,6.086093e-01,5.880167e-01,5.989057e-01,5.729851e-01,5.463457e-01,5.934548e-01,5.621181e-01,5.091660e-01,4.614274e-01,4.491931e-01,4.209637e-01,3.583683e-01,3.212194e-01,2.198433e-01,2.444355e-01,2.327690e-01,
3.018155e-01,3.301391e-01,3.166113e-01,3.127053e-01,2.713242e-01,2.866252e-01,2.567264e-01,2.912495e-01,3.251303e-01,3.563390e-01,3.503574e-01,3.409068e-01,3.369416e-01,4.604972e-01,3.964035e-01,3.510903e-01,4.109544e-01,
7.032431e-01,7.582485e-01,6.393964e-01,5.966805e-01,5.025601e-01,5.056289e-01,4.816540e-01,6.510615e-01,5.450331e-01,4.810038e-01,4.282044e-01,4.280990e-01,5.027556e-01,4.566752e-01,4.643966e-01,5.014819e-01,5.256437e-01,4.755537e-01,4.826231e-01,4.852478e-01,5.037983e-01,4.823278e-01,4.855202e-01,5.151944e-01,4.918458e-01,4.849435e-01,4.917679e-01,4.970977e-01,5.233753e-01,6.262299e-01,5.671812e-01,7.347782e-01,7.972320e-01,7.524178e-01,8.185564e-01,
1.623582e-01,2.933983e-01,3.547512e-01,2.653627e-01,1.454860e-01,2.251160e-01,2.931792e-01,4.595771e-01,4.100285e-01,5.939986e-01,4.856162e-01,5.450343e-01,1.410706e-01,1.338137e-01,-1.737630e-02,9.041193e-02,1.968748e-01,1.741713e-01,7.703650e-02,1.114201e-01,1.607435e-01,2.076885e-01,6.424969e-02,2.574257e-01,
2.019159e-01,1.666863e-01,1.716360e-01,1.439405e-01,2.511898e-01,2.948759e-01,2.614556e-01,3.303778e-01,2.384127e-01,4.077891e-01,3.044451e-01,3.562466e-01,5.213946e-01,4.514791e-01,4.934332e-01,4.605069e-01,4.684727e-01,4.124969e-01,4.169043e-01,4.622823e-01,4.679653e-01,4.937851e-01,5.329057e-01,5.026958e-01,4.881939e-01,4.767260e-01,3.017729e-01,2.237291e-01,
9.277032e-01,9.199085e-01,7.542886e-01,8.803118e-01,8.553256e-01,7.554877e-01,7.410949e-01,9.012496e-01,9.411386e-01,1.017094e+00,9.265408e-01,9.677043e-01,9.096715e-01,9.292158e-01,1.098186e+00,1.085625e+00,1.043760e+00,9.782416e-01,9.814205e-01,9.819552e-01,9.631695e-01,9.938827e-01,9.685245e-01,1.106574e+00,9.945863e-01,9.598480e-01,9.251439e-01,9.352490e-01,9.073694e-01,9.497901e-01,1.062173e+00,1.111873e+00,9.651274e-01,
6.947600e-01,6.034294e-01,6.419419e-01,6.543347e-01,7.524903e-01,7.074534e-01,6.046417e-01,6.825419e-01,6.364045e-01,6.311865e-01,6.424712e-01,7.646196e-01,7.093858e-01,7.641894e-01,7.413412e-01,7.430311e-01,7.185731e-01,7.312921e-01,6.305038e-01,6.799075e-01,7.078297e-01,6.802577e-01,6.558501e-01,6.618568e-01,7.377154e-01,7.489161e-01,9.708507e-01,1.057634e+00,1.114238e+00,1.333792e+00,1.615949e+00,1.558520e+00,1.530288e+00,1.475034e+00,1.351667e+00,1.308691e+00,1.265230e+00,1.258000e+00,1.247735e+00,1.207574e+00,
9.569705e-01,9.065087e-01,8.506801e-01,7.930604e-01,8.758018e-01,8.955897e-01,9.185419e-01,9.136054e-01,9.021515e-01,1.052133e+00,9.555467e-01,1.078584e+00,1.113060e+00,1.004295e+00,1.092829e+00,1.010545e+00,1.014556e+00,1.128182e+00,1.128978e+00,1.126148e+00,1.092979e+00,1.032247e+00,
5.092631e-01,5.743634e-01,5.681409e-01,6.425982e-01,5.791933e-01,6.096412e-01,6.192639e-01,5.993520e-01,6.577214e-01,6.550335e-01,6.738948e-01,6.128809e-01,5.763680e-01,5.541894e-01,5.311475e-01,5.701998e-01,5.601736e-01,5.318907e-01,4.491069e-01,4.198914e-01,4.208067e-01,3.823911e-01,3.687996e-01,4.122909e-01,4.566321e-01,4.566029e-01,5.088598e-01,4.746021e-01,
7.946486e-01,7.463317e-01,6.618784e-01,6.665242e-01,5.011799e-01,4.481751e-01,4.117599e-01,3.519738e-01,2.262797e-01,2.196698e-01,2.205374e-01,2.660646e-01,3.382751e-01,3.098121e-01,2.717927e-01,3.947723e-01,4.458518e-01,5.085613e-01,7.439369e-01,6.610332e-01,8.312833e-01,8.575860e-01,8.146172e-01,
8.270566e-01,8.204346e-01,7.737596e-01,5.081301e-01,5.090692e-01,2.862632e-01,2.929622e-01,2.917531e-01,3.242027e-01,3.098278e-01,3.100989e-01,2.890528e-01,3.293614e-01,2.787503e-01,2.922026e-01,3.166510e-01,2.787571e-01,2.969673e-01,4.097222e-01,5.689522e-01,6.680374e-01,7.342085e-01,9.633595e-01,
9.090706e-01,8.881972e-01,8.148059e-01,8.748639e-01,8.305436e-01,7.885158e-01,8.064607e-01,7.347360e-01,7.850509e-01,7.100325e-01,6.005656e-01,6.011871e-01,6.203733e-01,5.387492e-01,4.518119e-01,4.311206e-01,3.984867e-01,4.812721e-01,4.653877e-01,3.256359e-01,6.159080e-01,6.197762e-01,5.861299e-01,7.039177e-01,9.870861e-01,1.263746e+00,1.599772e+00,1.602702e+00,1.652331e+00,1.656290e+00,
5.816283e-01,5.408589e-01,5.027601e-01,4.061454e-01,3.559960e-01,3.004554e-01,4.211243e-01,3.773782e-01,4.055927e-01,4.105082e-01,4.105722e-01,3.336228e-01,3.828097e-01,3.557049e-01,3.256950e-01,3.404724e-01,3.016462e-01,3.977016e-01,3.556756e-01,5.069644e-01,4.919698e-01,5.276238e-01,5.170071e-01,5.178671e-01,
1.122620e+00,1.117580e+00,1.008284e+00,1.120066e+00,1.177709e+00,1.156476e+00,1.053864e+00,1.074861e+00,1.126287e+00,1.053896e+00,1.024450e+00,9.897577e-01,1.107947e+00,1.091263e+00,1.055600e+00,1.128049e+00,1.169556e+00,1.025728e+00,1.163725e+00,1.014421e+00,9.395503e-01,8.476804e-01,7.939105e-01,6.700921e-01,6.506559e-01,5.817913e-01,6.926537e-01,6.724948e-01,7.855937e-01,7.908675e-01,7.691200e-01,8.209659e-01,8.251544e-01,8.327577e-01,8.039518e-01,8.403210e-01,8.582690e-01,8.360772e-01,8.441138e-01,
8.025277e-01,7.423267e-01,6.273943e-01,6.528607e-01,5.841258e-01,4.858656e-01,4.314076e-01,4.869009e-01,4.101698e-01,4.582510e-01,4.646600e-01,4.114097e-01,4.389026e-01,4.332888e-01,4.109358e-01,4.482699e-01,4.675729e-01,6.241735e-01,6.889867e-01,8.056883e-01,8.661889e-01,7.484903e-01,7.433699e-01,
8.502712e-01,8.811048e-01,9.294170e-01,8.850809e-01,8.537243e-01,9.158226e-01,8.299004e-01,8.680673e-01,8.297617e-01,8.611267e-01,8.168119e-01,9.376629e-01,8.717490e-01,8.006576e-01,8.857926e-01,8.323854e-01,7.786989e-01,8.178478e-01,8.556221e-01,1.009333e+00,9.194755e-01,9.860613e-01,1.036189e+00,8.223833e-01,9.299974e-01,8.328760e-01,7.995804e-01,8.783780e-01,9.134609e-01,7.983568e-01,9.122970e-01,1.053413e+00,1.217709e+00,1.294946e+00,1.293529e+00,1.321888e+00,1.421678e+00,1.280313e+00,1.274218e+00,
3.563020e-01,4.869812e-01,3.158669e-01,4.173532e-01,3.603428e-01,4.496969e-01,4.121579e-01,4.912988e-01,5.069527e-01,4.686635e-01,4.147214e-01,5.260772e-01,4.496789e-01,4.301641e-01,4.773051e-01,5.118822e-01,4.248998e-01,5.261064e-01,3.961474e-01,4.937236e-01,4.872622e-01,5.220966e-01,3.915243e-01,5.021115e-01,5.310956e-01,3.955519e-01,3.376798e-01,
6.571326e-01,6.125496e-01,5.085542e-01,5.061320e-01,6.205518e-01,4.877902e-01,5.219448e-01,4.928114e-01,5.124471e-01,5.295507e-01,4.929307e-01,4.568068e-01,4.120569e-01,4.487356e-01,4.487579e-01,4.806555e-01,4.387988e-01,3.863206e-01,4.030533e-01,4.809494e-01,4.582477e-01,4.993083e-01,3.651332e-01,5.045635e-01,3.854961e-01,3.699895e-01,5.260750e-01,5.574098e-01,
5.249200e-01,4.408864e-01,4.263292e-01,3.725592e-01,3.318939e-01,3.751405e-01,4.279689e-01,3.079128e-01,3.369202e-01,4.377764e-01,3.466963e-01,4.415331e-01,3.324397e-01,3.515278e-01,3.701633e-01,3.510154e-01,3.320594e-01,3.469858e-01,2.885212e-01,3.948698e-01,3.481283e-01,3.461030e-01,3.395132e-01,3.470411e-01,3.576668e-01,3.355614e-01,
1.042889e+00,1.073480e+00,1.100222e+00,1.124993e+00,1.107658e+00,1.113806e+00,1.061396e+00,1.131180e+00,1.173163e+00,1.178659e+00,1.181867e+00,1.193559e+00,1.236362e+00,1.279638e+00,1.270836e+00,1.277572e+00,1.287488e+00,1.282854e+00,1.259904e+00,1.260005e+00,1.223987e+00,1.210419e+00,1.269725e+00,1.280920e+00,1.260861e+00,1.278315e+00,
2.995759e-01,3.795127e-01,4.343513e-01,4.005023e-01,3.029710e-01,2.521257e-01,1.921740e-01,2.166367e-01,2.545714e-01,3.830395e-01,2.860666e-01,3.455714e-01,3.264597e-01,3.018808e-01,3.108505e-01,3.158952e-01,4.349024e-01,3.327615e-01,3.159398e-01,3.346514e-01,3.298236e-01,3.024727e-01,2.978763e-01,3.072596e-01,3.844542e-01,4.698691e-01,4.089264e-01,4.652195e-01,4.817661e-01,3.557113e-01,
9.095501e-01,8.524424e-01,8.543467e-01,7.906328e-01,7.333143e-01,7.220777e-01,7.170835e-01,7.275867e-01,7.438477e-01,8.053759e-01,8.195556e-01,8.897065e-01,8.827066e-01,8.740045e-01,8.808473e-01,8.855094e-01,8.723946e-01,8.866103e-01,9.438080e-01,1.085245e+00,1.055237e+00,9.690406e-01,
4.960126e-01,4.243653e-01,4.685403e-01,3.843025e-01,3.856143e-01,4.023390e-01,4.637159e-01,4.196658e-01,4.774992e-01,5.005573e-01,5.188357e-01,5.665649e-01,4.637456e-01,4.161411e-01,4.506802e-01,4.702168e-01,3.795853e-01,3.802730e-01,5.058445e-01,5.106316e-01,5.174794e-01,4.866342e-01,5.236268e-01,
6.765926e-01,5.636597e-01,3.884066e-01,3.640539e-01,3.242481e-01,3.439449e-01,3.561309e-01,3.971071e-01,3.867543e-01,3.671513e-01,3.652970e-01,3.873254e-01,3.570744e-01,3.887236e-01,3.716228e-01,3.785420e-01,3.889709e-01,3.150868e-01,3.864563e-01,4.508924e-01,7.330553e-01,7.440881e-01,7.972344e-01,
