1.169770e+00,1.170854e+00,1.165790e+00,1.165818e+00,1.162071e+00,1.174696e+00,1.154548e+00,1.153017e+00,1.168446e+00,1.178281e+00,1.187026e+00,1.208724e+00,1.201471e+00,1.193887e+00,1.183302e+00,1.186774e+00,1.186391e+00,1.181918e+00,1.190513e+00,1.201148e+00,1.211782e+00,1.222333e+00,1.217242e+00,1.205690e+00,1.188749e+00,
1.191641e+00,1.189075e+00,1.188560e+00,1.189399e+00,1.179864e+00,1.160891e+00,1.160632e+00,1.152208e+00,1.161505e+00,1.174104e+00,1.189430e+00,1.206372e+00,1.207882e+00,1.205710e+00,1.194326e+00,1.197851e+00,1.196193e+00,1.203178e+00,1.203210e+00,1.206933e+00,1.210617e+00,1.208685e+00,1.198631e+00,1.195771e+00,1.197397e+00,
1.178257e+00,1.166430e+00,1.160124e+00,1.141932e+00,1.140354e+00,1.113080e+00,1.115299e+00,1.127394e+00,1.139683e+00,1.152721e+00,1.170841e+00,1.184866e+00,1.178364e+00,1.170926e+00,1.164779e+00,1.163314e+00,1.162419e+00,1.164238e+00,1.168756e+00,1.168835e+00,1.173937e+00,1.165824e+00,1.166227e+00,1.164604e+00,
1.165192e+00,1.168550e+00,1.163941e+00,1.174273e+00,1.172481e+00,1.167138e+00,1.173294e+00,1.159925e+00,1.167674e+00,1.141084e+00,1.137075e+00,1.140022e+00,1.147702e+00,1.145713e+00,1.151515e+00,1.149058e+00,1.147273e+00,1.148643e+00,1.149235e+00,1.142005e+00,1.140918e+00,1.143545e+00,1.141561e+00,1.141508e+00,1.148808e+00,1.142900e+00,1.156204e+00,1.175430e+00,1.179395e+00,1.175277e+00,1.184387e+00,1.186893e+00,1.171076e+00,1.173493e+00,
9.699563e-01,9.749819e-01,9.670299e-01,9.707409e-01,9.774517e-01,9.759339e-01,9.715286e-01,9.777355e-01,9.990917e-01,1.026902e+00,1.025083e+00,1.023558e+00,1.019692e+00,1.019998e+00,1.017405e+00,1.022364e+00,1.005977e+00,1.001706e+00,9.914023e-01,9.857304e-01,9.850179e-01,
1.113481e+00,1.071113e+00,1.026513e+00,1.003523e+00,9.751018e-01,9.677965e-01,9.494461e-01,8.308718e-01,7.990326e-01,7.270797e-01,6.889608e-01,6.853198e-01,6.967226e-01,7.233353e-01,7.186926e-01,7.393388e-01,7.665316e-01,7.837307e-01,8.000854e-01,8.257219e-01,9.164416e-01,9.813058e-01,1.050637e+00,1.127727e+00,1.118402e+00,1.133832e+00,1.156600e+00,1.189452e+00,1.199710e+00,
1.036273e+00,1.020370e+00,1.003372e+00,1.001582e+00,9.741715e-01,9.854406e-01,9.847174e-01,1.000948e+00,1.020674e+00,1.024762e+00,1.048197e+00,1.048136e+00,1.038769e+00,1.039194e+00,1.027591e+00,1.032189e+00,1.018717e+00,1.024811e+00,1.017509e+00,1.009543e+00,1.018123e+00,1.013461e+00,1.015026e+00,
1.187304e+00,1.192841e+00,1.178371e+00,1.169434e+00,1.152702e+00,1.131925e+00,1.109717e+00,1.095708e+00,1.102392e+00,1.123297e+00,1.141403e+00,1.177795e+00,1.197133e+00,1.199157e+00,1.193255e+00,1.190220e+00,1.189210e+00,1.192173e+00,1.193021e+00,1.203773e+00,1.205593e+00,
1.128190e+00,1.091496e+00,1.164109e+00,1.270460e+00,1.446729e+00,1.407005e+00,1.274102e+00,1.152144e+00,1.088778e+00,1.086142e+00,1.088501e+00,1.109632e+00,1.118743e+00,1.092788e+00,1.056794e+00,1.034378e+00,1.068605e+00,1.129533e+00,1.174545e+00,
1.138235e+00,1.157755e+00,1.140615e+00,1.133718e+00,1.186691e+00,1.142845e+00,1.048273e+00,8.865522e-01,8.395501e-01,8.329653e-01,8.381918e-01,8.515759e-01,8.588886e-01,8.672311e-01,8.701753e-01,8.825307e-01,9.331031e-01,1.001633e+00,1.062169e+00,1.140393e+00,1.198139e+00,1.197264e+00,1.163617e+00,1.168347e+00,1.181510e+00,1.185208e+00,1.166787e+00,1.163787e+00,
9.758855e-01,9.776018e-01,9.774767e-01,9.795929e-01,9.793547e-01,9.812644e-01,9.809372e-01,9.576648e-01,9.612024e-01,9.464454e-01,9.447451e-01,9.442765e-01,9.479188e-01,9.614518e-01,9.918221e-01,1.003029e+00,1.006228e+00,1.006979e+00,9.962929e-01,1.001263e+00,9.967078e-01,9.904796e-01,9.921455e-01,9.902881e-01,
1.157138e+00,1.148841e+00,1.124680e+00,1.072796e+00,1.056239e+00,1.056348e+00,1.094684e+00,1.092979e+00,1.033490e+00,9.486985e-01,8.883832e-01,8.742802e-01,8.334689e-01,8.153105e-01,8.263186e-01,8.528922e-01,8.586263e-01,8.550811e-01,8.530598e-01,8.613166e-01,8.806530e-01,8.744715e-01,8.850406e-01,9.426920e-01,1.030621e+00,1.079828e+00,1.090762e+00,1.132616e+00,1.168605e+00,1.130520e+00,1.131546e+00,1.163059e+00,1.162451e+00,1.173570e+00,
9.869337e-01,9.927694e-01,9.794704e-01,9.822529e-01,9.715409e-01,9.696002e-01,9.756038e-01,9.867553e-01,1.011468e+00,1.009753e+00,1.014941e+00,1.008943e+00,1.004348e+00,1.003236e+00,1.002122e+00,9.959463e-01,9.978940e-01,9.934613e-01,9.971467e-01,9.960013e-01,9.958148e-01,9.996644e-01,1.000008e+00,9.957021e-01,9.914590e-01,
1.166080e+00,1.164404e+00,1.149079e+00,1.128910e+00,1.124780e+00,1.098703e+00,1.094576e+00,1.111346e+00,1.094960e+00,1.139156e+00,1.175089e+00,1.195575e+00,1.207851e+00,1.218233e+00,1.200054e+00,1.200677e+00,1.196497e+00,1.197757e+00,1.199165e+00,1.199085e+00,1.203250e+00,1.196951e+00,1.193149e+00,1.195352e+00,1.195332e+00,1.191745e+00,1.192052e+00,1.179432e+00,
9.844849e-01,9.883747e-01,9.819793e-01,9.658818e-01,9.452263e-01,9.481851e-01,9.578291e-01,9.475061e-01,9.478444e-01,9.680824e-01,9.905009e-01,1.005033e+00,1.023382e+00,1.019879e+00,1.006726e+00,1.010978e+00,1.003694e+00,1.006433e+00,9.996193e-01,9.946932e-01,9.949653e-01,9.746037e-01,
1.076586e+00,1.080460e+00,1.062804e+00,1.051903e+00,1.054744e+00,1.042778e+00,1.046470e+00,1.053506e+00,1.063898e+00,1.076430e+00,1.101421e+00,1.091385e+00,1.091777e+00,1.089682e+00,1.089163e+00,1.083298e+00,1.080071e+00,1.085762e+00,1.089714e+00,1.101768e+00,1.108617e+00,1.111533e+00,1.107298e+00,1.102420e+00,
1.083781e+00,1.086045e+00,1.076651e+00,1.050061e+00,1.039531e+00,1.029028e+00,1.020279e+00,1.034268e+00,1.026547e+00,1.029621e+00,1.050251e+00,1.060056e+00,1.049343e+00,1.050625e+00,1.049429e+00,1.037135e+00,1.025395e+00,1.016932e+00,1.024509e+00,1.048340e+00,1.088576e+00,1.114853e+00,1.133612e+00,1.129893e+00,1.127692e+00,1.123112e+00,1.102775e+00,1.071267e+00,1.071951e+00,1.070470e+00,1.064016e+00,1.070765e+00,
1.096474e+00,1.099636e+00,1.081019e+00,1.061763e+00,1.061417e+00,1.055369e+00,1.052561e+00,1.064625e+00,1.084998e+00,1.102590e+00,1.115179e+00,1.133522e+00,1.132141e+00,1.118087e+00,1.100785e+00,1.076151e+00,1.071283e+00,1.064114e+00,1.066295e+00,1.078866e+00,1.089579e+00,1.104892e+00,1.108048e+00,1.109745e+00,1.090781e+00,1.076021e+00,1.069516e+00,1.066170e+00,1.071273e+00,1.067386e+00,1.069292e+00,1.074917e+00,1.072151e+00,1.072349e+00,1.081792e+00,1.080346e+00,1.075432e+00,1.077072e+00,1.085041e+00,
1.101132e+00,1.104160e+00,1.100730e+00,1.092617e+00,1.076228e+00,1.046392e+00,1.035731e+00,1.013435e+00,1.016940e+00,1.038937e+00,1.064397e+00,1.082373e+00,1.101249e+00,1.110501e+00,1.119675e+00,1.105860e+00,1.096652e+00,1.082381e+00,1.072258e+00,1.053446e+00,1.052250e+00,1.059772e+00,1.075402e+00,1.084624e+00,1.095010e+00,1.101682e+00,1.104502e+00,1.104339e+00,1.096989e+00,1.099544e+00,1.091404e+00,1.094316e+00,1.093619e+00,1.094826e+00,1.094425e+00,1.090869e+00,1.088620e+00,1.081587e+00,1.077790e+00,
1.166180e+00,1.162568e+00,1.153614e+00,1.123890e+00,1.107738e+00,1.088375e+00,1.099681e+00,1.115595e+00,1.115710e+00,1.125368e+00,1.149999e+00,1.170516e+00,1.197749e+00,1.219412e+00,1.216665e+00,1.221297e+00,1.207709e+00,1.182854e+00,1.187210e+00,1.187953e+00,1.204592e+00,1.191900e+00,1.194554e+00,1.190296e+00,1.151024e+00,
1.121450e+00,1.114321e+00,1.117304e+00,1.107429e+00,1.103118e+00,1.074913e+00,1.076822e+00,1.068889e+00,1.098100e+00,1.110554e+00,1.141932e+00,1.154104e+00,1.160588e+00,1.171614e+00,1.195736e+00,1.216857e+00,1.211200e+00,1.189425e+00,1.189759e+00,1.190197e+00,1.192268e+00,1.185871e+00,1.185837e+00,1.183545e+00,1.177701e+00,1.175310e+00,1.169759e+00,1.164760e+00,1.166242e+00,1.159070e+00,1.164556e+00,
1.098355e+00,1.106299e+00,1.097104e+00,1.090206e+00,1.082904e+00,1.068977e+00,1.052509e+00,1.046934e+00,1.062749e+00,1.085161e+00,1.107134e+00,1.105638e+00,1.102404e+00,1.096635e+00,1.084651e+00,1.068285e+00,1.048812e+00,1.052795e+00,1.070630e+00,1.077846e+00,1.089387e+00,1.096538e+00,1.090991e+00,1.094190e+00,1.081633e+00,1.078114e+00,1.087724e+00,1.087920e+00,1.089382e+00,1.094810e+00,1.099596e+00,1.092823e+00,1.089286e+00,1.084667e+00,1.089841e+00,1.088189e+00,1.098065e+00,
1.174588e+00,1.161931e+00,1.158736e+00,1.160844e+00,1.138780e+00,1.156708e+00,1.109278e+00,1.114573e+00,1.118367e+00,1.138391e+00,1.158018e+00,1.168811e+00,1.206073e+00,1.212730e+00,1.211174e+00,1.195199e+00,1.199183e+00,1.187004e+00,1.183508e+00,1.184708e+00,1.192800e+00,1.191001e+00,1.186548e+00,1.181094e+00,1.197827e+00,1.190845e+00,
1.145211e+00,1.136129e+00,1.117367e+00,1.097310e+00,1.097439e+00,1.084419e+00,1.093913e+00,1.108478e+00,1.118957e+00,1.142140e+00,1.163880e+00,1.185421e+00,1.206370e+00,1.213483e+00,1.200955e+00,1.183849e+00,1.170863e+00,1.158489e+00,1.158521e+00,1.151696e+00,1.157330e+00,1.145603e+00,1.162448e+00,1.162993e+00,1.154892e+00,
1.085380e+00,1.077348e+00,1.071100e+00,1.070108e+00,1.058031e+00,1.061764e+00,1.061620e+00,1.071141e+00,1.073841e+00,1.099885e+00,1.107160e+00,1.110430e+00,1.105333e+00,1.099648e+00,1.108099e+00,1.109062e+00,1.111577e+00,1.132740e+00,1.133089e+00,1.133308e+00,1.127653e+00,
1.080126e+00,1.074330e+00,1.068306e+00,1.064700e+00,1.058101e+00,1.045123e+00,1.043548e+00,1.037650e+00,1.037158e+00,1.041079e+00,1.058003e+00,1.075138e+00,1.099162e+00,1.109164e+00,1.100853e+00,1.098737e+00,1.103620e+00,1.110937e+00,1.109570e+00,1.115584e+00,1.119214e+00,1.116769e+00,
9.634157e-01,9.668096e-01,9.796106e-01,9.794610e-01,9.768601e-01,9.616165e-01,9.534600e-01,9.480168e-01,9.436534e-01,9.525884e-01,9.730542e-01,9.889646e-01,9.932331e-01,1.010317e+00,1.001371e+00,9.926020e-01,9.868773e-01,9.908626e-01,9.853921e-01,9.826211e-01,9.772521e-01,9.821680e-01,9.833999e-01,9.737318e-01,9.764265e-01,
1.077186e+00,1.081814e+00,1.088372e+00,1.084359e+00,1.078470e+00,1.073730e+00,1.068306e+00,1.059826e+00,1.048107e+00,1.059654e+00,1.062319e+00,1.087557e+00,1.097702e+00,1.113794e+00,1.110744e+00,1.100979e+00,1.098793e+00,1.079404e+00,1.066111e+00,1.068981e+00,1.072822e+00,1.091352e+00,1.105150e+00,1.101505e+00,1.105187e+00,1.097711e+00,1.080305e+00,1.068666e+00,1.057634e+00,1.071269e+00,1.064228e+00,1.088060e+00,1.095004e+00,1.093067e+00,1.092108e+00,1.100906e+00,1.094651e+00,1.092813e+00,
1.122004e+00,1.066035e+00,1.052220e+00,1.145335e+00,1.289879e+00,1.471339e+00,1.457963e+00,1.375181e+00,1.222280e+00,1.153881e+00,1.027506e+00,1.006711e+00,9.920020e-01,9.637957e-01,9.390337e-01,8.971737e-01,8.904681e-01,9.455762e-01,1.045986e+00,1.115501e+00,1.101949e+00,1.087650e+00,
9.468915e-01,9.470426e-01,9.495181e-01,9.401147e-01,9.514306e-01,9.371984e-01,9.397244e-01,9.254754e-01,9.099343e-01,9.022210e-01,9.059387e-01,9.290372e-01,9.598562e-01,9.675779e-01,9.911332e-01,1.000232e+00,9.915767e-01,9.857578e-01,9.916362e-01,9.840318e-01,9.822913e-01,9.679770e-01,9.620601e-01,9.602068e-01,9.479873e-01,9.485867e-01,9.500896e-01,9.488025e-01,9.495417e-01,
1.106176e+00,1.099640e+00,1.099700e+00,1.085650e+00,1.104117e+00,1.129267e+00,1.142878e+00,1.140317e+00,1.128369e+00,1.126455e+00,1.132730e+00,1.121470e+00,1.148363e+00,1.142633e+00,1.145036e+00,1.143765e+00,1.143199e+00,1.148735e+00,1.141411e+00,1.142577e+00,1.150004e+00,1.146664e+00,1.144835e+00,
1.144665e+00,1.146164e+00,1.149098e+00,1.146151e+00,1.151019e+00,1.149948e+00,1.173022e+00,1.191866e+00,1.230489e+00,1.285190e+00,1.287999e+00,1.263876e+00,1.235253e+00,1.220413e+00,1.206905e+00,1.198351e+00,1.195422e+00,1.202663e+00,1.208074e+00,1.211707e+00,1.204645e+00,1.204455e+00,1.196748e+00,1.194258e+00,1.194657e+00,1.188041e+00,1.186978e+00,1.178936e+00,1.169442e+00,1.161005e+00,
1.078868e+00,1.068919e+00,1.073824e+00,1.081522e+00,1.080871e+00,1.071998e+00,1.072622e+00,1.074858e+00,1.078132e+00,1.087652e+00,1.098831e+00,1.105504e+00,1.110039e+00,1.106903e+00,1.109297e+00,1.107113e+00,1.104214e+00,1.098150e+00,1.107693e+00,1.103768e+00,1.107825e+00,1.099579e+00,1.099282e+00,1.092406e+00,1.078921e+00,1.080595e+00,
1.077772e+00,1.077414e+00,1.065519e+00,1.074253e+00,1.061943e+00,1.058016e+00,1.055114e+00,1.053833e+00,1.090314e+00,1.095985e+00,1.098430e+00,1.085864e+00,1.084474e+00,1.085642e+00,1.097091e+00,1.103774e+00,1.118297e+00,1.127067e+00,1.131254e+00,1.131095e+00,
1.137825e+00,1.144332e+00,1.134950e+00,1.164082e+00,1.218690e+00,1.287815e+00,1.257420e+00,1.169219e+00,1.242661e+00,7.173888e-01,6.694354e-01,6.939996e-01,7.428008e-01,7.664120e-01,7.884139e-01,8.064759e-01,8.032360e-01,8.090652e-01,8.140630e-01,8.995263e-01,9.525619e-01,1.031758e+00,1.116162e+00,1.156502e+00,1.130026e+00,1.124724e+00,1.129398e+00,
1.160373e+00,1.148424e+00,1.143813e+00,1.130608e+00,1.114010e+00,1.110160e+00,1.110127e+00,1.100492e+00,1.083475e+00,1.095590e+00,1.105223e+00,1.109292e+00,1.130375e+00,1.135856e+00,1.142078e+00,1.132200e+00,1.125647e+00,1.128073e+00,1.136656e+00,1.143991e+00,1.143012e+00,1.153272e+00,1.159842e+00,1.172240e+00,1.176805e+00,1.182729e+00,1.184077e+00,1.174428e+00,
9.735276e-01,9.729142e-01,9.781368e-01,9.705262e-01,9.668056e-01,9.721691e-01,9.712166e-01,9.618117e-01,9.662324e-01,9.622618e-01,9.695241e-01,9.612054e-01,9.566629e-01,9.432221e-01,9.465415e-01,9.436325e-01,9.438207e-01,9.564220e-01,9.591596e-01,9.718034e-01,9.901543e-01,1.001692e+00,1.001990e+00,9.989372e-01,9.914951e-01,9.886380e-01,9.917769e-01,9.835215e-01,9.839399e-01,9.847536e-01,9.897155e-01,9.738105e-01,9.747250e-01,9.750606e-01,9.691022e-01,
1.071170e+00,1.068258e+00,1.059844e+00,1.055115e+00,1.029663e+00,1.025760e+00,1.029754e+00,1.043756e+00,1.066006e+00,1.083193e+00,1.093597e+00,1.088267e+00,1.088427e+00,1.081528e+00,1.069181e+00,1.076537e+00,1.074232e+00,1.073641e+00,1.077045e+00,1.079563e+00,1.075570e+00,1.076095e+00,1.077887e+00,1.065166e+00,1.072513e+00,
1.147137e+00,1.142192e+00,1.125279e+00,1.136052e+00,1.165183e+00,1.160366e+00,1.182780e+00,1.276137e+00,1.176174e+00,1.169679e+00,9.145412e-01,7.388505e-01,6.921683e-01,6.752194e-01,6.886657e-01,7.277127e-01,7.323768e-01,7.297221e-01,7.269106e-01,7.299194e-01,7.442581e-01,8.335384e-01,9.411824e-01,1.113098e+00,1.128078e+00,1.136917e+00,1.203497e+00,1.190059e+00,1.175759e+00,
1.164195e+00,1.157695e+00,1.148170e+00,1.138111e+00,1.125133e+00,1.112340e+00,1.106060e+00,1.103611e+00,1.076223e+00,1.066269e+00,1.082309e+00,1.072656e+00,1.057289e+00,1.060240e+00,1.065655e+00,1.067644e+00,1.060995e+00,1.064006e+00,1.070849e+00,1.069251e+00,1.081306e+00,1.078279e+00,1.076256e+00,1.078378e+00,1.115281e+00,1.181943e+00,1.223876e+00,1.230695e+00,1.219092e+00,1.214552e+00,1.210293e+00,1.208429e+00,1.196439e+00,
1.068732e+00,1.049183e+00,1.021589e+00,1.056061e+00,1.218989e+00,1.353555e+00,1.439327e+00,1.346208e+00,1.216048e+00,1.072269e+00,1.053200e+00,1.092988e+00,1.087397e+00,1.069911e+00,1.064478e+00,1.035252e+00,9.953634e-01,9.679725e-01,9.940087e-01,1.058681e+00,1.084493e+00,1.082109e+00,1.075910e+00,1.083045e+00,1.081728e+00,
1.178596e+00,1.167153e+00,1.166160e+00,1.161215e+00,1.154467e+00,1.132980e+00,1.134149e+00,1.113212e+00,1.106626e+00,1.093971e+00,1.090050e+00,1.107097e+00,1.094920e+00,1.117224e+00,1.113191e+00,1.114338e+00,1.113154e+00,1.110996e+00,1.112645e+00,1.117146e+00,1.119172e+00,1.127913e+00,1.133878e+00,1.125728e+00,1.135192e+00,1.139854e+00,1.154369e+00,1.158125e+00,1.162658e+00,1.169186e+00,1.176827e+00,
1.058148e+00,1.077832e+00,1.084940e+00,1.079710e+00,1.083534e+00,1.090075e+00,1.090049e+00,1.088225e+00,1.090933e+00,1.100459e+00,1.113052e+00,1.120539e+00,1.124120e+00,1.114867e+00,1.102714e+00,1.099107e+00,1.090202e+00,1.083057e+00,1.077203e+00,1.070321e+00,1.065264e+00,1.062431e+00,1.056486e+00,1.050157e+00,
9.583566e-01,9.618633e-01,9.507857e-01,9.445563e-01,9.482754e-01,9.464430e-01,9.453079e-01,9.421391e-01,9.431986e-01,9.634429e-01,9.735200e-01,9.695441e-01,9.840942e-01,9.793921e-01,9.782367e-01,9.745625e-01,9.746471e-01,9.658099e-01,9.696601e-01,9.625791e-01,9.614549e-01,9.599111e-01,9.571842e-01,9.561342e-01,9.571265e-01,
1.126316e+00,1.121470e+00,1.090189e+00,1.102150e+00,1.189079e+00,1.310203e+00,1.489695e+00,-1.520817e+00,-1.503029e+00,-1.534587e+00,-1.552658e+00,1.511863e+00,1.371971e+00,1.256612e+00,1.160096e+00,1.115561e+00,1.136572e+00,1.143658e+00,1.149659e+00,1.144389e+00,1.150588e+00,1.154501e+00,1.118159e+00,1.099214e+00,1.079051e+00,1.087163e+00,1.123279e+00,1.179897e+00,1.239465e+00,1.209960e+00,1.197507e+00,
1.149106e+00,1.149336e+00,1.145785e+00,1.146898e+00,1.132253e+00,1.129735e+00,1.132841e+00,1.119573e+00,1.076764e+00,1.078850e+00,1.083273e+00,1.120227e+00,1.137178e+00,1.154447e+00,1.180022e+00,1.192028e+00,1.185561e+00,1.175219e+00,1.179710e+00,1.166769e+00,1.167314e+00,1.169680e+00,1.165759e+00,1.166514e+00,1.178312e+00,1.170458e+00,1.189604e+00,1.181138e+00,1.176095e+00,1.165165e+00,1.160936e+00,
1.118452e+00,1.121205e+00,1.128508e+00,1.108525e+00,1.105715e+00,1.106614e+00,1.063231e+00,1.075333e+00,1.075220e+00,1.087955e+00,1.101448e+00,1.117026e+00,1.157450e+00,1.200767e+00,1.219212e+00,1.220463e+00,1.216573e+00,1.206272e+00,1.217215e+00,1.205677e+00,1.204452e+00,1.192582e+00,1.187007e+00,1.182120e+00,1.164400e+00,1.158853e+00,1.150319e+00,1.137884e+00,1.141458e+00,1.128546e+00,
1.107810e+00,1.114862e+00,1.125878e+00,1.124680e+00,1.128518e+00,1.111251e+00,1.082920e+00,1.069125e+00,1.066849e+00,1.079017e+00,1.091343e+00,1.116784e+00,1.134873e+00,1.145801e+00,1.134698e+00,1.122602e+00,1.093499e+00,1.084402e+00,1.081928e+00,1.104465e+00,1.109422e+00,1.123914e+00,1.133857e+00,1.134557e+00,1.109427e+00,1.071736e+00,1.057844e+00,1.051449e+00,1.053503e+00,1.066296e+00,1.066294e+00,1.066901e+00,1.072396e+00,
1.094944e+00,1.090983e+00,1.080094e+00,1.065539e+00,1.058451e+00,1.045532e+00,1.046676e+00,1.063900e+00,1.079279e+00,1.093892e+00,1.090114e+00,1.091095e+00,1.087559e+00,1.089540e+00,1.064169e+00,1.058087e+00,1.055235e+00,1.057091e+00,1.070544e+00,1.094404e+00,1.094806e+00,1.092759e+00,1.098245e+00,1.088597e+00,1.085494e+00,1.081927e+00,1.080592e+00,1.090195e+00,1.092025e+00,1.097834e+00,1.092195e+00,1.083667e+00,
1.080651e+00,1.078896e+00,1.066926e+00,1.051021e+00,1.033284e+00,1.021922e+00,1.015184e+00,1.033155e+00,1.057553e+00,1.083219e+00,1.091470e+00,1.107387e+00,1.126774e+00,1.122276e+00,1.104786e+00,1.096255e+00,1.069528e+00,1.049195e+00,1.053491e+00,1.065779e+00,1.093969e+00,1.098356e+00,1.106847e+00,1.109044e+00,1.103879e+00,1.098510e+00,1.098696e+00,1.090773e+00,1.084011e+00,1.081084e+00,1.074006e+00,
1.074388e+00,1.076485e+00,1.070930e+00,1.065111e+00,1.067603e+00,1.044374e+00,1.051075e+00,1.065964e+00,1.083574e+00,1.099752e+00,1.118709e+00,1.126405e+00,1.124757e+00,1.113812e+00,1.111596e+00,1.093714e+00,1.087424e+00,1.102814e+00,1.107299e+00,1.125550e+00,1.130148e+00,1.119127e+00,1.115558e+00,1.110382e+00,1.101763e+00,1.088489e+00,1.085545e+00,1.090293e+00,1.100222e+00,1.103674e+00,1.113472e+00,1.115517e+00,1.104003e+00,1.090911e+00,1.088876e+00,1.076865e+00,1.083404e+00,1.078800e+00,1.088610e+00,1.086492e+00,1.081016e+00,1.078452e+00,
1.067189e+00,1.062440e+00,1.061065e+00,1.050246e+00,1.045246e+00,1.038933e+00,1.036527e+00,1.029202e+00,1.038626e+00,1.052949e+00,1.063199e+00,1.072483e+00,1.064039e+00,1.058779e+00,1.054971e+00,1.053256e+00,1.056577e+00,1.060018e+00,1.067739e+00,1.069880e+00,1.068809e+00,1.066974e+00,1.062350e+00,1.061887e+00,1.051839e+00,1.047729e+00,
1.113246e+00,1.123998e+00,1.120351e+00,1.112971e+00,1.107185e+00,1.093874e+00,1.094931e+00,1.086598e+00,1.057226e+00,1.075271e+00,1.082324e+00,1.101005e+00,1.104721e+00,1.109364e+00,1.125736e+00,1.127921e+00,1.143118e+00,1.158155e+00,1.156431e+00,1.172521e+00,1.171642e+00,1.158422e+00,1.149473e+00,1.151420e+00,1.153475e+00,1.160925e+00,1.158386e+00,1.173351e+00,1.178711e+00,1.173853e+00,1.166258e+00,1.171504e+00,
1.052398e+00,1.057673e+00,1.069900e+00,1.066497e+00,1.061949e+00,1.068027e+00,1.060906e+00,1.065923e+00,1.084099e+00,1.111382e+00,1.107388e+00,1.089771e+00,1.091718e+00,1.084429e+00,1.082308e+00,1.087699e+00,1.093618e+00,1.096879e+00,1.091674e+00,1.100953e+00,1.106961e+00,1.106040e+00,1.091287e+00,1.073495e+00,1.068046e+00,
1.132070e+00,1.135840e+00,1.137439e+00,1.115944e+00,1.100866e+00,1.074168e+00,1.083210e+00,1.076307e+00,1.089476e+00,1.097109e+00,1.116613e+00,1.130577e+00,1.161867e+00,1.179418e+00,1.182758e+00,1.180633e+00,1.168703e+00,1.174481e+00,1.171146e+00,1.188680e+00,1.191377e+00,1.218978e+00,1.208280e+00,1.215485e+00,1.213668e+00,1.208515e+00,
1.124648e+00,1.127248e+00,1.115165e+00,1.105397e+00,1.069268e+00,1.043462e+00,1.050938e+00,1.057507e+00,1.075345e+00,1.110424e+00,1.131400e+00,1.144413e+00,1.132614e+00,1.118417e+00,1.099801e+00,1.082874e+00,1.093352e+00,1.097790e+00,1.115487e+00,1.123283e+00,1.126003e+00,1.125071e+00,1.115440e+00,1.118413e+00,1.107950e+00,1.097180e+00,1.084547e+00,1.073790e+00,
1.058594e+00,1.053232e+00,1.050129e+00,1.046964e+00,1.044010e+00,1.042838e+00,1.054714e+00,1.063257e+00,1.076048e+00,1.071925e+00,1.073798e+00,1.062296e+00,1.042882e+00,1.036582e+00,1.029477e+00,1.027065e+00,1.038174e+00,1.045564e+00,1.055837e+00,1.066291e+00,1.065334e+00,1.071384e+00,1.072783e+00,1.061802e+00,1.044669e+00,1.032054e+00,1.030085e+00,1.037181e+00,1.045132e+00,1.043665e+00,1.051732e+00,1.055012e+00,1.061084e+00,1.061483e+00,1.056892e+00,
1.221802e+00,1.240398e+00,1.241796e+00,1.250764e+00,1.267706e+00,1.289045e+00,1.303134e+00,1.307133e+00,1.330353e+00,1.331617e+00,1.342026e+00,1.351274e+00,1.363916e+00,1.368801e+00,1.360242e+00,1.351896e+00,1.337066e+00,1.322718e+00,1.294762e+00,1.259588e+00,1.251265e+00,1.241129e+00,1.244437e+00,1.234532e+00,1.212680e+00,1.182644e+00,1.168837e+00,1.163006e+00,
1.178742e+00,1.177648e+00,1.136048e+00,1.100308e+00,1.128099e+00,1.096324e+00,1.090557e+00,1.048231e+00,1.023914e+00,1.014318e+00,1.040665e+00,1.107504e+00,1.126420e+00,1.103664e+00,1.153574e+00,1.149304e+00,1.164632e+00,1.182619e+00,1.159626e+00,1.134842e+00,1.123390e+00,1.118986e+00,1.133849e+00,1.111766e+00,1.114527e+00,1.101297e+00,1.077103e+00,1.150955e+00,1.178703e+00,1.169299e+00,1.154922e+00,1.131149e+00,1.134104e+00,1.149597e+00,1.153364e+00,
1.141998e+00,1.131817e+00,1.134412e+00,1.123819e+00,1.109321e+00,1.098959e+00,1.093797e+00,1.077729e+00,1.097835e+00,1.070500e+00,1.055602e+00,1.055957e+00,1.056811e+00,1.057279e+00,1.061007e+00,1.063610e+00,1.063223e+00,1.059670e+00,1.059399e+00,1.051291e+00,1.058795e+00,1.052890e+00,1.053691e+00,1.060023e+00,1.066909e+00,1.086828e+00,1.103721e+00,1.163206e+00,1.195271e+00,1.206088e+00,1.195518e+00,1.198456e+00,1.189986e+00,
1.173426e+00,1.185062e+00,1.191715e+00,1.207837e+00,1.230493e+00,1.243660e+00,1.252762e+00,1.259522e+00,1.263608e+00,1.278094e+00,1.278891e+00,1.282956e+00,1.271014e+00,1.263826e+00,1.248928e+00,1.243623e+00,1.239278e+00,1.229659e+00,1.223354e+00,1.221436e+00,1.210187e+00,1.198874e+00,1.183008e+00,1.176142e+00,1.170374e+00,1.162502e+00,1.153661e+00,
9.845747e-01,9.786559e-01,9.795769e-01,9.911922e-01,9.867792e-01,9.924169e-01,9.915930e-01,9.844606e-01,9.887753e-01,9.931195e-01,9.924365e-01,9.967505e-01,1.003474e+00,9.988831e-01,1.007729e+00,1.000755e+00,1.014176e+00,
1.151255e+00,1.149161e+00,1.125593e+00,1.130601e+00,1.183031e+00,1.222205e+00,1.257140e+00,1.284852e+00,1.323993e+00,1.357068e+00,1.422320e+00,1.549715e+00,-1.493517e+00,-1.506236e+00,-1.504998e+00,-1.489552e+00,-1.511734e+00,-1.504676e+00,-1.498111e+00,-1.497696e+00,-1.491285e+00,-1.512393e+00,-1.536380e+00,-1.544517e+00,1.539592e+00,1.398140e+00,1.361168e+00,1.294933e+00,1.189114e+00,1.095928e+00,1.044475e+00,1.021665e+00,1.028366e+00,1.045431e+00,1.056932e+00,
9.901666e-01,9.940712e-01,1.000529e+00,9.992815e-01,9.951344e-01,9.977546e-01,9.866210e-01,9.852302e-01,9.733190e-01,9.736580e-01,9.801713e-01,9.680928e-01,9.672762e-01,9.697868e-01,9.759926e-01,9.829767e-01,9.691755e-01,9.682510e-01,9.761533e-01,9.593753e-01,9.663627e-01,
9.886129e-01,9.813684e-01,9.862627e-01,9.740416e-01,9.701326e-01,9.659409e-01,9.621508e-01,9.585198e-01,9.592782e-01,9.610262e-01,9.710664e-01,9.631937e-01,9.704115e-01,9.827762e-01,9.828024e-01,9.742714e-01,9.716366e-01,9.789093e-01,9.846497e-01,9.839239e-01,
9.781535e-01,9.801208e-01,9.841388e-01,9.748191e-01,9.798381e-01,9.853915e-01,9.783484e-01,9.766667e-01,9.786362e-01,9.600137e-01,9.710976e-01,9.711144e-01,9.738224e-01,9.734020e-01,9.848079e-01,9.851562e-01,9.835591e-01,9.821904e-01,9.846128e-01,
1.206751e+00,1.208113e+00,1.221833e+00,1.250947e+00,1.264732e+00,1.276109e+00,1.266526e+00,1.279245e+00,1.267660e+00,1.340240e+00,1.322993e+00,1.338096e+00,1.337035e+00,1.326972e+00,1.297860e+00,1.273131e+00,1.262135e+00,1.256679e+00,1.245533e+00,1.233989e+00,1.229871e+00,1.204472e+00,1.181518e+00,
1.207072e+00,1.209762e+00,1.222179e+00,1.233881e+00,1.239961e+00,1.233575e+00,1.230573e+00,1.225225e+00,1.227836e+00,1.245424e+00,1.246558e+00,1.254918e+00,1.244110e+00,1.233463e+00,1.253465e+00,1.225671e+00,1.226661e+00,1.230729e+00,1.218084e+00,1.222646e+00,1.217265e+00,1.197899e+00,1.193218e+00,1.177170e+00,1.165073e+00,1.162227e+00,1.159393e+00,1.163978e+00,1.168968e+00,1.170533e+00,1.175599e+00,1.178396e+00,1.180675e+00,1.178507e+00,
1.138035e+00,1.140349e+00,1.135249e+00,1.097133e+00,1.086777e+00,1.123218e+00,1.117325e+00,1.112022e+00,1.101305e+00,1.131211e+00,1.162515e+00,1.168398e+00,1.180352e+00,1.224393e+00,1.202950e+00,1.224519e+00,1.244926e+00,1.224970e+00,1.196211e+00,1.226948e+00,1.167161e+00,1.219226e+00,1.219454e+00,1.185868e+00,1.193638e+00,1.211094e+00,1.218900e+00,1.212928e+00,1.225219e+00,1.222120e+00,1.258413e+00,1.242447e+00,1.226857e+00,1.253347e+00,1.238114e+00,1.188506e+00,1.147420e+00,1.102307e+00,1.066807e+00,1.072297e+00,1.091426e+00,1.135078e+00,1.162736e+00,
1.143180e+00,1.143436e+00,1.149066e+00,1.146246e+00,1.161212e+00,1.168731e+00,1.187867e+00,1.193930e+00,1.196270e+00,1.212608e+00,1.230477e+00,1.238014e+00,1.236395e+00,1.223428e+00,1.213661e+00,1.194555e+00,1.192130e+00,1.184819e+00,1.184385e+00,1.174446e+00,1.192741e+00,1.192690e+00,1.191102e+00,1.193901e+00,1.175192e+00,1.172368e+00,1.153588e+00,1.150626e+00,
9.831731e-01,9.829575e-01,9.778797e-01,9.871605e-01,9.917530e-01,9.894549e-01,9.933280e-01,1.005851e+00,9.953536e-01,9.846938e-01,9.902836e-01,9.871479e-01,9.855886e-01,9.940870e-01,9.962858e-01,9.939803e-01,1.001453e+00,9.999579e-01,1.006689e+00,1.014399e+00,9.992260e-01,1.011597e+00,1.018718e+00,1.022812e+00,1.020366e+00,1.012433e+00,1.013997e+00,
1.127716e+00,1.154383e+00,1.156040e+00,1.149184e+00,1.159909e+00,1.155651e+00,1.145154e+00,1.140867e+00,1.140302e+00,1.114575e+00,1.107743e+00,1.086699e+00,1.090776e+00,1.086416e+00,1.096841e+00,1.104772e+00,1.096227e+00,1.090549e+00,1.093112e+00,1.105873e+00,1.129208e+00,1.163431e+00,1.201671e+00,
1.130319e+00,1.133893e+00,1.126633e+00,1.119745e+00,1.096827e+00,1.095334e+00,1.099841e+00,1.102624e+00,1.103358e+00,1.096701e+00,1.091117e+00,1.087899e+00,1.087444e+00,1.076897e+00,1.078474e+00,1.087573e+00,1.074746e+00,1.086843e+00,1.097467e+00,1.101231e+00,1.098592e+00,1.100663e+00,1.112889e+00,
1.147708e+00,1.137796e+00,1.132200e+00,1.146390e+00,1.141559e+00,1.126981e+00,1.126805e+00,1.122356e+00,1.112954e+00,1.118457e+00,1.099850e+00,1.084296e+00,1.083504e+00,1.090404e+00,1.093539e+00,1.096691e+00,1.098207e+00,1.100616e+00,1.100165e+00,1.110966e+00,1.122281e+00,1.145725e+00,1.180085e+00,1.214216e+00,1.250641e+00,1.270087e+00,
1.085557e+00,1.065805e+00,1.058211e+00,1.047840e+00,1.033651e+00,1.022345e+00,1.014034e+00,1.012545e+00,1.007873e+00,1.008794e+00,1.011515e+00,1.012189e+00,1.015915e+00,1.018286e+00,1.015957e+00,1.008663e+00,1.000459e+00,1.005690e+00,1.003472e+00,1.007737e+00,1.031191e+00,1.058837e+00,1.076590e+00,1.105023e+00,1.105740e+00,1.108407e+00,1.106274e+00,1.109106e+00,
1.090475e+00,1.089467e+00,1.079179e+00,1.074070e+00,1.079704e+00,1.070971e+00,1.076119e+00,1.077213e+00,1.083303e+00,1.077987e+00,1.079162e+00,1.081473e+00,1.082285e+00,1.080868e+00,1.087380e+00,1.080058e+00,1.082872e+00,1.092231e+00,1.109481e+00,1.118050e+00,1.110823e+00,1.100603e+00,1.098658e+00,1.095025e+00,1.095905e+00,1.095424e+00,
9.386823e-01,9.408072e-01,9.461828e-01,9.386425e-01,9.477835e-01,9.524401e-01,9.525370e-01,9.489614e-01,9.512119e-01,9.469325e-01,9.528934e-01,9.492495e-01,9.549686e-01,9.568706e-01,9.514851e-01,9.571713e-01,9.584824e-01,9.656727e-01,9.681311e-01,9.619550e-01,9.644668e-01,
1.098245e+00,1.093222e+00,1.087969e+00,1.086304e+00,1.085527e+00,1.093871e+00,1.096068e+00,1.099414e+00,1.102366e+00,1.099641e+00,1.100031e+00,1.097084e+00,1.098901e+00,1.093182e+00,1.095566e+00,1.092740e+00,1.094263e+00,1.093024e+00,1.095379e+00,1.098565e+00,1.114389e+00,1.110655e+00,1.106799e+00,1.105528e+00,1.111919e+00,1.108781e+00,1.099300e+00,
1.130474e+00,1.130709e+00,1.134952e+00,1.135263e+00,1.131572e+00,1.131559e+00,1.122228e+00,1.113261e+00,1.117128e+00,1.112653e+00,1.107141e+00,1.090967e+00,1.102103e+00,1.105646e+00,1.105513e+00,1.102796e+00,1.100677e+00,1.097273e+00,1.097757e+00,1.122245e+00,1.141068e+00,1.162919e+00,1.178442e+00,
1.072264e+00,1.069608e+00,1.063212e+00,1.056972e+00,1.072294e+00,1.061775e+00,1.056818e+00,1.050804e+00,1.046970e+00,1.032180e+00,1.038104e+00,1.041065e+00,1.039269e+00,1.039668e+00,1.040843e+00,1.040846e+00,1.040185e+00,1.041928e+00,1.066061e+00,1.085416e+00,1.103408e+00,1.124725e+00,1.132709e+00,1.125639e+00,1.114167e+00,1.104322e+00,1.082591e+00,
1.176463e+00,1.179822e+00,1.172853e+00,1.176190e+00,1.181763e+00,1.173443e+00,1.164579e+00,1.169728e+00,1.159173e+00,1.151408e+00,1.125650e+00,1.109207e+00,1.074976e+00,1.092316e+00,1.091748e+00,1.101123e+00,1.100990e+00,1.104551e+00,1.099888e+00,1.106766e+00,1.097081e+00,1.111254e+00,1.121792e+00,1.128013e+00,1.141152e+00,1.139271e+00,1.141080e+00,1.139165e+00,
1.107528e+00,1.083928e+00,1.072250e+00,1.059408e+00,1.046123e+00,1.046227e+00,1.048684e+00,1.046640e+00,1.058700e+00,1.060974e+00,1.063408e+00,1.065152e+00,1.063208e+00,1.063336e+00,1.053706e+00,1.050739e+00,1.065864e+00,1.073977e+00,1.105611e+00,1.118756e+00,1.120465e+00,1.139162e+00,1.130008e+00,
1.027427e+00,1.029984e+00,1.026079e+00,1.042980e+00,1.039526e+00,1.030001e+00,1.029849e+00,1.029446e+00,1.037081e+00,1.016646e+00,1.028566e+00,1.018723e+00,1.039413e+00,1.036872e+00,1.025011e+00,1.024756e+00,1.017785e+00,1.025296e+00,
9.743267e-01,9.621591e-01,9.729916e-01,9.677534e-01,9.709249e-01,9.640059e-01,9.669183e-01,9.712437e-01,9.703633e-01,9.748643e-01,9.694118e-01,9.805899e-01,9.841561e-01,9.921646e-01,9.766955e-01,9.763454e-01,9.836169e-01,
1.099680e+00,1.086011e+00,1.066689e+00,1.051030e+00,1.040751e+00,1.033320e+00,1.029162e+00,1.017890e+00,1.017905e+00,1.026058e+00,1.024818e+00,1.022813e+00,1.016661e+00,1.022331e+00,1.019859e+00,1.010170e+00,1.019844e+00,1.018710e+00,1.025577e+00,1.025609e+00,1.035812e+00,1.073161e+00,1.088584e+00,1.103710e+00,1.105958e+00,1.122350e+00,1.125351e+00,
1.151643e+00,1.151592e+00,1.156469e+00,1.167023e+00,1.177987e+00,1.179905e+00,1.196221e+00,1.221675e+00,1.229310e+00,1.239269e+00,1.243097e+00,1.233732e+00,1.230121e+00,1.243049e+00,1.250521e+00,1.246897e+00,1.244334e+00,1.231078e+00,1.210101e+00,1.210569e+00,1.208979e+00,1.212400e+00,1.205033e+00,1.199845e+00,1.190916e+00,1.168691e+00,
1.221564e+00,1.243501e+00,1.263096e+00,1.273802e+00,1.276560e+00,1.265118e+00,1.252020e+00,1.308453e+00,1.297116e+00,1.312253e+00,1.315983e+00,1.323055e+00,1.279115e+00,1.276548e+00,1.273080e+00,1.271461e+00,1.263269e+00,1.241570e+00,1.224519e+00,1.214675e+00,1.200050e+00,1.185738e+00,
1.054266e+00,1.047969e+00,1.042783e+00,1.036773e+00,1.028781e+00,1.034498e+00,1.025650e+00,1.033223e+00,1.033357e+00,1.036117e+00,1.034638e+00,1.029718e+00,1.034004e+00,1.033125e+00,1.031655e+00,1.039795e+00,1.040742e+00,1.050764e+00,1.068977e+00,1.082009e+00,1.102677e+00,1.103521e+00,1.115359e+00,1.111810e+00,1.107861e+00,
1.094929e+00,1.086371e+00,1.082198e+00,1.085276e+00,1.078382e+00,1.081633e+00,1.077607e+00,1.089722e+00,1.101056e+00,1.095580e+00,1.095545e+00,1.088997e+00,1.086034e+00,1.089447e+00,1.085726e+00,1.079988e+00,1.082692e+00,1.078199e+00,1.078429e+00,1.087705e+00,1.094666e+00,1.103997e+00,1.111034e+00,1.112393e+00,1.102431e+00,1.089970e+00,1.091650e+00,1.096617e+00,
9.671773e-01,9.703923e-01,9.654443e-01,9.646225e-01,9.701338e-01,9.587477e-01,9.630260e-01,9.520828e-01,9.628797e-01,9.697863e-01,9.643179e-01,9.615724e-01,9.795488e-01,9.769422e-01,9.793879e-01,9.797429e-01,9.826221e-01,9.841271e-01,9.871439e-01,9.884050e-01,
1.079731e+00,1.087814e+00,1.074887e+00,1.064579e+00,1.062223e+00,1.060181e+00,1.067481e+00,1.072011e+00,1.066937e+00,1.075173e+00,1.074187e+00,1.073081e+00,1.077139e+00,1.071380e+00,1.072459e+00,1.079801e+00,1.065178e+00,1.067217e+00,1.075145e+00,1.070422e+00,1.078823e+00,1.073818e+00,1.080772e+00,1.081495e+00,1.090245e+00,1.087343e+00,1.089289e+00,1.087731e+00,1.087874e+00,
1.189339e+00,1.194591e+00,1.188001e+00,1.177393e+00,1.175910e+00,1.167028e+00,1.156542e+00,1.169011e+00,1.155640e+00,1.155900e+00,1.157244e+00,1.165333e+00,1.172770e+00,1.173693e+00,1.153523e+00,1.167905e+00,1.161196e+00,1.166045e+00,1.175118e+00,1.166038e+00,1.170955e+00,1.170122e+00,1.166526e+00,1.170627e+00,1.167069e+00,1.174510e+00,1.177438e+00,1.182724e+00,1.176884e+00,1.180834e+00,1.173397e+00,1.181769e+00,1.183772e+00,1.196562e+00,1.205038e+00,1.199067e+00,
9.855997e-01,9.872043e-01,9.870383e-01,9.789320e-01,9.761148e-01,9.762700e-01,9.715520e-01,9.684792e-01,9.682366e-01,9.740177e-01,9.741250e-01,9.742034e-01,9.809631e-01,9.796681e-01,9.794830e-01,9.823829e-01,9.796207e-01,9.793406e-01,9.786196e-01,9.813134e-01,
1.146830e+00,1.176287e+00,1.185034e+00,1.200913e+00,1.225063e+00,1.256206e+00,1.236722e+00,1.248086e+00,1.253267e+00,1.267057e+00,1.258109e+00,1.237073e+00,1.230276e+00,1.222999e+00,1.210289e+00,1.210550e+00,1.206677e+00,1.192268e+00,1.183198e+00,1.174315e+00,1.168008e+00,1.165515e+00,1.158609e+00,
9.416875e-01,9.381627e-01,9.490431e-01,9.455490e-01,9.381160e-01,9.483645e-01,9.488621e-01,9.463872e-01,9.567339e-01,9.575821e-01,9.616213e-01,9.575763e-01,9.553073e-01,9.608011e-01,9.645219e-01,9.521948e-01,9.629563e-01,
1.053282e+00,1.061290e+00,1.066454e+00,1.088380e+00,1.082399e+00,1.066477e+00,1.076786e+00,1.054777e+00,1.071974e+00,1.068699e+00,1.317956e+00,1.094518e+00,1.158247e+00,1.174221e+00,1.112065e+00,1.152106e+00,1.202165e+00,1.401868e+00,1.192242e+00,1.184730e+00,1.185403e+00,1.401325e+00,1.396376e+00,1.194729e+00,1.177859e+00,1.153865e+00,1.137512e+00,1.097456e+00,1.102850e+00,1.090143e+00,1.080166e+00,1.081486e+00,1.085973e+00,1.121425e+00,1.131714e+00,
1.072444e+00,1.030389e+00,9.852503e-01,9.578753e-01,9.361180e-01,9.288138e-01,9.484875e-01,9.935933e-01,1.031092e+00,1.233464e+00,1.519113e+00,-1.562814e+00,1.538304e+00,1.538361e+00,1.513159e+00,1.481800e+00,1.443454e+00,1.327559e+00,1.175613e+00,1.028758e+00,9.374006e-01,9.399185e-01,9.796747e-01,1.032679e+00,
1.087831e+00,1.077882e+00,1.078192e+00,1.074226e+00,1.087076e+00,1.108929e+00,1.128841e+00,1.149659e+00,1.161583e+00,1.185958e+00,1.181266e+00,1.173617e+00,1.193430e+00,1.200676e+00,1.207556e+00,1.205722e+00,1.203958e+00,1.183725e+00,1.181659e+00,1.178723e+00,1.176384e+00,1.177845e+00,1.177424e+00,1.167268e+00,1.154278e+00,1.142898e+00,1.120105e+00,1.105501e+00,
1.186093e+00,1.178513e+00,1.166684e+00,1.169148e+00,1.161211e+00,1.145258e+00,1.149117e+00,1.146673e+00,1.147543e+00,1.147868e+00,1.149680e+00,1.151830e+00,1.124533e+00,1.139795e+00,1.131430e+00,1.137461e+00,1.134638e+00,1.134348e+00,1.131748e+00,1.133855e+00,1.135538e+00,1.136248e+00,1.141558e+00,1.146852e+00,1.135096e+00,1.143157e+00,1.146226e+00,1.152886e+00,1.154260e+00,1.159689e+00,1.170876e+00,1.172349e+00,1.161838e+00,
1.130721e+00,1.118344e+00,1.102740e+00,1.089130e+00,1.091710e+00,1.097333e+00,1.109458e+00,1.111879e+00,1.111510e+00,1.109414e+00,1.104869e+00,1.141784e+00,1.082384e+00,1.121380e+00,1.156026e+00,1.185258e+00,1.203926e+00,1.209351e+00,1.204175e+00,1.223270e+00,1.111122e+00,1.217908e+00,1.208911e+00,1.107342e+00,1.125310e+00,1.206926e+00,1.151468e+00,1.255408e+00,1.246311e+00,1.191259e+00,1.143459e+00,1.125810e+00,1.075429e+00,1.151385e+00,1.139798e+00,1.085135e+00,1.086856e+00,1.108657e+00,1.145791e+00,1.162316e+00,
1.149652e+00,1.160086e+00,1.157407e+00,1.155985e+00,1.172021e+00,1.169068e+00,1.167943e+00,1.172207e+00,1.166298e+00,1.176574e+00,1.156330e+00,1.149912e+00,1.152012e+00,1.144553e+00,1.153312e+00,1.154440e+00,1.162267e+00,1.170646e+00,1.183877e+00,1.190383e+00,1.190890e+00,1.211634e+00,
1.177199e+00,1.177591e+00,1.192837e+00,1.233425e+00,1.247760e+00,1.258769e+00,1.258791e+00,1.269468e+00,1.285153e+00,1.283467e+00,1.285482e+00,1.269810e+00,1.246573e+00,1.236629e+00,1.216277e+00,1.207053e+00,1.208068e+00,1.201554e+00,1.186467e+00,1.178907e+00,1.177294e+00,1.175697e+00,1.164539e+00,1.165902e+00,1.165663e+00,1.168846e+00,1.172579e+00,1.165094e+00,
1.046942e+00,1.044901e+00,1.044271e+00,1.058679e+00,1.062825e+00,1.059235e+00,1.067509e+00,1.065475e+00,1.058459e+00,1.059871e+00,1.064254e+00,1.063547e+00,1.072555e+00,1.073342e+00,1.068706e+00,1.073855e+00,1.081287e+00,1.088925e+00,1.102970e+00,1.107464e+00,1.105293e+00,1.105328e+00,1.092196e+00,
1.083212e+00,1.077027e+00,1.068747e+00,1.050638e+00,1.038559e+00,1.025805e+00,1.021724e+00,1.028807e+00,1.029585e+00,1.033193e+00,1.030338e+00,1.043270e+00,1.039384e+00,1.030772e+00,1.035287e+00,1.037224e+00,1.032961e+00,1.038684e+00,1.065943e+00,1.099597e+00,1.130192e+00,1.140459e+00,1.149715e+00,
1.176147e+00,1.175240e+00,1.166818e+00,1.154053e+00,1.142734e+00,1.131408e+00,1.129383e+00,1.115717e+00,1.111863e+00,1.098343e+00,1.069466e+00,1.023333e+00,1.003222e+00,9.745759e-01,9.703053e-01,9.594050e-01,9.521116e-01,9.639160e-01,9.651324e-01,9.636304e-01,9.646016e-01,9.548393e-01,9.841555e-01,1.004808e+00,1.029718e+00,1.080736e+00,1.130868e+00,1.161005e+00,1.167502e+00,1.176041e+00,
1.087908e+00,1.083431e+00,1.073033e+00,1.059947e+00,1.055292e+00,1.047854e+00,1.053246e+00,1.056958e+00,1.054892e+00,1.055439e+00,1.057439e+00,1.056217e+00,1.052424e+00,1.051503e+00,1.057089e+00,1.050810e+00,1.048916e+00,1.051717e+00,1.058233e+00,1.075167e+00,1.081644e+00,1.086425e+00,1.084697e+00,1.084471e+00,
1.134973e+00,1.123729e+00,1.122814e+00,1.124782e+00,1.125834e+00,1.145983e+00,1.133446e+00,1.136320e+00,1.129471e+00,1.135133e+00,1.135660e+00,1.135476e+00,1.144590e+00,1.140994e+00,1.137755e+00,1.139127e+00,1.121172e+00,1.125689e+00,1.133912e+00,1.136037e+00,1.134278e+00,1.154116e+00,1.164231e+00,1.186489e+00,1.181592e+00,1.189522e+00,1.179157e+00,1.164896e+00,1.156023e+00,1.132539e+00,1.138212e+00,1.137064e+00,1.137568e+00,1.144184e+00,1.165175e+00,1.176506e+00,1.222870e+00,1.246757e+00,1.254072e+00,
1.059935e+00,1.054787e+00,1.044556e+00,1.048504e+00,1.045111e+00,1.038378e+00,1.036929e+00,1.043880e+00,1.039805e+00,1.050647e+00,1.054819e+00,1.052338e+00,1.051785e+00,1.047882e+00,1.047790e+00,1.046434e+00,1.044892e+00,1.059083e+00,1.070181e+00,1.070971e+00,1.079445e+00,1.083997e+00,1.080888e+00,
1.136840e+00,1.094928e+00,1.068716e+00,1.101455e+00,1.105680e+00,1.076758e+00,1.072281e+00,1.061765e+00,1.064682e+00,1.070868e+00,1.068406e+00,1.062822e+00,9.278762e-01,8.121846e-01,9.243090e-01,9.035149e-01,7.607239e-01,9.140905e-01,9.376485e-01,9.463712e-01,9.295577e-01,9.317625e-01,9.317887e-01,9.368638e-01,8.913893e-01,9.524719e-01,9.711446e-01,9.966645e-01,1.022424e+00,1.058737e+00,1.093423e+00,1.107371e+00,1.128966e+00,1.137461e+00,1.140535e+00,1.141559e+00,1.132219e+00,1.148353e+00,1.168676e+00,
1.077230e+00,1.080209e+00,1.071141e+00,1.073234e+00,1.069793e+00,1.077551e+00,1.080557e+00,1.084147e+00,1.085194e+00,1.092382e+00,1.090884e+00,1.095071e+00,1.084785e+00,1.082905e+00,1.085587e+00,1.083537e+00,1.085157e+00,1.090555e+00,1.078087e+00,1.092187e+00,1.089727e+00,1.103416e+00,1.097006e+00,1.097242e+00,1.094541e+00,1.082822e+00,1.075599e+00,
1.067904e+00,1.065840e+00,1.066197e+00,1.063855e+00,1.069609e+00,1.072955e+00,1.084368e+00,1.084204e+00,1.077642e+00,1.080039e+00,1.081192e+00,1.075282e+00,1.074019e+00,1.077895e+00,1.074192e+00,1.074811e+00,1.074714e+00,1.074479e+00,1.074370e+00,1.082015e+00,1.075822e+00,1.090686e+00,1.083886e+00,1.093254e+00,1.087491e+00,1.089171e+00,1.094617e+00,1.099380e+00,
1.073672e+00,1.067230e+00,1.059900e+00,1.054363e+00,1.061038e+00,1.054237e+00,1.063238e+00,1.063586e+00,1.074959e+00,1.078660e+00,1.071416e+00,1.065615e+00,1.066890e+00,1.067312e+00,1.065387e+00,1.063308e+00,1.066787e+00,1.067716e+00,1.063427e+00,1.079050e+00,1.071740e+00,1.082143e+00,1.089554e+00,1.075776e+00,1.080968e+00,1.075890e+00,
1.138075e+00,1.131172e+00,1.131121e+00,1.126606e+00,1.122303e+00,1.135251e+00,1.129814e+00,1.136734e+00,1.145069e+00,1.153923e+00,1.155027e+00,1.155883e+00,1.157538e+00,1.148246e+00,1.152738e+00,1.163797e+00,1.169094e+00,1.167322e+00,1.164748e+00,1.157987e+00,1.165405e+00,1.176048e+00,1.182065e+00,1.179428e+00,1.201697e+00,1.199940e+00,
1.073283e+00,1.074286e+00,1.071253e+00,1.072495e+00,1.066141e+00,1.057540e+00,1.062891e+00,1.063714e+00,1.070933e+00,1.077709e+00,1.074835e+00,1.077018e+00,1.069631e+00,1.073259e+00,1.071286e+00,1.068686e+00,1.069122e+00,1.073328e+00,1.073901e+00,1.072892e+00,1.073064e+00,1.071838e+00,1.067156e+00,1.083521e+00,1.081240e+00,1.094060e+00,1.081926e+00,1.090771e+00,1.082413e+00,1.073746e+00,
1.152048e+00,1.143092e+00,1.152388e+00,1.153866e+00,1.153959e+00,1.161430e+00,1.160650e+00,1.169046e+00,1.157254e+00,1.162200e+00,1.143757e+00,1.143025e+00,1.141631e+00,1.135354e+00,1.151526e+00,1.157999e+00,1.157774e+00,1.144467e+00,1.150202e+00,1.153079e+00,1.152622e+00,1.145108e+00,
1.064296e+00,1.061673e+00,1.065301e+00,1.056070e+00,1.049010e+00,1.046289e+00,1.053462e+00,1.053388e+00,1.060151e+00,1.066273e+00,1.064225e+00,1.061794e+00,1.059418e+00,1.055024e+00,1.059406e+00,1.057588e+00,1.061788e+00,1.062028e+00,1.067005e+00,1.067022e+00,1.068114e+00,1.071914e+00,1.071578e+00,
1.048013e+00,1.044346e+00,1.032611e+00,1.032640e+00,1.029707e+00,1.030194e+00,1.034171e+00,1.034917e+00,1.033344e+00,1.031899e+00,1.030599e+00,1.034275e+00,1.033638e+00,1.031085e+00,1.027921e+00,1.030885e+00,1.037477e+00,1.035080e+00,1.041845e+00,1.055542e+00,1.073467e+00,1.077570e+00,1.094499e+00,
