8.761347e-01,8.705794e-01,8.843935e-01,8.900409e-01,8.784289e-01,8.900015e-01,8.471013e-01,8.506123e-01,9.030054e-01,9.223886e-01,9.397653e-01,9.681894e-01,9.579608e-01,9.508391e-01,9.151919e-01,9.239400e-01,9.275711e-01,9.145482e-01,9.372450e-01,9.480222e-01,9.784297e-01,9.710242e-01,9.609616e-01,9.336241e-01,9.271581e-01,
9.251366e-01,9.094490e-01,8.909236e-01,8.835887e-01,8.342810e-01,8.330737e-01,8.394694e-01,8.531584e-01,8.811800e-01,9.023700e-01,9.308745e-01,9.562123e-01,9.702509e-01,9.662833e-01,9.463390e-01,9.520718e-01,9.516996e-01,9.631405e-01,9.515621e-01,9.359959e-01,9.564360e-01,9.610998e-01,9.424860e-01,9.424975e-01,9.432867e-01,
8.748264e-01,8.781871e-01,8.784430e-01,8.511981e-01,8.384341e-01,8.236384e-01,7.975008e-01,8.230602e-01,8.281503e-01,8.555498e-01,8.906643e-01,9.125309e-01,9.171802e-01,8.946308e-01,8.739619e-01,8.738515e-01,8.786040e-01,8.744230e-01,8.741099e-01,8.683181e-01,8.664019e-01,8.661921e-01,8.665862e-01,8.551344e-01,
9.068339e-01,9.124879e-01,8.863725e-01,9.046459e-01,8.817589e-01,9.142635e-01,8.981056e-01,8.941896e-01,9.032579e-01,8.633088e-01,8.638400e-01,8.688283e-01,8.771071e-01,8.832881e-01,8.714427e-01,8.754331e-01,8.684481e-01,8.738317e-01,8.810360e-01,8.804997e-01,8.737719e-01,8.809056e-01,8.752446e-01,8.805472e-01,8.676916e-01,8.793948e-01,8.911815e-01,9.482963e-01,9.513270e-01,9.462264e-01,9.498708e-01,9.390641e-01,9.442449e-01,9.146465e-01,
6.880711e-01,6.914108e-01,6.809993e-01,6.816518e-01,7.019913e-01,6.922098e-01,7.001616e-01,7.027544e-01,7.310741e-01,7.760495e-01,7.813880e-01,7.667176e-01,7.672274e-01,7.662748e-01,7.572193e-01,7.675896e-01,7.440898e-01,7.431443e-01,7.240477e-01,7.181623e-01,7.214105e-01,
8.621271e-01,8.634931e-01,8.724114e-01,8.978335e-01,8.641868e-01,8.565881e-01,8.381667e-01,9.195725e-01,9.510657e-01,8.724684e-01,8.508451e-01,8.189823e-01,8.176760e-01,8.731998e-01,8.518779e-01,8.734989e-01,8.863452e-01,8.752009e-01,8.816640e-01,8.862926e-01,8.788542e-01,9.044281e-01,9.262236e-01,8.854280e-01,8.643352e-01,8.852893e-01,9.255893e-01,9.487106e-01,9.726816e-01,
7.762752e-01,7.622663e-01,7.189538e-01,7.158228e-01,6.907551e-01,7.049908e-01,6.972619e-01,7.381587e-01,7.637408e-01,7.946845e-01,8.233326e-01,8.236076e-01,8.231719e-01,8.139695e-01,7.995875e-01,8.003032e-01,7.811317e-01,7.865972e-01,7.722067e-01,7.571447e-01,7.619423e-01,7.575439e-01,7.176417e-01,
9.077363e-01,9.187756e-01,9.117926e-01,8.864738e-01,8.513297e-01,8.072736e-01,7.568046e-01,7.429802e-01,7.476849e-01,8.152052e-01,8.477876e-01,9.003518e-01,9.353074e-01,9.485716e-01,9.328905e-01,9.267231e-01,9.316843e-01,9.264601e-01,9.300407e-01,9.323291e-01,9.372998e-01,
8.433531e-01,8.218054e-01,8.389857e-01,9.107535e-01,9.155785e-01,9.364187e-01,9.616352e-01,9.014144e-01,8.847637e-01,8.706926e-01,9.213038e-01,9.331253e-01,9.284161e-01,8.896407e-01,9.046351e-01,8.730305e-01,8.723204e-01,8.646768e-01,8.422992e-01,
9.166417e-01,9.382504e-01,9.228339e-01,9.482458e-01,9.259425e-01,9.751194e-01,9.133726e-01,9.991356e-01,9.688903e-01,9.519751e-01,9.223835e-01,9.241462e-01,9.156719e-01,9.100549e-01,9.086841e-01,9.275058e-01,9.484677e-01,9.863955e-01,1.027506e+00,1.025584e+00,9.783526e-01,9.891838e-01,9.769204e-01,9.774806e-01,9.580675e-01,9.445375e-01,9.461075e-01,9.538464e-01,
7.237946e-01,7.285218e-01,7.106845e-01,7.240458e-01,7.282835e-01,7.317182e-01,7.149240e-01,6.848219e-01,6.577927e-01,6.403471e-01,6.284946e-01,6.320089e-01,6.625677e-01,6.845278e-01,7.292066e-01,7.476057e-01,7.621320e-01,7.608682e-01,7.560626e-01,7.427557e-01,7.471923e-01,7.432421e-01,7.475403e-01,7.289870e-01,
9.143869e-01,8.930592e-01,9.125968e-01,9.215175e-01,9.105824e-01,9.030665e-01,8.865840e-01,9.105495e-01,8.995869e-01,9.257990e-01,8.831705e-01,8.511795e-01,9.092148e-01,8.430927e-01,8.265629e-01,8.424473e-01,8.517070e-01,8.573592e-01,8.589881e-01,8.630961e-01,8.747914e-01,8.696225e-01,8.891252e-01,9.341729e-01,1.004851e+00,9.938434e-01,8.857378e-01,9.014105e-01,9.099282e-01,9.340013e-01,9.166022e-01,9.229413e-01,9.163945e-01,9.108710e-01,
7.160318e-01,7.204811e-01,7.206547e-01,7.112293e-01,6.822015e-01,6.891798e-01,7.158318e-01,7.451460e-01,7.722165e-01,7.715783e-01,7.667002e-01,7.712571e-01,7.528558e-01,7.533855e-01,7.518429e-01,7.433102e-01,7.574239e-01,7.304133e-01,7.291545e-01,7.339330e-01,7.402226e-01,7.432248e-01,7.440007e-01,7.400997e-01,7.337590e-01,
8.339798e-01,8.208457e-01,8.078948e-01,7.914321e-01,7.751825e-01,7.273325e-01,7.219414e-01,7.276073e-01,7.441080e-01,8.616308e-01,8.956857e-01,9.347815e-01,9.741080e-01,9.636075e-01,9.410790e-01,9.299470e-01,9.207951e-01,9.122514e-01,9.216796e-01,9.231031e-01,9.323611e-01,9.155033e-01,9.092160e-01,9.153495e-01,9.107283e-01,8.931025e-01,8.950011e-01,8.826573e-01,
7.031621e-01,7.097634e-01,7.102479e-01,6.704711e-01,6.422321e-01,6.418338e-01,6.425525e-01,6.507096e-01,6.695451e-01,6.852818e-01,7.310752e-01,7.625487e-01,7.809981e-01,7.997965e-01,7.764268e-01,7.674690e-01,7.619591e-01,7.567878e-01,7.471318e-01,7.267767e-01,7.382466e-01,6.990324e-01,
7.866684e-01,7.798573e-01,7.852501e-01,7.597907e-01,7.549929e-01,7.452979e-01,7.506581e-01,7.484535e-01,7.590611e-01,7.810164e-01,8.403359e-01,8.147715e-01,8.093410e-01,8.034062e-01,7.911488e-01,7.926552e-01,7.853300e-01,7.911125e-01,8.030510e-01,8.296793e-01,8.352674e-01,8.313607e-01,8.255630e-01,8.256556e-01,
8.466246e-01,8.430899e-01,8.392924e-01,8.061358e-01,7.743742e-01,7.541380e-01,7.587902e-01,7.618371e-01,7.740200e-01,7.740110e-01,7.981617e-01,7.947112e-01,8.055848e-01,7.938191e-01,8.017661e-01,7.811644e-01,7.614950e-01,7.374586e-01,7.826897e-01,7.946095e-01,8.562378e-01,9.176830e-01,9.420890e-01,9.529646e-01,9.483149e-01,9.097098e-01,8.765411e-01,8.365651e-01,8.115889e-01,8.105873e-01,7.983249e-01,7.939286e-01,
8.140137e-01,8.227589e-01,7.905186e-01,7.640706e-01,7.688839e-01,7.603524e-01,7.776302e-01,7.945001e-01,8.255517e-01,8.521797e-01,8.712771e-01,8.928036e-01,9.136790e-01,8.824157e-01,8.531244e-01,8.125240e-01,7.943809e-01,7.815216e-01,7.856309e-01,8.128102e-01,8.253096e-01,8.591530e-01,8.646911e-01,8.628246e-01,8.357539e-01,8.090481e-01,8.041567e-01,7.986989e-01,7.855199e-01,7.761378e-01,7.851633e-01,7.955191e-01,7.855545e-01,8.036459e-01,8.123159e-01,7.944070e-01,7.898254e-01,7.945068e-01,7.987794e-01,
8.188914e-01,8.230842e-01,8.223702e-01,8.301951e-01,8.079985e-01,7.640288e-01,7.527437e-01,7.240403e-01,7.455996e-01,7.730986e-01,8.075238e-01,8.415092e-01,8.645868e-01,8.924361e-01,9.030913e-01,8.836240e-01,8.652877e-01,8.477955e-01,8.324841e-01,7.989542e-01,7.860950e-01,8.030922e-01,8.238652e-01,8.281947e-01,8.645248e-01,8.745952e-01,8.709455e-01,8.618366e-01,8.366208e-01,8.450198e-01,8.308234e-01,8.309745e-01,8.321031e-01,8.175454e-01,8.170552e-01,8.333309e-01,8.278094e-01,7.994850e-01,7.853372e-01,
9.031740e-01,8.964776e-01,8.645253e-01,8.408523e-01,8.261108e-01,8.002865e-01,8.233188e-01,8.366591e-01,8.559905e-01,8.655348e-01,9.013947e-01,9.554211e-01,9.870693e-01,1.018295e+00,1.032889e+00,1.034124e+00,1.006617e+00,9.574411e-01,9.503779e-01,9.455081e-01,9.694411e-01,9.539925e-01,9.427980e-01,9.218087e-01,9.036704e-01,
8.644000e-01,8.597258e-01,8.505322e-01,8.428271e-01,8.137898e-01,8.000351e-01,8.001217e-01,7.948227e-01,8.407095e-01,8.650887e-01,9.036166e-01,9.194856e-01,9.327413e-01,9.501168e-01,9.872402e-01,1.025020e+00,1.022020e+00,1.001768e+00,9.984649e-01,9.922670e-01,9.931181e-01,9.865358e-01,9.778278e-01,9.692384e-01,9.531924e-01,9.488859e-01,9.316807e-01,9.419680e-01,9.405591e-01,9.350113e-01,9.274864e-01,
8.095624e-01,8.230189e-01,8.231406e-01,8.124682e-01,7.905293e-01,7.688316e-01,7.646744e-01,7.650222e-01,7.939311e-01,8.157339e-01,8.573280e-01,8.720236e-01,8.628992e-01,8.677369e-01,8.402650e-01,8.029493e-01,7.818014e-01,7.857222e-01,8.069746e-01,8.219964e-01,8.395901e-01,8.409782e-01,8.401958e-01,8.308205e-01,8.170093e-01,8.002396e-01,7.956342e-01,8.169867e-01,8.252604e-01,8.212464e-01,8.309622e-01,8.176680e-01,8.125848e-01,7.998228e-01,8.088210e-01,8.090656e-01,8.228472e-01,
9.188218e-01,9.022909e-01,8.759360e-01,8.858480e-01,8.515864e-01,8.504304e-01,8.187461e-01,8.189605e-01,8.416475e-01,8.680336e-01,9.174658e-01,9.345963e-01,9.834554e-01,1.000456e+00,9.808542e-01,9.612983e-01,9.572917e-01,9.419947e-01,9.364977e-01,9.402744e-01,9.622342e-01,9.666499e-01,9.536101e-01,9.593837e-01,9.423957e-01,9.513087e-01,
8.645355e-01,8.407398e-01,8.347913e-01,8.225272e-01,8.045901e-01,7.959367e-01,8.131981e-01,8.268024e-01,8.415692e-01,8.848462e-01,9.219761e-01,9.568689e-01,1.004396e+00,1.008557e+00,9.833944e-01,9.595797e-01,9.298754e-01,9.287765e-01,9.193856e-01,8.990639e-01,8.977157e-01,8.838081e-01,8.791052e-01,8.769729e-01,8.809931e-01,
7.970334e-01,8.087109e-01,8.032559e-01,7.956663e-01,7.859669e-01,7.858191e-01,8.025176e-01,8.084143e-01,7.919278e-01,8.465170e-01,8.481867e-01,8.499851e-01,8.441448e-01,8.321086e-01,8.397840e-01,8.393437e-01,8.458317e-01,8.860094e-01,8.718127e-01,8.776534e-01,8.652537e-01,
7.979245e-01,7.967093e-01,7.966852e-01,7.856694e-01,7.860493e-01,7.696363e-01,7.696502e-01,7.587050e-01,7.597337e-01,7.482853e-01,7.795345e-01,7.980334e-01,8.503499e-01,8.560808e-01,8.406568e-01,8.346998e-01,8.338048e-01,8.614143e-01,8.455473e-01,8.688994e-01,8.525541e-01,8.459122e-01,
6.789251e-01,6.953187e-01,7.079483e-01,7.163168e-01,7.166223e-01,6.747302e-01,6.558016e-01,6.354761e-01,6.381176e-01,6.444383e-01,6.846086e-01,7.133602e-01,7.594262e-01,7.716313e-01,7.669725e-01,7.492350e-01,7.433987e-01,7.529481e-01,7.469658e-01,7.346585e-01,7.253041e-01,7.248097e-01,7.334127e-01,7.153713e-01,7.204870e-01,
7.662118e-01,7.818778e-01,7.954254e-01,7.944475e-01,7.812181e-01,7.765595e-01,7.731526e-01,7.519245e-01,7.601739e-01,7.900151e-01,7.910075e-01,8.162627e-01,8.581287e-01,8.681234e-01,8.597893e-01,8.546706e-01,8.306445e-01,8.033337e-01,7.905933e-01,7.990627e-01,8.033946e-01,8.077551e-01,8.532820e-01,8.466946e-01,8.559651e-01,8.490913e-01,7.992184e-01,7.937024e-01,7.633434e-01,7.726369e-01,7.542346e-01,7.988822e-01,8.096043e-01,8.086978e-01,8.191297e-01,8.227157e-01,8.134362e-01,8.175130e-01,
7.859963e-01,7.524527e-01,7.427086e-01,6.948065e-01,7.325777e-01,7.388800e-01,7.741563e-01,7.737096e-01,7.806659e-01,7.481008e-01,7.012799e-01,6.789225e-01,6.731876e-01,6.816620e-01,7.036142e-01,7.290093e-01,7.183377e-01,7.284195e-01,7.280701e-01,7.386329e-01,7.212372e-01,7.268984e-01,
6.443073e-01,6.484838e-01,6.481255e-01,6.489948e-01,6.586185e-01,6.541765e-01,6.747488e-01,6.152247e-01,6.098353e-01,6.104083e-01,6.092969e-01,6.476439e-01,6.644698e-01,7.149599e-01,7.350480e-01,7.582794e-01,7.492111e-01,7.237800e-01,7.175716e-01,7.037343e-01,7.187057e-01,6.928012e-01,6.786839e-01,6.692592e-01,6.621687e-01,6.537383e-01,6.593189e-01,6.539580e-01,6.587583e-01,
7.315044e-01,7.054421e-01,7.175837e-01,6.881777e-01,7.707188e-01,8.071681e-01,8.489270e-01,8.522884e-01,8.137469e-01,7.976968e-01,8.082627e-01,8.093768e-01,8.185465e-01,8.145201e-01,8.308849e-01,8.139942e-01,8.263215e-01,8.206494e-01,7.980766e-01,8.033161e-01,8.207582e-01,8.152007e-01,8.038246e-01,
8.724771e-01,8.731560e-01,8.776079e-01,8.980799e-01,8.794670e-01,9.006134e-01,9.371440e-01,9.863557e-01,1.036972e+00,1.179369e+00,1.194760e+00,1.149103e+00,1.103788e+00,1.073830e+00,1.027641e+00,1.016249e+00,1.020547e+00,1.019940e+00,1.038430e+00,1.021816e+00,1.014001e+00,1.004625e+00,1.011120e+00,1.019307e+00,1.012054e+00,1.001514e+00,9.835913e-01,9.485080e-01,9.325632e-01,9.040674e-01,
7.858613e-01,7.755539e-01,8.021736e-01,8.079557e-01,8.133160e-01,8.190035e-01,8.190133e-01,7.923033e-01,8.244247e-01,8.181921e-01,8.304664e-01,8.369439e-01,8.441716e-01,8.431674e-01,8.547128e-01,8.434283e-01,8.381938e-01,8.313548e-01,8.488476e-01,8.251547e-01,8.476130e-01,8.185352e-01,8.149476e-01,8.096728e-01,7.799688e-01,7.744341e-01,
8.041186e-01,8.044015e-01,7.856818e-01,7.978336e-01,7.808560e-01,7.914136e-01,7.958285e-01,7.805465e-01,8.157297e-01,8.259256e-01,8.205255e-01,8.208020e-01,7.978426e-01,8.207660e-01,8.430051e-01,8.265871e-01,8.608751e-01,8.785946e-01,8.793485e-01,8.843383e-01,
9.108845e-01,9.240136e-01,9.521222e-01,9.888169e-01,1.021463e+00,1.045082e+00,9.945389e-01,9.803469e-01,9.785334e-01,9.402047e-01,8.766775e-01,8.480591e-01,8.507435e-01,8.759847e-01,8.716276e-01,8.726005e-01,8.538503e-01,8.916557e-01,8.786495e-01,8.792937e-01,9.089171e-01,8.638459e-01,8.640730e-01,8.646496e-01,8.731428e-01,8.764753e-01,8.728917e-01,
9.025295e-01,8.910181e-01,8.934715e-01,8.756948e-01,8.636809e-01,8.699178e-01,8.242761e-01,8.709076e-01,8.566663e-01,8.590528e-01,8.586303e-01,8.815166e-01,8.900609e-01,8.865926e-01,8.858242e-01,8.842207e-01,8.696135e-01,8.765413e-01,8.868588e-01,8.971190e-01,8.966627e-01,9.193910e-01,9.198158e-01,9.442239e-01,9.486010e-01,9.372127e-01,9.296382e-01,9.117728e-01,
7.076072e-01,7.069559e-01,7.123009e-01,6.841397e-01,6.875978e-01,6.828717e-01,6.839232e-01,6.883584e-01,6.745088e-01,6.745074e-01,6.830873e-01,6.844870e-01,6.845099e-01,6.376833e-01,6.267163e-01,6.243207e-01,6.170551e-01,6.594457e-01,6.877187e-01,7.168722e-01,7.402704e-01,7.565557e-01,7.531792e-01,7.564920e-01,7.529026e-01,7.423401e-01,7.475047e-01,7.296388e-01,7.395002e-01,7.387228e-01,7.478240e-01,7.203847e-01,7.340012e-01,7.254869e-01,7.208909e-01,
7.755694e-01,7.962184e-01,7.588018e-01,7.698014e-01,7.404397e-01,7.404394e-01,7.400738e-01,7.553473e-01,7.806129e-01,8.022345e-01,8.144119e-01,8.086609e-01,8.088557e-01,7.923794e-01,7.794576e-01,8.014092e-01,7.753352e-01,8.019557e-01,7.800396e-01,7.810460e-01,7.750170e-01,7.867556e-01,7.809860e-01,7.810200e-01,7.805141e-01,
9.346776e-01,9.471269e-01,9.514678e-01,9.731174e-01,1.002900e+00,9.871864e-01,9.899329e-01,9.653125e-01,9.575598e-01,9.584670e-01,1.031655e+00,9.844634e-01,1.004187e+00,9.666561e-01,9.618581e-01,9.629309e-01,9.644876e-01,9.684134e-01,9.729927e-01,9.748496e-01,9.876241e-01,9.692240e-01,9.518343e-01,9.583067e-01,9.750906e-01,9.573142e-01,9.919561e-01,9.767705e-01,9.797287e-01,
9.096956e-01,8.951122e-01,8.879088e-01,8.768461e-01,8.576939e-01,8.137152e-01,7.802976e-01,7.977310e-01,7.794933e-01,7.685230e-01,8.101518e-01,7.962850e-01,7.668495e-01,7.565907e-01,7.610459e-01,7.713827e-01,7.569876e-01,7.613383e-01,7.659945e-01,7.663242e-01,7.710356e-01,7.669849e-01,7.809680e-01,7.718112e-01,8.566486e-01,9.701583e-01,1.046192e+00,1.030136e+00,1.035561e+00,1.020163e+00,1.001467e+00,9.902042e-01,9.745253e-01,
7.071106e-01,7.019315e-01,6.990996e-01,7.168601e-01,7.864838e-01,7.680016e-01,7.983736e-01,8.169093e-01,8.141618e-01,7.979718e-01,7.800403e-01,8.083757e-01,7.927761e-01,7.873096e-01,7.627913e-01,7.629873e-01,7.762950e-01,7.595416e-01,7.451383e-01,7.292814e-01,6.991490e-01,6.900512e-01,7.033774e-01,7.191021e-01,6.934186e-01,
9.577430e-01,9.670080e-01,9.568794e-01,9.707432e-01,9.513432e-01,9.453297e-01,8.993040e-01,8.505542e-01,8.620651e-01,8.427392e-01,8.701093e-01,8.694729e-01,8.684253e-01,8.855022e-01,8.902823e-01,8.933268e-01,8.626795e-01,8.605286e-01,8.602770e-01,8.864634e-01,8.801711e-01,8.904993e-01,9.047914e-01,9.025863e-01,9.210045e-01,9.191044e-01,9.456595e-01,9.302284e-01,9.391553e-01,9.376107e-01,9.480551e-01,
7.693456e-01,8.188875e-01,8.076606e-01,7.972557e-01,8.086650e-01,8.292325e-01,8.453231e-01,8.402244e-01,8.350996e-01,8.508947e-01,8.630354e-01,8.703699e-01,8.711897e-01,8.748174e-01,8.522118e-01,8.410903e-01,8.185350e-01,8.031390e-01,7.914019e-01,7.584072e-01,7.587153e-01,7.568873e-01,7.527416e-01,7.409689e-01,
6.854022e-01,6.739416e-01,6.764097e-01,6.558074e-01,6.379151e-01,6.329908e-01,6.429802e-01,6.348743e-01,6.411526e-01,6.764375e-01,6.749932e-01,7.169930e-01,7.125188e-01,7.168317e-01,7.134057e-01,7.034119e-01,7.035017e-01,6.860917e-01,6.941877e-01,6.685158e-01,6.661643e-01,6.716995e-01,6.799174e-01,6.866227e-01,6.899714e-01,
8.063645e-01,8.125515e-01,7.913438e-01,8.132908e-01,8.213674e-01,8.354647e-01,8.174627e-01,8.377754e-01,8.381990e-01,8.267551e-01,8.460472e-01,8.595393e-01,9.073726e-01,9.143055e-01,9.312924e-01,9.481144e-01,9.447009e-01,9.224679e-01,9.312358e-01,9.275759e-01,9.414393e-01,9.408903e-01,9.212333e-01,9.197407e-01,9.162871e-01,9.185237e-01,9.434067e-01,9.216957e-01,9.121428e-01,8.940884e-01,8.848003e-01,
8.730483e-01,8.680818e-01,8.840749e-01,8.591913e-01,8.433520e-01,8.321196e-01,8.501961e-01,8.093371e-01,7.815769e-01,7.765340e-01,7.755956e-01,8.264126e-01,8.786997e-01,9.166565e-01,9.504213e-01,9.735744e-01,9.508656e-01,9.385716e-01,9.397075e-01,9.236031e-01,9.133681e-01,9.129733e-01,9.091123e-01,9.135382e-01,9.343561e-01,9.220338e-01,9.207333e-01,9.325500e-01,9.112483e-01,9.055375e-01,9.180661e-01,
8.766005e-01,8.543372e-01,8.645509e-01,8.482070e-01,8.099748e-01,7.964129e-01,7.808750e-01,7.767619e-01,7.670128e-01,8.057890e-01,8.199365e-01,8.741239e-01,9.294219e-01,9.960245e-01,1.028941e+00,1.035545e+00,1.012876e+00,9.956488e-01,1.007638e+00,9.948347e-01,9.972081e-01,9.681768e-01,9.675584e-01,9.546954e-01,9.272670e-01,9.052948e-01,9.007018e-01,8.764297e-01,8.761657e-01,8.555507e-01,
8.412110e-01,8.560304e-01,8.783857e-01,8.768718e-01,8.868796e-01,8.622433e-01,8.340186e-01,7.936965e-01,8.026060e-01,8.109183e-01,8.478479e-01,8.966774e-01,9.308606e-01,9.511699e-01,9.219277e-01,8.981972e-01,8.504290e-01,8.317508e-01,8.285725e-01,8.619711e-01,8.737913e-01,8.965794e-01,9.123905e-01,9.090921e-01,8.801640e-01,8.291881e-01,8.025686e-01,7.856646e-01,7.860550e-01,8.072751e-01,8.033272e-01,7.991591e-01,7.861829e-01,
8.185249e-01,8.128680e-01,7.852539e-01,7.692159e-01,7.595940e-01,7.470381e-01,7.678500e-01,7.980080e-01,8.165872e-01,8.530235e-01,8.618960e-01,8.611135e-01,8.435118e-01,8.439465e-01,8.026513e-01,7.827609e-01,7.685226e-01,7.947428e-01,8.079429e-01,8.334234e-01,8.523012e-01,8.516490e-01,8.485196e-01,8.434907e-01,8.228885e-01,8.226257e-01,8.271821e-01,8.087010e-01,8.139814e-01,8.223728e-01,8.235098e-01,7.999494e-01,
7.817940e-01,7.724031e-01,7.730644e-01,7.635266e-01,7.430061e-01,7.371438e-01,7.387714e-01,7.539702e-01,7.946449e-01,8.370937e-01,8.518093e-01,8.787542e-01,9.100609e-01,9.012330e-01,8.770149e-01,8.465521e-01,8.201986e-01,7.854959e-01,7.934836e-01,8.069504e-01,8.399393e-01,8.622301e-01,8.765146e-01,8.789394e-01,8.592450e-01,8.458098e-01,8.277321e-01,8.316272e-01,8.137195e-01,8.010496e-01,8.044035e-01,
7.714630e-01,7.809761e-01,7.775635e-01,7.818481e-01,7.778046e-01,7.693433e-01,7.857102e-01,8.103346e-01,8.285006e-01,8.740628e-01,9.018244e-01,9.160563e-01,9.187424e-01,8.996084e-01,8.850781e-01,8.612657e-01,8.573232e-01,8.702774e-01,8.917382e-01,9.249125e-01,9.215534e-01,9.159796e-01,9.045821e-01,9.016932e-01,8.787799e-01,8.636122e-01,8.637124e-01,8.661467e-01,8.743295e-01,8.980770e-01,9.081993e-01,9.124367e-01,8.985041e-01,8.658509e-01,8.624350e-01,8.379549e-01,8.325930e-01,8.374611e-01,8.322654e-01,8.369852e-01,8.235672e-01,7.994509e-01,
7.855031e-01,7.956916e-01,7.765023e-01,7.419225e-01,7.332808e-01,7.366294e-01,7.281799e-01,7.289838e-01,7.477525e-01,7.423216e-01,7.527590e-01,7.751412e-01,7.644849e-01,7.535189e-01,7.534534e-01,7.585130e-01,7.477831e-01,7.589054e-01,7.808061e-01,7.688416e-01,7.641923e-01,7.749768e-01,7.702256e-01,7.588211e-01,7.576915e-01,7.569485e-01,
8.491728e-01,8.545329e-01,8.543926e-01,8.442965e-01,8.385336e-01,8.193700e-01,8.270267e-01,8.094290e-01,7.999597e-01,8.098882e-01,8.144073e-01,8.381690e-01,8.512329e-01,8.734173e-01,8.861815e-01,8.926924e-01,9.133236e-01,9.437495e-01,9.489753e-01,9.778454e-01,9.817131e-01,9.713841e-01,9.590147e-01,9.630597e-01,9.606411e-01,9.523118e-01,9.524424e-01,9.454375e-01,9.322566e-01,9.484612e-01,9.367281e-01,9.313898e-01,
7.592680e-01,7.753959e-01,8.073817e-01,7.906249e-01,7.913262e-01,7.972476e-01,7.706761e-01,7.968239e-01,8.132601e-01,8.528611e-01,8.424526e-01,8.192995e-01,8.245901e-01,8.023650e-01,7.910627e-01,8.131204e-01,8.195167e-01,8.244123e-01,8.242859e-01,8.303839e-01,8.348475e-01,8.306224e-01,8.135081e-01,7.802777e-01,7.799209e-01,
8.566106e-01,8.721510e-01,8.623255e-01,8.527293e-01,8.273467e-01,8.136951e-01,8.083603e-01,8.137105e-01,8.149470e-01,8.230719e-01,8.437249e-01,8.730701e-01,9.179212e-01,9.503548e-01,9.658448e-01,9.583921e-01,9.360722e-01,9.354277e-01,9.302536e-01,9.442223e-01,9.470490e-01,9.873739e-01,9.927215e-01,9.888926e-01,9.902874e-01,9.810804e-01,
8.515497e-01,8.607370e-01,8.490489e-01,8.403872e-01,8.030004e-01,7.854272e-01,7.931924e-01,8.090307e-01,8.297172e-01,8.890862e-01,9.271739e-01,9.350310e-01,9.158158e-01,9.052880e-01,8.725243e-01,8.487701e-01,8.593962e-01,8.555273e-01,8.876184e-01,9.112175e-01,9.127411e-01,9.036822e-01,8.896142e-01,8.624519e-01,8.554053e-01,8.313902e-01,8.219607e-01,7.858002e-01,
7.730811e-01,7.773526e-01,7.906937e-01,7.811326e-01,7.720341e-01,7.692915e-01,7.946470e-01,7.941278e-01,8.386109e-01,8.299711e-01,8.356745e-01,8.079820e-01,7.779616e-01,7.698735e-01,7.559260e-01,7.564981e-01,7.770900e-01,7.943493e-01,8.031206e-01,8.216267e-01,8.260976e-01,8.399868e-01,8.391686e-01,8.216911e-01,7.953932e-01,7.728326e-01,7.639222e-01,7.731886e-01,7.864249e-01,7.897151e-01,7.898984e-01,7.901685e-01,7.990314e-01,7.994996e-01,7.947299e-01,
9.632878e-01,9.856585e-01,9.883509e-01,9.984245e-01,1.036410e+00,1.053019e+00,1.058520e+00,1.067134e+00,1.084349e+00,1.132592e+00,1.168130e+00,1.201388e+00,1.222065e+00,1.256000e+00,1.224803e+00,1.196896e+00,1.180539e+00,1.143651e+00,1.087912e+00,1.055132e+00,1.043968e+00,1.035482e+00,1.011381e+00,9.886279e-01,9.334285e-01,8.959236e-01,8.594901e-01,8.404210e-01,
9.629089e-01,9.685653e-01,9.692039e-01,9.767324e-01,9.955590e-01,9.321870e-01,9.401243e-01,8.875151e-01,8.987608e-01,8.867014e-01,9.299313e-01,9.832038e-01,9.759877e-01,9.195837e-01,9.276273e-01,9.397119e-01,9.454935e-01,9.283621e-01,9.604357e-01,9.751116e-01,9.366730e-01,9.381912e-01,9.720301e-01,1.013182e+00,1.023470e+00,1.002827e+00,9.590234e-01,9.748986e-01,9.535382e-01,9.789732e-01,9.652961e-01,9.462543e-01,9.544503e-01,9.561390e-01,9.502959e-01,
8.699458e-01,8.592662e-01,8.398633e-01,8.169909e-01,7.979939e-01,7.973722e-01,8.043907e-01,7.931343e-01,8.412756e-01,7.922065e-01,7.453344e-01,7.490550e-01,7.512226e-01,7.559365e-01,7.513857e-01,7.381975e-01,7.383037e-01,7.390122e-01,7.186089e-01,7.131864e-01,7.368332e-01,7.063577e-01,7.137405e-01,7.332595e-01,7.495428e-01,7.979204e-01,8.554261e-01,9.289669e-01,9.709029e-01,9.794869e-01,9.666736e-01,9.514499e-01,9.330556e-01,
8.723906e-01,8.898739e-01,9.079830e-01,9.218747e-01,9.316554e-01,9.824231e-01,9.935509e-01,1.015749e+00,1.010153e+00,1.038525e+00,1.034461e+00,1.027719e+00,1.013099e+00,1.019993e+00,9.780561e-01,9.777958e-01,9.655600e-01,9.564615e-01,9.730334e-01,9.639411e-01,9.409144e-01,9.284890e-01,9.110944e-01,8.908789e-01,8.581868e-01,8.508223e-01,8.344139e-01,
7.070706e-01,7.076403e-01,7.086235e-01,7.207214e-01,7.283861e-01,7.234313e-01,7.198058e-01,7.246057e-01,7.294586e-01,7.333407e-01,7.285448e-01,7.420373e-01,7.377632e-01,7.381216e-01,7.432188e-01,7.325593e-01,7.374822e-01,
9.028537e-01,8.839130e-01,8.661297e-01,8.665265e-01,8.921621e-01,8.571236e-01,8.722450e-01,8.873926e-01,9.133548e-01,9.187639e-01,9.363052e-01,9.721364e-01,1.030555e+00,1.003947e+00,1.023148e+00,9.769115e-01,9.655719e-01,1.002982e+00,1.009987e+00,1.016217e+00,1.009049e+00,9.550030e-01,1.010798e+00,1.035748e+00,1.012705e+00,9.705978e-01,9.578626e-01,9.191462e-01,9.307761e-01,8.948970e-01,8.384910e-01,8.121930e-01,8.067308e-01,8.122150e-01,8.125948e-01,
6.979238e-01,7.030897e-01,7.078868e-01,7.290582e-01,7.135079e-01,7.285492e-01,7.027324e-01,7.014694e-01,7.024163e-01,7.084154e-01,7.100638e-01,6.899274e-01,6.871585e-01,7.051982e-01,6.994956e-01,7.194554e-01,7.045516e-01,6.848048e-01,7.028017e-01,6.752408e-01,6.918494e-01,
7.332628e-01,7.288845e-01,7.418725e-01,7.083258e-01,7.076831e-01,7.080919e-01,6.759893e-01,6.831709e-01,6.933810e-01,6.790844e-01,7.142205e-01,6.984504e-01,7.054663e-01,7.096579e-01,7.188396e-01,7.147480e-01,6.903136e-01,7.101049e-01,7.160344e-01,7.152547e-01,
7.241808e-01,7.235775e-01,7.192109e-01,7.238742e-01,7.283143e-01,7.194818e-01,7.122325e-01,7.171561e-01,7.008758e-01,6.835642e-01,7.105466e-01,7.054446e-01,7.140290e-01,7.125775e-01,7.278211e-01,7.327351e-01,7.285940e-01,7.172973e-01,7.229592e-01,
9.133723e-01,9.351627e-01,9.339736e-01,9.816698e-01,1.017769e+00,1.036935e+00,1.047260e+00,1.088989e+00,1.096743e+00,1.222403e+00,1.208684e+00,1.234911e+00,1.201070e+00,1.198360e+00,1.122705e+00,1.068133e+00,1.044654e+00,1.023747e+00,1.004346e+00,9.929499e-01,9.839243e-01,9.364855e-01,9.049625e-01,
9.149882e-01,9.169421e-01,9.296687e-01,9.561570e-01,9.713207e-01,9.877684e-01,9.646779e-01,9.948382e-01,9.905232e-01,1.001962e+00,1.020439e+00,1.041355e+00,1.015647e+00,9.857942e-01,1.031221e+00,9.712871e-01,9.434016e-01,9.602379e-01,9.513046e-01,9.458681e-01,9.344113e-01,9.119211e-01,8.957987e-01,8.796415e-01,8.558626e-01,8.652185e-01,8.648217e-01,8.648046e-01,8.750373e-01,8.750723e-01,8.762341e-01,8.807682e-01,8.818300e-01,8.809234e-01,
8.925002e-01,8.882443e-01,8.900173e-01,8.965366e-01,9.344426e-01,9.026240e-01,8.865964e-01,9.301125e-01,9.559022e-01,9.805989e-01,1.008375e+00,1.015206e+00,1.003906e+00,9.489645e-01,9.227540e-01,9.243664e-01,9.243498e-01,9.358058e-01,9.431855e-01,9.446830e-01,9.391556e-01,9.344862e-01,9.387596e-01,9.438016e-01,9.497095e-01,9.565910e-01,9.591779e-01,9.470209e-01,9.844815e-01,1.022379e+00,1.067629e+00,1.031687e+00,9.978509e-01,1.001859e+00,1.036376e+00,1.006914e+00,1.019380e+00,1.018845e+00,1.001158e+00,9.944386e-01,9.875778e-01,9.923202e-01,9.877924e-01,
8.026218e-01,8.088028e-01,8.307821e-01,8.193947e-01,8.398014e-01,8.456638e-01,8.836924e-01,8.903238e-01,8.843902e-01,9.098737e-01,9.379591e-01,9.556868e-01,9.477599e-01,9.314711e-01,9.168904e-01,8.822298e-01,8.764049e-01,8.530023e-01,8.575581e-01,8.402553e-01,8.643654e-01,8.815385e-01,8.948408e-01,9.016846e-01,8.594316e-01,8.474603e-01,8.295619e-01,8.074765e-01,
6.637650e-01,6.887883e-01,6.885711e-01,6.815513e-01,6.907841e-01,6.894653e-01,7.144992e-01,7.128209e-01,7.085677e-01,6.821912e-01,7.091916e-01,7.046467e-01,6.990992e-01,7.021422e-01,7.032076e-01,7.073056e-01,7.297445e-01,7.255391e-01,7.219054e-01,7.325415e-01,7.031134e-01,7.177125e-01,7.318267e-01,7.259115e-01,7.379991e-01,7.270530e-01,7.275154e-01,
8.622123e-01,8.827497e-01,8.772357e-01,8.792911e-01,9.102382e-01,9.152917e-01,9.097277e-01,8.951464e-01,8.887684e-01,8.424064e-01,8.448916e-01,8.066901e-01,8.130806e-01,8.278083e-01,8.290886e-01,8.240570e-01,8.277608e-01,8.125142e-01,8.271729e-01,8.519709e-01,8.978774e-01,9.362553e-01,9.797878e-01,
8.432919e-01,8.496115e-01,8.494611e-01,8.548280e-01,8.252411e-01,8.202075e-01,8.235283e-01,8.198040e-01,8.136418e-01,8.005501e-01,7.710957e-01,7.714671e-01,7.756976e-01,7.711411e-01,7.709215e-01,7.710016e-01,7.616932e-01,7.723562e-01,7.911788e-01,8.008125e-01,7.998804e-01,8.047148e-01,8.097032e-01,
8.717588e-01,8.691438e-01,8.739279e-01,8.877171e-01,8.983770e-01,8.739567e-01,8.632419e-01,8.650259e-01,8.442165e-01,8.300733e-01,8.044809e-01,8.149717e-01,8.098027e-01,7.999340e-01,8.058611e-01,8.107499e-01,8.150761e-01,8.206679e-01,7.906979e-01,8.256359e-01,8.473256e-01,8.786373e-01,9.306685e-01,9.886332e-01,1.044780e+00,1.038693e+00,
7.915379e-01,7.627668e-01,7.509585e-01,7.138302e-01,7.027519e-01,6.967605e-01,6.903452e-01,6.658710e-01,6.522649e-01,6.376992e-01,6.437417e-01,6.444616e-01,6.531136e-01,6.516131e-01,6.583835e-01,6.531094e-01,6.400657e-01,6.537780e-01,6.543864e-01,6.673859e-01,6.864240e-01,7.407311e-01,7.850810e-01,8.478365e-01,8.516724e-01,8.674375e-01,8.641118e-01,8.581554e-01,
8.034082e-01,7.857165e-01,7.807935e-01,7.711419e-01,7.861205e-01,7.666585e-01,7.577266e-01,7.659186e-01,7.621576e-01,7.519401e-01,7.566302e-01,7.622728e-01,7.756557e-01,7.714702e-01,7.856353e-01,7.752796e-01,7.865181e-01,7.903624e-01,8.108646e-01,8.250245e-01,8.202878e-01,8.147073e-01,8.146936e-01,8.112923e-01,8.189376e-01,8.085382e-01,
6.430283e-01,6.430780e-01,6.514465e-01,6.513482e-01,6.558548e-01,6.758465e-01,6.648406e-01,6.706108e-01,6.821338e-01,6.498028e-01,6.539602e-01,6.675766e-01,6.903036e-01,6.956877e-01,6.900807e-01,6.717728e-01,6.753643e-01,6.967582e-01,6.967348e-01,6.878834e-01,6.967839e-01,
7.954686e-01,7.904445e-01,7.901363e-01,7.811842e-01,7.819927e-01,7.852241e-01,8.101252e-01,7.958567e-01,8.002089e-01,7.961367e-01,7.993778e-01,7.948644e-01,7.999103e-01,7.864497e-01,7.998506e-01,8.003995e-01,7.953199e-01,7.958714e-01,7.899600e-01,8.134844e-01,8.240171e-01,8.233943e-01,8.271912e-01,8.425089e-01,8.323576e-01,8.321071e-01,8.131802e-01,
8.899556e-01,8.968090e-01,8.962622e-01,9.027009e-01,8.971124e-01,8.990834e-01,8.775169e-01,8.660589e-01,8.726912e-01,8.699099e-01,8.598776e-01,8.494968e-01,8.648932e-01,8.701503e-01,8.699866e-01,8.719776e-01,8.653868e-01,8.610731e-01,8.586879e-01,8.928368e-01,9.119352e-01,9.396093e-01,9.653375e-01,
7.638986e-01,7.630196e-01,7.453009e-01,7.582895e-01,7.676967e-01,7.445477e-01,7.022572e-01,6.889356e-01,6.700124e-01,6.499894e-01,6.544598e-01,6.536249e-01,6.524040e-01,6.544983e-01,6.620432e-01,6.620466e-01,6.613131e-01,6.623638e-01,7.071459e-01,7.500566e-01,8.088272e-01,8.282709e-01,8.662970e-01,8.440780e-01,8.465856e-01,8.087840e-01,7.914042e-01,
9.083915e-01,8.935028e-01,9.050927e-01,9.170139e-01,9.341077e-01,9.162370e-01,9.075717e-01,9.105880e-01,8.984701e-01,8.866048e-01,8.384163e-01,8.135943e-01,7.947213e-01,8.033906e-01,7.987651e-01,8.176814e-01,8.175170e-01,8.223943e-01,8.098119e-01,8.216019e-01,8.134437e-01,8.316738e-01,8.300786e-01,8.169758e-01,8.172092e-01,7.962629e-01,7.801115e-01,8.015807e-01,
8.334529e-01,7.979744e-01,7.859558e-01,7.564632e-01,7.312555e-01,7.275230e-01,7.322463e-01,7.369467e-01,7.474381e-01,7.298051e-01,7.111742e-01,7.107778e-01,7.042207e-01,7.043700e-01,6.930184e-01,6.988871e-01,7.235840e-01,7.489163e-01,8.047081e-01,8.403061e-01,8.464058e-01,8.672232e-01,8.491078e-01,
7.573189e-01,7.565195e-01,7.457729e-01,7.621891e-01,7.718210e-01,7.553777e-01,7.451174e-01,7.396315e-01,7.668809e-01,7.345964e-01,7.454567e-01,7.613863e-01,7.766172e-01,7.657942e-01,7.706991e-01,7.461080e-01,7.621338e-01,7.665299e-01,
7.236576e-01,6.898786e-01,7.192709e-01,7.057493e-01,7.103630e-01,6.880386e-01,7.035354e-01,7.089895e-01,6.971109e-01,6.940453e-01,7.051498e-01,7.381642e-01,7.236770e-01,7.339166e-01,7.087702e-01,7.128718e-01,7.286876e-01,
7.968879e-01,7.745429e-01,7.507817e-01,7.075931e-01,7.014523e-01,6.901417e-01,6.994680e-01,6.877293e-01,6.580902e-01,6.666027e-01,6.646643e-01,6.546978e-01,6.786850e-01,6.757377e-01,6.813344e-01,6.867403e-01,6.895369e-01,6.816238e-01,7.126755e-01,6.948764e-01,7.005154e-01,7.797552e-01,8.162756e-01,8.345905e-01,8.350118e-01,8.466496e-01,8.571614e-01,
8.439951e-01,8.508219e-01,8.513606e-01,8.505979e-01,8.755266e-01,9.075572e-01,9.105775e-01,9.693450e-01,9.927682e-01,1.001523e+00,1.025509e+00,1.010489e+00,9.967526e-01,1.018414e+00,1.045280e+00,1.039608e+00,1.029363e+00,1.050376e+00,1.044774e+00,1.048451e+00,1.037455e+00,1.009284e+00,9.670225e-01,9.562410e-01,9.369472e-01,9.000824e-01,
9.579092e-01,9.969580e-01,1.019657e+00,1.036809e+00,1.070665e+00,1.042473e+00,1.026737e+00,1.123971e+00,1.099813e+00,1.131309e+00,1.111516e+00,1.119453e+00,1.041107e+00,1.053258e+00,1.060048e+00,1.055325e+00,1.017036e+00,9.897115e-01,9.461141e-01,9.503092e-01,9.244888e-01,9.039616e-01,
7.703215e-01,7.414716e-01,7.230322e-01,6.979125e-01,6.817510e-01,6.971828e-01,6.897284e-01,7.009654e-01,6.964566e-01,6.945885e-01,6.956857e-01,6.836203e-01,7.204409e-01,6.899231e-01,7.010757e-01,7.133316e-01,7.062467e-01,7.035971e-01,7.445722e-01,7.862234e-01,8.101533e-01,8.089668e-01,8.459961e-01,8.494840e-01,8.262654e-01,
8.043138e-01,7.808954e-01,7.865233e-01,7.909915e-01,7.906979e-01,7.904506e-01,7.851166e-01,8.001096e-01,8.147835e-01,7.950848e-01,8.001099e-01,7.902007e-01,7.907669e-01,7.858713e-01,7.995185e-01,7.767529e-01,7.808588e-01,7.769747e-01,7.770465e-01,8.044996e-01,7.998923e-01,8.135141e-01,8.284452e-01,8.277529e-01,8.178048e-01,8.002812e-01,8.134310e-01,8.182597e-01,
6.946661e-01,6.941376e-01,6.882527e-01,7.047542e-01,7.148945e-01,6.865576e-01,6.749046e-01,6.685769e-01,6.702180e-01,7.057766e-01,7.139473e-01,7.089881e-01,7.178788e-01,7.137960e-01,7.193780e-01,7.136458e-01,7.196994e-01,7.077826e-01,6.943258e-01,7.093633e-01,
7.864327e-01,7.717462e-01,7.672886e-01,7.529548e-01,7.427343e-01,7.330132e-01,7.475587e-01,7.456825e-01,7.405111e-01,7.558331e-01,7.615343e-01,7.554873e-01,7.709613e-01,7.605733e-01,7.568364e-01,7.671953e-01,7.458406e-01,7.461115e-01,7.506810e-01,7.565650e-01,7.559244e-01,7.663049e-01,7.764102e-01,7.869891e-01,7.901092e-01,7.906247e-01,7.810310e-01,7.908931e-01,7.905344e-01,
9.143970e-01,9.166805e-01,9.146411e-01,9.010956e-01,8.959250e-01,8.834141e-01,8.556617e-01,8.786831e-01,8.933905e-01,9.144587e-01,9.078038e-01,9.237456e-01,9.227089e-01,9.385342e-01,9.123288e-01,9.180501e-01,9.102263e-01,9.205618e-01,9.184285e-01,9.121683e-01,9.341321e-01,9.450196e-01,9.165244e-01,9.277830e-01,9.188377e-01,9.249067e-01,9.422199e-01,9.323624e-01,9.343323e-01,9.462570e-01,9.221602e-01,9.249709e-01,9.499844e-01,9.610459e-01,9.813795e-01,9.633037e-01,
6.819050e-01,6.978825e-01,6.865957e-01,6.768575e-01,6.706933e-01,6.761265e-01,6.763148e-01,6.742142e-01,6.706153e-01,6.843445e-01,6.854405e-01,6.855229e-01,6.834452e-01,6.964351e-01,7.100030e-01,7.143622e-01,7.076486e-01,6.881637e-01,6.797500e-01,6.847959e-01,
8.157676e-01,8.583983e-01,8.717742e-01,8.928276e-01,9.422097e-01,9.937924e-01,1.005895e+00,1.016791e+00,1.004143e+00,1.026089e+00,1.018341e+00,9.808849e-01,9.788613e-01,9.400427e-01,9.144194e-01,9.059079e-01,9.037651e-01,8.953084e-01,8.641013e-01,8.583915e-01,8.274044e-01,8.326445e-01,8.219556e-01,
6.473317e-01,6.401393e-01,6.602485e-01,6.800463e-01,6.583891e-01,6.499607e-01,6.438745e-01,6.456126e-01,6.799021e-01,6.890177e-01,6.729166e-01,6.839936e-01,6.798654e-01,6.974245e-01,6.974180e-01,6.731130e-01,7.026067e-01,
8.359518e-01,8.516692e-01,8.368916e-01,8.339947e-01,8.149230e-01,8.088037e-01,7.941171e-01,8.220205e-01,8.140132e-01,7.941048e-01,7.507273e-01,7.504657e-01,7.852096e-01,7.783140e-01,7.872751e-01,7.937282e-01,7.870882e-01,8.086410e-01,8.151739e-01,8.070273e-01,8.153888e-01,8.144067e-01,8.077132e-01,8.069928e-01,8.142424e-01,8.071767e-01,7.930749e-01,7.673212e-01,7.929054e-01,8.630066e-01,8.367341e-01,8.378281e-01,8.639108e-01,8.851448e-01,8.874285e-01,
7.294843e-01,7.378290e-01,7.287688e-01,6.922200e-01,6.715931e-01,6.479651e-01,6.297553e-01,5.706108e-01,5.754396e-01,5.939986e-01,6.099575e-01,6.117477e-01,5.736718e-01,5.670853e-01,5.505323e-01,5.549480e-01,5.639570e-01,5.790190e-01,5.721523e-01,5.750315e-01,6.032586e-01,6.310667e-01,6.642934e-01,6.837630e-01,
7.216593e-01,7.211988e-01,7.389109e-01,7.208169e-01,7.477993e-01,7.743280e-01,8.069245e-01,8.345676e-01,8.422619e-01,8.965029e-01,8.626428e-01,8.692667e-01,9.120319e-01,9.152573e-01,9.228345e-01,9.006331e-01,9.217402e-01,8.888123e-01,8.814407e-01,8.720149e-01,8.657458e-01,8.748479e-01,8.850716e-01,8.717997e-01,8.511722e-01,8.395917e-01,7.804611e-01,7.643243e-01,
9.599923e-01,9.532837e-01,9.197874e-01,9.148778e-01,9.268042e-01,8.973971e-01,8.781652e-01,9.012496e-01,9.088108e-01,9.137678e-01,8.943245e-01,8.681191e-01,8.407837e-01,8.647005e-01,8.613177e-01,8.634045e-01,8.457460e-01,8.453693e-01,8.443110e-01,8.447315e-01,8.563346e-01,8.564370e-01,8.688029e-01,8.693500e-01,8.620625e-01,8.567562e-01,8.607808e-01,8.685479e-01,8.750501e-01,8.873118e-01,9.019907e-01,9.207546e-01,8.984067e-01,
8.547668e-01,8.557310e-01,8.580710e-01,8.634908e-01,8.733342e-01,8.874302e-01,8.635718e-01,9.139439e-01,8.882074e-01,8.900049e-01,9.013292e-01,9.837075e-01,9.342585e-01,9.889085e-01,9.868688e-01,9.945471e-01,9.903304e-01,9.831890e-01,9.866778e-01,1.001996e+00,9.864127e-01,1.003034e+00,9.866039e-01,9.923020e-01,9.899778e-01,1.007939e+00,1.076052e+00,1.134464e+00,1.142823e+00,1.041560e+00,9.838146e-01,9.860752e-01,9.837311e-01,9.980664e-01,9.587922e-01,9.575849e-01,9.531825e-01,9.560095e-01,9.461170e-01,9.378353e-01,
8.737677e-01,8.794968e-01,9.033176e-01,9.174621e-01,9.234290e-01,9.200475e-01,9.185419e-01,9.136054e-01,9.021515e-01,9.243138e-01,9.028337e-01,9.010911e-01,9.050040e-01,8.994021e-01,9.235762e-01,9.130142e-01,9.172998e-01,9.351443e-01,9.315329e-01,9.606137e-01,9.796323e-01,9.868144e-01,
8.546939e-01,8.728219e-01,8.825750e-01,9.646302e-01,9.756980e-01,9.904745e-01,1.007942e+00,1.010813e+00,1.031829e+00,1.036652e+00,1.046901e+00,1.020975e+00,9.731069e-01,9.469005e-01,9.284369e-01,9.346021e-01,9.321902e-01,9.134085e-01,8.816137e-01,8.626130e-01,8.635272e-01,8.571836e-01,8.453503e-01,8.435581e-01,8.379472e-01,8.378505e-01,8.560306e-01,8.365880e-01,
7.575964e-01,7.463317e-01,7.360302e-01,7.405486e-01,7.382117e-01,7.305223e-01,7.238789e-01,7.111541e-01,7.025722e-01,6.973100e-01,7.218576e-01,7.303576e-01,7.351366e-01,7.489386e-01,7.354390e-01,7.362934e-01,7.492155e-01,7.614924e-01,8.082827e-01,8.210711e-01,8.312833e-01,8.253408e-01,8.146172e-01,
7.924874e-01,7.859300e-01,7.737596e-01,7.351910e-01,7.229858e-01,6.808652e-01,6.735306e-01,6.785427e-01,6.794034e-01,6.846396e-01,6.855305e-01,6.892464e-01,6.843006e-01,6.799028e-01,6.801271e-01,6.835516e-01,6.799291e-01,6.981135e-01,7.313423e-01,8.214864e-01,8.657205e-01,8.761241e-01,9.091817e-01,
9.735225e-01,9.548097e-01,9.476882e-01,9.415405e-01,9.019216e-01,9.036645e-01,8.833390e-01,8.593087e-01,8.650461e-01,8.346617e-01,7.808931e-01,7.063177e-01,6.703807e-01,6.100520e-01,6.085745e-01,6.059314e-01,6.176369e-01,6.058303e-01,6.308640e-01,6.121424e-01,6.159080e-01,6.197762e-01,6.527305e-01,7.039177e-01,7.556246e-01,8.407738e-01,9.128264e-01,9.643130e-01,9.721116e-01,9.760181e-01,
8.127617e-01,8.000286e-01,7.852212e-01,7.579982e-01,7.490780e-01,7.390901e-01,7.527058e-01,7.462043e-01,7.465506e-01,7.518687e-01,7.520444e-01,7.455571e-01,7.425308e-01,7.465764e-01,7.414618e-01,7.421600e-01,7.383029e-01,7.394032e-01,7.532824e-01,7.814616e-01,7.951148e-01,8.139679e-01,8.137116e-01,8.039247e-01,
8.916111e-01,8.925373e-01,8.580342e-01,8.674555e-01,8.649244e-01,8.819436e-01,8.686316e-01,8.589781e-01,8.878294e-01,8.686550e-01,8.693334e-01,8.690971e-01,8.766072e-01,8.880063e-01,8.699016e-01,8.827822e-01,8.575959e-01,8.602273e-01,8.717792e-01,8.637872e-01,8.750255e-01,9.032274e-01,9.285909e-01,9.524389e-01,9.497259e-01,9.413279e-01,9.192328e-01,8.860798e-01,8.687746e-01,8.739752e-01,8.830259e-01,8.781863e-01,8.821968e-01,8.884054e-01,9.089236e-01,9.426712e-01,1.038009e+00,1.042597e+00,1.045774e+00,
7.691710e-01,7.423267e-01,7.340046e-01,7.243086e-01,7.212043e-01,7.159150e-01,6.924776e-01,7.092570e-01,7.020873e-01,7.188780e-01,7.252950e-01,7.036379e-01,7.084583e-01,7.026723e-01,7.025669e-01,7.091212e-01,7.046267e-01,7.350600e-01,7.580052e-01,7.686517e-01,7.920789e-01,7.855190e-01,7.804365e-01,
9.170362e-01,9.156885e-01,9.294170e-01,9.184040e-01,8.882385e-01,8.800792e-01,8.632255e-01,8.680673e-01,8.643093e-01,8.611267e-01,8.538486e-01,8.636506e-01,8.317214e-01,8.006576e-01,8.117916e-01,8.323854e-01,7.786989e-01,7.793592e-01,7.788409e-01,7.734603e-01,7.666464e-01,7.722188e-01,7.803829e-01,7.806152e-01,8.055163e-01,7.928129e-01,7.995804e-01,7.984595e-01,8.301885e-01,8.354272e-01,8.764882e-01,9.114369e-01,8.955353e-01,8.947906e-01,9.057091e-01,9.285920e-01,9.427422e-01,9.388211e-01,9.620773e-01,
7.727827e-01,7.818010e-01,7.665128e-01,7.766031e-01,7.530121e-01,7.809375e-01,7.707063e-01,7.857006e-01,7.850887e-01,7.905476e-01,7.860574e-01,8.040974e-01,7.722160e-01,7.865573e-01,7.903045e-01,7.900763e-01,7.803050e-01,8.043625e-01,7.722193e-01,7.902603e-01,8.007479e-01,8.183423e-01,8.096484e-01,8.238937e-01,8.097377e-01,7.907392e-01,7.662235e-01,
7.817005e-01,7.676905e-01,7.541412e-01,7.589763e-01,7.803155e-01,7.619890e-01,7.807698e-01,7.711846e-01,7.713880e-01,7.817835e-01,7.715933e-01,7.611014e-01,7.514930e-01,7.621907e-01,7.619137e-01,7.673431e-01,7.523199e-01,7.520407e-01,7.522408e-01,7.677694e-01,7.714908e-01,7.853121e-01,7.807897e-01,7.912326e-01,7.908049e-01,7.857176e-01,8.046963e-01,8.093142e-01,
7.768935e-01,7.633769e-01,7.481509e-01,7.481548e-01,7.475714e-01,7.341280e-01,7.405534e-01,7.263591e-01,7.452149e-01,7.515861e-01,7.424700e-01,7.463541e-01,7.508931e-01,7.466071e-01,7.508568e-01,7.457865e-01,7.504215e-01,7.424037e-01,7.407634e-01,7.660996e-01,7.562683e-01,7.511687e-01,7.814432e-01,7.762187e-01,7.762011e-01,7.665194e-01,
8.777595e-01,8.760771e-01,8.754165e-01,8.581648e-01,8.699107e-01,8.754596e-01,8.758205e-01,8.998073e-01,9.142167e-01,9.040860e-01,9.076056e-01,8.988892e-01,8.769771e-01,8.822700e-01,8.957672e-01,9.120104e-01,9.216443e-01,9.172689e-01,9.112735e-01,9.012034e-01,9.018243e-01,9.163773e-01,9.302307e-01,9.411948e-01,9.477559e-01,9.296961e-01,
7.756159e-01,7.773007e-01,7.865233e-01,7.813982e-01,7.662604e-01,7.438747e-01,7.475671e-01,7.566992e-01,7.435746e-01,7.526574e-01,7.630146e-01,7.612081e-01,7.673849e-01,7.536771e-01,7.624749e-01,7.524462e-01,7.660238e-01,7.565082e-01,7.526333e-01,7.720525e-01,7.673810e-01,7.659221e-01,7.616994e-01,7.703596e-01,7.864107e-01,8.092811e-01,7.993405e-01,8.046260e-01,7.945616e-01,7.708883e-01,
8.809652e-01,8.818645e-01,8.814133e-01,8.761547e-01,8.985361e-01,9.043816e-01,8.997915e-01,9.051490e-01,8.748559e-01,8.842805e-01,8.735949e-01,8.897065e-01,8.827066e-01,9.003607e-01,9.065517e-01,9.111509e-01,8.987257e-01,8.866103e-01,8.866581e-01,8.819287e-01,9.092057e-01,8.781556e-01,
8.179412e-01,8.005299e-01,8.003016e-01,7.858717e-01,7.719178e-01,7.724105e-01,7.754692e-01,7.707341e-01,7.906423e-01,7.946295e-01,7.847674e-01,8.045177e-01,7.945682e-01,7.856324e-01,7.991559e-01,8.102197e-01,7.952598e-01,8.045409e-01,8.088347e-01,8.136337e-01,8.095520e-01,8.083102e-01,8.177567e-01,
7.455281e-01,7.108812e-01,6.893501e-01,6.868510e-01,6.795391e-01,6.758767e-01,6.882666e-01,6.891005e-01,6.997858e-01,6.992410e-01,6.871990e-01,6.883835e-01,6.888370e-01,6.900979e-01,6.824629e-01,6.898750e-01,6.906842e-01,6.896716e-01,6.983005e-01,7.205266e-01,7.674994e-01,7.797999e-01,7.972344e-01,
