-1.173989e+00,-1.152249e+00,-1.141374e+00,-1.209434e+00,-1.325018e+00,-1.382565e+00,-1.486754e+00,-1.519231e+00,-1.392474e+00,-1.288839e+00,-1.227631e+00,-1.173472e+00,-1.159562e+00,-1.161049e+00,-1.159966e+00,-1.164434e+00,-1.165595e+00,-1.158291e+00,-1.128847e+00,-1.106748e+00,-1.087677e+00,-1.113986e+00,-1.143631e+00,-1.174625e+00,-1.193168e+00,
-1.095282e+00,-1.085072e+00,-1.189100e+00,-1.274021e+00,-1.383054e+00,-1.464302e+00,-1.514364e+00,-1.469462e+00,-1.350417e+00,-1.255511e+00,-1.187756e+00,-1.155474e+00,-1.132634e+00,-1.134304e+00,-1.154706e+00,-1.149202e+00,-1.141588e+00,-1.127135e+00,-1.115439e+00,-1.100321e+00,-1.105331e+00,-1.127433e+00,-1.150514e+00,-1.166283e+00,-1.171426e+00,
-1.166733e+00,-1.120860e+00,-1.107577e+00,-1.137608e+00,-1.177839e+00,-1.203905e+00,-1.238789e+00,-1.231271e+00,-1.202252e+00,-1.158654e+00,-1.097948e+00,-1.054350e+00,-1.031384e+00,-1.037587e+00,-1.063619e+00,-1.069849e+00,-1.074292e+00,-1.086882e+00,-1.094182e+00,-1.102895e+00,-1.109674e+00,-1.120679e+00,-1.158053e+00,-1.191028e+00,
-1.149867e+00,-1.147624e+00,-1.147035e+00,-1.129025e+00,-1.119880e+00,-1.110499e+00,-1.096667e+00,-1.095247e+00,-1.113438e+00,-1.147792e+00,-1.125674e+00,-1.116878e+00,-1.063649e+00,-1.032691e+00,-1.018065e+00,-1.018625e+00,-1.002760e+00,-9.993741e-01,-9.971287e-01,-1.013825e+00,-1.025561e+00,-1.026199e+00,-1.022058e+00,-1.024353e+00,-1.036670e+00,-1.044745e+00,-1.082828e+00,-1.118037e+00,-1.148588e+00,-1.163811e+00,-1.148911e+00,-1.156899e+00,-1.175522e+00,-1.183372e+00,
-1.132319e+00,-1.098514e+00,-1.071750e+00,-1.023394e+00,-1.031508e+00,-1.053911e+00,-1.043874e+00,-1.038396e+00,-1.020739e+00,-9.956234e-01,-1.022759e+00,-1.033282e+00,-1.046759e+00,-1.070494e+00,-1.073228e+00,-1.050692e+00,-1.072541e+00,-1.112523e+00,-1.124701e+00,-1.137067e+00,-1.131994e+00,
-1.146238e+00,-1.147666e+00,-1.147756e+00,-1.151213e+00,-1.138935e+00,-1.128689e+00,-1.132480e+00,-1.122838e+00,-1.131788e+00,-1.144830e+00,-1.158835e+00,-1.171559e+00,-1.180899e+00,-1.186284e+00,-1.184222e+00,-1.171939e+00,-1.171950e+00,-1.177495e+00,-1.173066e+00,-1.169409e+00,-1.173699e+00,-1.171344e+00,-1.186703e+00,-1.191335e+00,-1.193166e+00,-1.197453e+00,-1.184780e+00,-1.154126e+00,-1.153462e+00,
-1.073036e+00,-1.060727e+00,-1.061107e+00,-1.071986e+00,-1.078490e+00,-1.075650e+00,-1.068625e+00,-1.064705e+00,-1.015683e+00,-1.006899e+00,-1.035592e+00,-1.048739e+00,-1.066235e+00,-1.084910e+00,-1.086346e+00,-1.099576e+00,-1.106022e+00,-1.055421e+00,-1.063687e+00,-1.075684e+00,-1.074526e+00,-1.096107e+00,-1.111700e+00,
-1.155815e+00,-1.137927e+00,-1.122009e+00,-1.132784e+00,-1.250909e+00,-1.393773e+00,-1.546758e+00,1.558155e+00,-1.545820e+00,-1.370630e+00,-1.252562e+00,-1.167572e+00,-1.118268e+00,-1.116196e+00,-1.125495e+00,-1.132293e+00,-1.134410e+00,-1.111096e+00,-1.085482e+00,-1.069181e+00,-1.086623e+00,
-1.146132e+00,-1.144280e+00,-1.108504e+00,-1.093287e+00,-1.077559e+00,-1.095806e+00,-1.128371e+00,-1.174168e+00,-1.187183e+00,-1.186478e+00,-1.179803e+00,-1.174829e+00,-1.175018e+00,-1.181663e+00,-1.175025e+00,-1.182778e+00,-1.194865e+00,-1.184675e+00,-1.178028e+00,
-1.159058e+00,-1.147830e+00,-1.144082e+00,-1.120744e+00,-1.107587e+00,-1.105948e+00,-1.098242e+00,-1.091445e+00,-1.096913e+00,-1.097732e+00,-1.107633e+00,-1.119101e+00,-1.111928e+00,-1.106115e+00,-1.112116e+00,-1.119039e+00,-1.123560e+00,-1.141995e+00,-1.157230e+00,-1.178473e+00,-1.185729e+00,-1.186429e+00,-1.184722e+00,-1.186543e+00,-1.178165e+00,-1.171886e+00,-1.181945e+00,-1.167580e+00,
-1.117402e+00,-1.084931e+00,-1.068824e+00,-1.052809e+00,-1.046271e+00,-1.021719e+00,-9.915389e-01,-1.006053e+00,-1.048295e+00,-1.080731e+00,-1.076881e+00,-1.087411e+00,-1.045142e+00,-1.021634e+00,-9.960471e-01,-9.989302e-01,-1.009439e+00,-1.022974e+00,-1.049104e+00,-1.069132e+00,-1.084093e+00,-1.056541e+00,-1.054132e+00,-1.087814e+00,
-1.132091e+00,-1.127740e+00,-1.124843e+00,-1.123282e+00,-1.102059e+00,-1.109246e+00,-1.101472e+00,-1.100672e+00,-1.105663e+00,-1.117342e+00,-1.121803e+00,-1.126570e+00,-1.146847e+00,-1.165058e+00,-1.168480e+00,-1.178007e+00,-1.179528e+00,-1.176961e+00,-1.178127e+00,-1.181430e+00,-1.167580e+00,-1.163534e+00,-1.176867e+00,-1.187706e+00,-1.156364e+00,-1.178498e+00,-1.232615e+00,-1.232049e+00,-1.207306e+00,-1.211123e+00,-1.203112e+00,-1.186032e+00,-1.184541e+00,-1.182099e+00,
-1.126603e+00,-1.115950e+00,-1.079964e+00,-1.042016e+00,-1.020911e+00,-9.944260e-01,-9.894167e-01,-9.497772e-01,-9.406850e-01,-9.497766e-01,-9.568344e-01,-9.681903e-01,-9.788395e-01,-1.028809e+00,-1.036136e+00,-1.074003e+00,-1.094386e+00,-1.089910e+00,-1.072487e+00,-1.087833e+00,-1.099764e+00,-1.120928e+00,-1.136159e+00,-1.133430e+00,-1.143525e+00,
-1.100223e+00,-1.122634e+00,-1.170852e+00,-1.240219e+00,-1.335613e+00,-1.400720e+00,-1.503280e+00,-1.470657e+00,-1.354167e+00,-1.223901e+00,-1.122424e+00,-1.085230e+00,-1.069276e+00,-1.065254e+00,-1.094733e+00,-1.109779e+00,-1.094252e+00,-1.085817e+00,-1.070282e+00,-1.070811e+00,-1.048336e+00,-1.078182e+00,-1.102388e+00,-1.124161e+00,-1.137759e+00,-1.144576e+00,-1.144049e+00,-1.152205e+00,
-1.133273e+00,-1.096426e+00,-1.053255e+00,-1.044359e+00,-1.061377e+00,-1.065796e+00,-1.072130e+00,-1.071234e+00,-1.071920e+00,-1.036688e+00,-1.048801e+00,-1.021717e+00,-1.026173e+00,-1.032525e+00,-1.066655e+00,-1.093235e+00,-1.120835e+00,-1.139831e+00,-1.146268e+00,-1.105416e+00,-1.127855e+00,-1.139789e+00,
-1.111904e+00,-1.064631e+00,-1.026483e+00,-1.021684e+00,-1.018138e+00,-1.023947e+00,-1.023265e+00,-9.985096e-01,-9.821731e-01,-9.635495e-01,-9.514481e-01,-9.615337e-01,-9.768268e-01,-9.868611e-01,-9.942814e-01,-1.002604e+00,-1.004643e+00,-1.012636e+00,-1.009595e+00,-9.978215e-01,-1.015983e+00,-1.049518e+00,-1.054342e+00,-1.074987e+00,
-1.153379e+00,-1.158798e+00,-1.134624e+00,-1.129839e+00,-1.106132e+00,-1.088005e+00,-1.069029e+00,-1.074016e+00,-1.100394e+00,-1.109272e+00,-1.104359e+00,-1.099817e+00,-1.093787e+00,-1.085321e+00,-1.060213e+00,-1.055977e+00,-1.019396e+00,-1.012441e+00,-1.022557e+00,-1.026354e+00,-1.015712e+00,-1.022260e+00,-1.019935e+00,-9.995500e-01,-9.916557e-01,-9.767823e-01,-9.713591e-01,-9.877120e-01,-1.089921e+00,-1.114105e+00,-1.151319e+00,-1.156159e+00,
-1.156913e+00,-1.139166e+00,-1.093916e+00,-1.144266e+00,-1.179075e+00,-1.200588e+00,-1.187593e+00,-1.166410e+00,-1.108388e+00,-1.087194e+00,-1.083995e+00,-1.076571e+00,-1.077979e+00,-1.084788e+00,-1.124505e+00,-1.136572e+00,-1.175781e+00,-1.183694e+00,-1.155700e+00,-1.121589e+00,-1.108828e+00,-1.106384e+00,-1.104640e+00,-1.101395e+00,-1.106914e+00,-1.136653e+00,-1.149422e+00,-1.174776e+00,-1.176413e+00,-1.150072e+00,-1.135687e+00,-1.122028e+00,-1.086976e+00,-1.067778e+00,-1.089522e+00,-1.119363e+00,-1.152588e+00,-1.172814e+00,-1.172133e+00,
-1.149743e+00,-1.140168e+00,-1.125535e+00,-1.122822e+00,-1.105810e+00,-1.151721e+00,-1.226430e+00,-1.279667e+00,-1.289639e+00,-1.254495e+00,-1.176546e+00,-1.117463e+00,-1.109165e+00,-1.104042e+00,-1.090391e+00,-1.104032e+00,-1.128016e+00,-1.171287e+00,-1.197357e+00,-1.229341e+00,-1.256259e+00,-1.220629e+00,-1.163963e+00,-1.140637e+00,-1.112544e+00,-1.104496e+00,-1.097399e+00,-1.104107e+00,-1.111235e+00,-1.101089e+00,-1.092565e+00,-1.068076e+00,-1.081560e+00,-1.093485e+00,-1.115690e+00,-1.135005e+00,-1.144283e+00,-1.154710e+00,-1.161506e+00,
-9.932421e-01,-9.601365e-01,-9.362162e-01,-9.058125e-01,-9.104664e-01,-9.168213e-01,-8.875928e-01,-8.860389e-01,-8.506337e-01,-7.888813e-01,-7.725630e-01,-7.462841e-01,-7.261769e-01,-7.299924e-01,-7.696517e-01,-7.983102e-01,-8.219811e-01,-8.268203e-01,-8.517894e-01,-8.634607e-01,-8.915372e-01,-8.979543e-01,-9.047815e-01,-9.742638e-01,-1.025362e+00,
-1.107813e+00,-1.084428e+00,-1.043428e+00,-9.995236e-01,-9.865707e-01,-9.571403e-01,-9.592194e-01,-9.111637e-01,-8.879039e-01,-8.266210e-01,-7.814375e-01,-7.686906e-01,-7.677016e-01,-7.639520e-01,-7.661204e-01,-7.806190e-01,-8.040838e-01,-8.172746e-01,-8.151636e-01,-8.119953e-01,-8.155167e-01,-8.146334e-01,-8.305945e-01,-8.244022e-01,-8.441671e-01,-8.691887e-01,-9.140005e-01,-9.853530e-01,-1.068841e+00,-1.103810e+00,-1.105017e+00,
-1.132804e+00,-1.122687e+00,-1.099734e+00,-1.076778e+00,-1.111152e+00,-1.145964e+00,-1.206644e+00,-1.220456e+00,-1.167557e+00,-1.120742e+00,-1.107135e+00,-1.103862e+00,-1.098771e+00,-1.104337e+00,-1.121977e+00,-1.157358e+00,-1.196801e+00,-1.181515e+00,-1.134868e+00,-1.111350e+00,-1.096524e+00,-1.098934e+00,-1.096520e+00,-1.099756e+00,-1.105346e+00,-1.092650e+00,-1.081260e+00,-1.060374e+00,-1.034466e+00,-1.021570e+00,-1.048255e+00,-1.067715e+00,-1.102077e+00,-1.127217e+00,-1.135512e+00,-1.154888e+00,-1.156066e+00,
-1.032517e+00,-1.006279e+00,-9.735045e-01,-9.605778e-01,-9.408256e-01,-9.513869e-01,-9.535099e-01,-9.369231e-01,-9.209409e-01,-8.225791e-01,-7.749963e-01,-7.701958e-01,-7.542409e-01,-7.504006e-01,-7.569622e-01,-7.715811e-01,-7.855397e-01,-8.032794e-01,-8.283860e-01,-8.426011e-01,-8.642659e-01,-8.691279e-01,-8.840624e-01,-9.015895e-01,-9.612453e-01,-9.940451e-01,
-1.031230e+00,-9.965730e-01,-9.940953e-01,-1.008121e+00,-1.011451e+00,-1.008217e+00,-9.846714e-01,-8.956327e-01,-8.727822e-01,-8.092236e-01,-7.959358e-01,-7.912096e-01,-7.938040e-01,-8.015810e-01,-8.130689e-01,-8.423346e-01,-8.565641e-01,-8.727469e-01,-8.782085e-01,-8.841431e-01,-8.920192e-01,-8.673531e-01,-8.974224e-01,-9.708290e-01,-1.025020e+00,
-1.053204e+00,-1.025665e+00,-1.002087e+00,-9.977360e-01,-1.006251e+00,-1.017767e+00,-1.014765e+00,-9.976550e-01,-9.739153e-01,-9.686963e-01,-9.689509e-01,-9.569468e-01,-9.597212e-01,-9.733267e-01,-9.861766e-01,-9.771452e-01,-9.700636e-01,-9.157126e-01,-9.248816e-01,-9.574161e-01,-9.689811e-01,
-1.023246e+00,-9.994118e-01,-1.004123e+00,-1.018274e+00,-1.034633e+00,-1.075410e+00,-1.092986e+00,-1.106953e+00,-1.103579e+00,-1.083136e+00,-1.036214e+00,-1.025759e+00,-1.012225e+00,-9.952923e-01,-9.829865e-01,-9.781992e-01,-9.693778e-01,-9.487717e-01,-9.429914e-01,-9.613406e-01,-9.698105e-01,-9.900335e-01,
-1.140575e+00,-1.138945e+00,-1.126461e+00,-1.086795e+00,-1.076266e+00,-1.063019e+00,-1.100053e+00,-1.113360e+00,-1.094739e+00,-1.082269e+00,-1.035506e+00,-1.040594e+00,-1.028774e+00,-1.029698e+00,-1.042429e+00,-1.073349e+00,-1.105661e+00,-1.125288e+00,-1.144230e+00,-1.104145e+00,-1.127926e+00,-1.136884e+00,-1.150804e+00,-1.170936e+00,-1.174890e+00,
-1.168482e+00,-1.164328e+00,-1.158802e+00,-1.151728e+00,-1.112777e+00,-1.093221e+00,-1.128622e+00,-1.168286e+00,-1.192991e+00,-1.194553e+00,-1.151333e+00,-1.092791e+00,-1.108929e+00,-1.099097e+00,-1.084080e+00,-1.105671e+00,-1.123924e+00,-1.157641e+00,-1.188603e+00,-1.183126e+00,-1.150356e+00,-1.108848e+00,-1.099982e+00,-1.094194e+00,-1.098303e+00,-1.105549e+00,-1.121570e+00,-1.138749e+00,-1.146316e+00,-1.135219e+00,-1.110688e+00,-1.074565e+00,-1.032504e+00,-1.036132e+00,-1.067286e+00,-1.105715e+00,-1.147841e+00,-1.160358e+00,
-1.189093e+00,-1.203315e+00,-1.217963e+00,-1.227529e+00,-1.211275e+00,-1.233800e+00,-1.232206e+00,-1.238185e+00,-1.265145e+00,-1.290807e+00,-1.291905e+00,-1.268806e+00,-1.268911e+00,-1.255869e+00,-1.247632e+00,-1.234204e+00,-1.232126e+00,-1.228509e+00,-1.232511e+00,-1.237249e+00,-1.230932e+00,-1.232402e+00,
-1.175703e+00,-1.172798e+00,-1.170453e+00,-1.158751e+00,-1.134557e+00,-1.119636e+00,-1.080846e+00,-1.082012e+00,-1.085438e+00,-1.074086e+00,-1.077298e+00,-1.068482e+00,-1.039441e+00,-1.028508e+00,-1.019745e+00,-1.029428e+00,-1.034000e+00,-1.046962e+00,-1.073000e+00,-1.098902e+00,-1.115961e+00,-1.117875e+00,-1.123020e+00,-1.141495e+00,-1.149876e+00,-1.166158e+00,-1.177754e+00,-1.183830e+00,-1.175305e+00,
-1.143874e+00,-1.231863e+00,-1.324237e+00,-1.362676e+00,-1.242187e+00,-1.177441e+00,-1.137900e+00,-1.147635e+00,-1.171493e+00,-1.177183e+00,-1.155462e+00,-1.133119e+00,-1.103313e+00,-1.123113e+00,-1.154502e+00,-1.174341e+00,-1.179228e+00,-1.172570e+00,-1.164357e+00,-1.163815e+00,-1.167358e+00,-1.166862e+00,-1.169276e+00,
-1.144266e+00,-1.117562e+00,-1.106704e+00,-1.083079e+00,-1.062021e+00,-1.046267e+00,-1.084762e+00,-1.096208e+00,-9.815822e-01,-8.747259e-01,-8.230609e-01,-8.562469e-01,-8.963430e-01,-9.506582e-01,-9.816212e-01,-1.000185e+00,-1.000370e+00,-9.830902e-01,-9.748918e-01,-9.798946e-01,-9.959695e-01,-1.028171e+00,-1.048601e+00,-1.072265e+00,-1.079632e+00,-1.059698e+00,-1.043474e+00,-1.134812e+00,-1.147593e+00,-1.156837e+00,
-1.086895e+00,-1.058455e+00,-1.019921e+00,-9.882503e-01,-9.809389e-01,-1.006426e+00,-1.013113e+00,-1.020112e+00,-9.801403e-01,-9.705956e-01,-9.411094e-01,-9.439780e-01,-9.560699e-01,-9.701065e-01,-9.922771e-01,-9.999140e-01,-1.009876e+00,-1.021865e+00,-1.007186e+00,-1.015868e+00,-9.753830e-01,-9.984121e-01,-1.034432e+00,-1.054532e+00,-1.086887e+00,-1.098023e+00,
-1.033189e+00,-1.011863e+00,-9.889648e-01,-9.945009e-01,-1.031353e+00,-1.057158e+00,-1.051169e+00,-1.038651e+00,-1.022340e+00,-1.022891e+00,-1.029179e+00,-1.041930e+00,-1.054014e+00,-1.044577e+00,-1.024163e+00,-9.610157e-01,-9.520061e-01,-9.762491e-01,-9.928344e-01,-1.012677e+00,
-1.181698e+00,-1.170838e+00,-1.156787e+00,-1.133624e+00,-1.086190e+00,-1.136135e+00,-1.136600e+00,-1.150524e+00,-1.147807e+00,-1.180402e+00,-1.210818e+00,-1.229743e+00,-1.238392e+00,-1.233445e+00,-1.231598e+00,-1.228206e+00,-1.218340e+00,-1.221120e+00,-1.227906e+00,-1.228321e+00,-1.223488e+00,-1.225289e+00,-1.227966e+00,-1.228335e+00,-1.225168e+00,-1.223456e+00,-1.208079e+00,
-1.157953e+00,-1.149057e+00,-1.148966e+00,-1.160265e+00,-1.179049e+00,-1.202241e+00,-1.322410e+00,-1.402159e+00,-1.350646e+00,-1.196122e+00,-1.102597e+00,-1.085483e+00,-1.121974e+00,-1.120817e+00,-1.130563e+00,-1.132385e+00,-1.124437e+00,-1.120919e+00,-1.111919e+00,-1.120324e+00,-1.146250e+00,-1.145638e+00,-1.174129e+00,-1.107111e+00,-1.101338e+00,-1.145497e+00,-1.183226e+00,-1.161489e+00,
-1.160368e+00,-1.158404e+00,-1.151946e+00,-1.139367e+00,-1.138224e+00,-1.131093e+00,-1.121811e+00,-1.128129e+00,-1.120089e+00,-1.111405e+00,-1.100012e+00,-1.068808e+00,-1.061926e+00,-1.051287e+00,-1.066103e+00,-1.075025e+00,-1.073085e+00,-1.062474e+00,-1.014092e+00,-9.963577e-01,-9.950742e-01,-9.978364e-01,-1.009494e+00,-1.038394e+00,-1.081218e+00,-1.113710e+00,-1.151231e+00,-1.092381e+00,-1.111561e+00,-1.114085e+00,-1.127460e+00,-1.132129e+00,-1.144382e+00,-1.163778e+00,-1.178572e+00,
-1.102518e+00,-1.090032e+00,-1.036622e+00,-1.015898e+00,-1.041721e+00,-1.070564e+00,-1.072493e+00,-1.039604e+00,-1.004525e+00,-9.879951e-01,-9.903215e-01,-9.996827e-01,-1.004330e+00,-1.015213e+00,-1.035743e+00,-1.036430e+00,-9.968129e-01,-9.989780e-01,-1.013815e+00,-1.035201e+00,-1.072063e+00,-1.089574e+00,-1.095098e+00,-1.095126e+00,-1.114927e+00,
-1.150967e+00,-1.141542e+00,-1.141771e+00,-1.142514e+00,-1.145344e+00,-1.147633e+00,-1.148585e+00,-1.138856e+00,-1.149554e+00,-1.134980e+00,-1.150330e+00,-1.162960e+00,-1.172753e+00,-1.181174e+00,-1.186581e+00,-1.178319e+00,-1.184462e+00,-1.174666e+00,-1.166075e+00,-1.167339e+00,-1.160388e+00,-1.165517e+00,-1.176268e+00,-1.173263e+00,-1.180426e+00,-1.175670e+00,-1.173654e+00,-1.165386e+00,-1.157821e+00,
-1.155700e+00,-1.136861e+00,-1.125884e+00,-1.103720e+00,-1.093412e+00,-1.097527e+00,-1.112986e+00,-1.112795e+00,-1.088811e+00,-1.048225e+00,-9.990844e-01,-9.979021e-01,-1.013500e+00,-1.037456e+00,-1.045751e+00,-1.037418e+00,-1.046417e+00,-1.046005e+00,-1.055891e+00,-1.041840e+00,-1.042462e+00,-1.052844e+00,-1.062189e+00,-1.086157e+00,-1.128889e+00,-1.096538e+00,-1.057873e+00,-1.061189e+00,-1.086696e+00,-1.128214e+00,-1.161910e+00,-1.168769e+00,-1.172775e+00,
-1.238746e+00,-1.242581e+00,-1.243299e+00,-1.222704e+00,-1.189502e+00,-1.168926e+00,-1.171561e+00,-1.173997e+00,-1.205050e+00,-1.243492e+00,-1.251756e+00,-1.234534e+00,-1.226525e+00,-1.229260e+00,-1.224736e+00,-1.225951e+00,-1.233877e+00,-1.238717e+00,-1.244662e+00,-1.256426e+00,-1.252269e+00,-1.246310e+00,-1.240009e+00,-1.235760e+00,-1.230797e+00,
-1.159569e+00,-1.162040e+00,-1.182917e+00,-1.210635e+00,-1.211292e+00,-1.298442e+00,-1.316890e+00,-1.125573e+00,-1.167227e+00,-1.133483e+00,-9.430177e-01,-7.624378e-01,-7.255274e-01,-7.243934e-01,-7.526008e-01,-7.701602e-01,-7.978175e-01,-8.128756e-01,-8.096575e-01,-8.230163e-01,-8.313575e-01,-8.456939e-01,-8.630878e-01,-8.928478e-01,-9.537259e-01,-9.836281e-01,-1.036437e+00,-1.103097e+00,-1.118986e+00,-1.133838e+00,-1.183693e+00,
-1.100201e+00,-1.081769e+00,-1.041939e+00,-1.004532e+00,-9.654024e-01,-9.712907e-01,-9.796383e-01,-1.004552e+00,-1.001192e+00,-9.796520e-01,-9.722720e-01,-9.617044e-01,-9.839619e-01,-1.003833e+00,-1.027753e+00,-1.042253e+00,-1.033685e+00,-1.031954e+00,-9.745931e-01,-1.001409e+00,-1.022022e+00,-1.054368e+00,-1.087176e+00,-1.114713e+00,
-1.146822e+00,-1.132369e+00,-1.091832e+00,-1.051128e+00,-1.059035e+00,-1.087450e+00,-1.093262e+00,-1.101016e+00,-1.103155e+00,-1.077436e+00,-1.066246e+00,-1.083287e+00,-1.078956e+00,-1.084076e+00,-1.092736e+00,-1.110892e+00,-1.134776e+00,-1.140435e+00,-1.150809e+00,-1.118284e+00,-1.129058e+00,-1.146231e+00,-1.162239e+00,-1.182009e+00,-1.192489e+00,
-1.223497e+00,-1.223862e+00,-1.229037e+00,-1.209975e+00,-1.197466e+00,-1.181136e+00,-1.175258e+00,-1.165755e+00,-1.172240e+00,-1.163644e+00,-1.146981e+00,-1.141676e+00,-1.138226e+00,-1.141197e+00,-1.162911e+00,-1.156872e+00,-1.149338e+00,-1.147567e+00,-1.148174e+00,-1.147981e+00,-1.149076e+00,-1.152493e+00,-1.145169e+00,-1.150249e+00,-1.149913e+00,-1.166335e+00,-1.169116e+00,-1.162835e+00,-1.165109e+00,-1.168315e+00,-1.169938e+00,
-1.060691e+00,-1.055546e+00,-1.039264e+00,-1.007901e+00,-9.824292e-01,-9.568022e-01,-9.500887e-01,-9.547972e-01,-9.385270e-01,-9.391837e-01,-9.318942e-01,-8.834625e-01,-8.173057e-01,-7.917494e-01,-7.781315e-01,-7.802254e-01,-7.848642e-01,-7.969191e-01,-8.110994e-01,-8.116671e-01,-8.179670e-01,-8.215540e-01,-8.362903e-01,-8.577922e-01,-8.801656e-01,-8.770558e-01,-8.925302e-01,-9.605936e-01,-1.004640e+00,-1.044933e+00,-1.057112e+00,
-1.040580e+00,-1.008375e+00,-9.970119e-01,-9.633166e-01,-9.357516e-01,-9.663075e-01,-9.814982e-01,-9.785901e-01,-9.733925e-01,-9.205846e-01,-8.724833e-01,-8.153496e-01,-7.989503e-01,-7.761401e-01,-7.656869e-01,-7.716631e-01,-7.768483e-01,-7.835964e-01,-7.834998e-01,-8.021872e-01,-8.104438e-01,-8.400255e-01,-8.486858e-01,-8.723015e-01,-9.257447e-01,-9.893310e-01,-1.067968e+00,-1.105691e+00,-1.114931e+00,-1.113770e+00,
-1.134803e+00,-1.137142e+00,-1.124338e+00,-1.097350e+00,-1.075971e+00,-1.073331e+00,-1.116856e+00,-1.155161e+00,-1.157374e+00,-1.148201e+00,-1.116118e+00,-1.106029e+00,-1.093979e+00,-1.085883e+00,-1.085474e+00,-1.100585e+00,-1.123139e+00,-1.149731e+00,-1.144794e+00,-1.122680e+00,-1.101185e+00,-1.090235e+00,-1.079447e+00,-1.086501e+00,-1.101110e+00,-1.129977e+00,-1.145625e+00,-1.141819e+00,-1.129837e+00,-1.095186e+00,-1.073846e+00,-1.093017e+00,-1.102509e+00,
-1.152848e+00,-1.146894e+00,-1.108767e+00,-1.120517e+00,-1.144707e+00,-1.188591e+00,-1.207913e+00,-1.165258e+00,-1.124165e+00,-1.124645e+00,-1.127502e+00,-1.130266e+00,-1.146732e+00,-1.150865e+00,-1.193376e+00,-1.221277e+00,-1.222525e+00,-1.192415e+00,-1.150052e+00,-1.125577e+00,-1.125990e+00,-1.135516e+00,-1.119390e+00,-1.118942e+00,-1.101321e+00,-1.093357e+00,-1.068090e+00,-1.057516e+00,-1.086643e+00,-1.110808e+00,-1.125213e+00,-1.156520e+00,
-1.099147e+00,-1.083838e+00,-1.077210e+00,-1.122405e+00,-1.185710e+00,-1.262113e+00,-1.294907e+00,-1.276611e+00,-1.219554e+00,-1.140358e+00,-1.120273e+00,-1.102380e+00,-1.089649e+00,-1.084665e+00,-1.107927e+00,-1.163202e+00,-1.198881e+00,-1.225303e+00,-1.216171e+00,-1.174850e+00,-1.114881e+00,-1.094183e+00,-1.088134e+00,-1.081812e+00,-1.098670e+00,-1.091545e+00,-1.090389e+00,-1.069300e+00,-1.048476e+00,-1.092560e+00,-1.141533e+00,
-1.142620e+00,-1.124066e+00,-1.097656e+00,-1.107833e+00,-1.126844e+00,-1.173983e+00,-1.197356e+00,-1.172232e+00,-1.133860e+00,-1.112457e+00,-1.112964e+00,-1.104643e+00,-1.116292e+00,-1.139516e+00,-1.162936e+00,-1.190813e+00,-1.196491e+00,-1.186821e+00,-1.148588e+00,-1.146482e+00,-1.141824e+00,-1.154176e+00,-1.160673e+00,-1.165198e+00,-1.194184e+00,-1.216254e+00,-1.214975e+00,-1.195942e+00,-1.172603e+00,-1.161963e+00,-1.149964e+00,-1.155320e+00,-1.164294e+00,-1.174261e+00,-1.187394e+00,-1.187342e+00,-1.175728e+00,-1.141096e+00,-1.109802e+00,-1.102690e+00,-1.119200e+00,-1.135216e+00,
-1.090319e+00,-1.052232e+00,-1.023074e+00,-1.008977e+00,-1.016477e+00,-1.046917e+00,-1.069970e+00,-1.058359e+00,-1.023485e+00,-1.011139e+00,-1.038701e+00,-1.054498e+00,-1.058594e+00,-1.068238e+00,-1.084957e+00,-1.094440e+00,-1.075050e+00,-1.058439e+00,-9.908485e-01,-1.005475e+00,-1.013108e+00,-1.046403e+00,-1.104657e+00,-1.115407e+00,-1.114898e+00,-1.112436e+00,
-1.081252e+00,-1.067118e+00,-1.036324e+00,-1.017822e+00,-9.890315e-01,-9.647887e-01,-9.656993e-01,-9.521054e-01,-9.984442e-01,-9.752998e-01,-9.371843e-01,-8.993081e-01,-8.505719e-01,-7.931853e-01,-7.822642e-01,-7.538893e-01,-7.615397e-01,-7.566111e-01,-7.538940e-01,-7.394584e-01,-7.533853e-01,-7.611008e-01,-7.583588e-01,-7.717699e-01,-7.947016e-01,-8.334756e-01,-8.498816e-01,-8.606446e-01,-8.933769e-01,-9.597760e-01,-1.016919e+00,-1.056912e+00,
-1.116676e+00,-1.059848e+00,-1.031732e+00,-1.033894e+00,-1.061017e+00,-1.067414e+00,-1.060090e+00,-1.024614e+00,-9.981669e-01,-1.012583e+00,-1.031335e+00,-1.056222e+00,-1.062184e+00,-1.067211e+00,-1.059370e+00,-1.055814e+00,-1.042246e+00,-1.034202e+00,-9.868504e-01,-9.972421e-01,-1.016972e+00,-1.048221e+00,-1.083187e+00,-1.103843e+00,-1.123807e+00,
-1.029078e+00,-1.017286e+00,-9.907482e-01,-9.731555e-01,-9.654837e-01,-9.632449e-01,-9.711035e-01,-9.690616e-01,-9.584228e-01,-8.998259e-01,-8.497554e-01,-8.103299e-01,-8.099033e-01,-8.083127e-01,-8.168334e-01,-8.251131e-01,-8.281809e-01,-8.530363e-01,-8.753231e-01,-9.020305e-01,-9.036422e-01,-9.439844e-01,-9.686958e-01,-1.012498e+00,-1.040518e+00,-1.033834e+00,
-1.072270e+00,-1.023245e+00,-1.016275e+00,-1.069168e+00,-1.152692e+00,-1.222044e+00,-1.228653e+00,-1.196334e+00,-1.161000e+00,-1.130238e+00,-1.123309e+00,-1.105778e+00,-1.120238e+00,-1.128155e+00,-1.161446e+00,-1.174479e+00,-1.157978e+00,-1.137894e+00,-1.124509e+00,-1.109563e+00,-1.096019e+00,-1.075717e+00,-1.079205e+00,-1.068040e+00,-1.042485e+00,-1.101274e+00,-1.129238e+00,-1.161262e+00,
-1.186173e+00,-1.154299e+00,-1.114895e+00,-1.090348e+00,-1.100235e+00,-1.113201e+00,-1.131179e+00,-1.113857e+00,-1.105624e+00,-1.106794e+00,-1.122524e+00,-1.158939e+00,-1.180274e+00,-1.216927e+00,-1.225436e+00,-1.224711e+00,-1.194851e+00,-1.163135e+00,-1.146628e+00,-1.140289e+00,-1.129700e+00,-1.117748e+00,-1.129336e+00,-1.135089e+00,-1.152971e+00,-1.150624e+00,-1.146981e+00,-1.121382e+00,-1.099577e+00,-1.086063e+00,-1.115844e+00,-1.128124e+00,-1.152706e+00,-1.171151e+00,-1.186607e+00,
-1.072187e+00,-9.992670e-01,-9.482096e-01,-8.558230e-01,-8.089068e-01,-7.994922e-01,-8.241624e-01,-8.737063e-01,-9.849130e-01,-9.413181e-01,-9.763544e-01,-1.029240e+00,-1.093418e+00,-1.084710e+00,-1.044472e+00,-1.056270e+00,-1.386566e+00,-1.003215e+00,-9.415769e-01,-9.168230e-01,-9.179880e-01,-9.639760e-01,-1.016274e+00,-1.051492e+00,-1.096908e+00,-1.115631e+00,-1.132215e+00,-1.153030e+00,
-1.154804e+00,-1.150668e+00,-1.137153e+00,-1.137851e+00,-1.134061e+00,-1.111893e+00,-1.114758e+00,-1.113819e+00,-1.098667e+00,-1.104107e+00,-1.098222e+00,-1.113205e+00,-1.099010e+00,-1.099810e+00,-1.111032e+00,-1.109003e+00,-1.110805e+00,-1.117828e+00,-1.095770e+00,-1.090293e+00,-1.098113e+00,-1.097468e+00,-1.107861e+00,-1.104155e+00,-1.115080e+00,-1.129679e+00,-1.161408e+00,-1.186410e+00,-1.200116e+00,-1.206271e+00,-1.210725e+00,-1.192725e+00,-1.200171e+00,-1.188090e+00,-1.192928e+00,
-1.134210e+00,-1.097559e+00,-1.077136e+00,-1.108189e+00,-1.111317e+00,-1.091661e+00,-1.072774e+00,-1.080970e+00,-1.061820e+00,-1.090696e+00,-1.394602e+00,-1.143009e+00,-1.161478e+00,-1.008090e+00,-1.405191e+00,-1.032233e+00,-1.027256e+00,-1.057042e+00,-1.058230e+00,-1.065249e+00,-1.058098e+00,-1.110424e+00,-1.114595e+00,-1.111368e+00,-1.094060e+00,-1.053840e+00,-1.009973e+00,-9.828453e-01,-1.031853e+00,-1.085193e+00,-1.096912e+00,-1.109755e+00,-1.178785e+00,
-1.127273e+00,-1.073256e+00,-9.936598e-01,-9.295836e-01,-8.735156e-01,-8.255166e-01,-8.146991e-01,-8.219858e-01,-7.748641e-01,-7.919649e-01,-7.958244e-01,-8.013974e-01,-8.082388e-01,-8.306546e-01,-8.190063e-01,-8.342546e-01,-8.842503e-01,-9.141527e-01,-9.542530e-01,-9.926000e-01,-1.016355e+00,-1.063819e+00,-1.116114e+00,-1.158375e+00,-1.183287e+00,-1.191738e+00,-1.187913e+00,
-1.141506e+00,-1.096442e+00,-1.085954e+00,-1.144963e+00,-1.125473e+00,-1.088577e+00,-1.072277e+00,-1.062769e+00,-1.067363e+00,-1.072519e+00,-1.078036e+00,-1.093525e+00,-1.122544e+00,-1.088886e+00,-1.069226e+00,-1.093296e+00,-1.117468e+00,
-1.126743e+00,-1.126808e+00,-1.127654e+00,-1.120679e+00,-1.128827e+00,-1.111901e+00,-1.101678e+00,-1.106416e+00,-1.110193e+00,-1.108203e+00,-1.121527e+00,-1.118691e+00,-1.117945e+00,-1.175813e+00,-1.190896e+00,-1.184332e+00,-1.185668e+00,-1.177630e+00,-1.172929e+00,-1.162524e+00,-1.160628e+00,-1.160015e+00,-1.167037e+00,-1.172483e+00,-1.187593e+00,-1.214370e+00,-1.232618e+00,-1.244658e+00,-1.224452e+00,-1.241872e+00,-1.254923e+00,-1.269058e+00,-1.259935e+00,-1.253649e+00,-1.264362e+00,
-1.130973e+00,-1.130891e+00,-1.132146e+00,-1.117871e+00,-1.094697e+00,-1.163260e+00,-1.128773e+00,-1.115772e+00,-1.090381e+00,-1.045815e+00,-1.036592e+00,-1.025195e+00,-1.029915e+00,-1.050133e+00,-1.067265e+00,-1.069346e+00,-1.063968e+00,-1.053105e+00,-1.071318e+00,-1.080137e+00,-1.108290e+00,
-1.153667e+00,-1.143038e+00,-1.111834e+00,-1.092545e+00,-1.121189e+00,-1.117722e+00,-1.099564e+00,-1.073160e+00,-1.073478e+00,-1.057546e+00,-1.039887e+00,-1.044685e+00,-1.081903e+00,-1.098045e+00,-1.120143e+00,-1.058920e+00,-1.076682e+00,-1.091307e+00,-1.112980e+00,-1.134069e+00,
-1.146520e+00,-1.145002e+00,-1.132029e+00,-1.096686e+00,-1.096394e+00,-1.147620e+00,-1.131995e+00,-1.124159e+00,-1.081169e+00,-1.075457e+00,-1.056756e+00,-1.056180e+00,-1.067576e+00,-1.086271e+00,-1.117074e+00,-1.123612e+00,-1.074461e+00,-1.093678e+00,-1.101001e+00,
-1.051339e+00,-9.610651e-01,-8.773043e-01,-7.945120e-01,-7.589611e-01,-7.128879e-01,-7.350624e-01,-8.487557e-01,-9.683571e-01,-7.730680e-01,-8.711060e-01,-8.727535e-01,-8.714067e-01,-8.262233e-01,-8.787364e-01,-8.021098e-01,-9.203404e-01,-9.563820e-01,-9.896985e-01,-1.012642e+00,-1.063238e+00,-1.118065e+00,-1.165043e+00,
-9.486510e-01,-8.963225e-01,-8.085272e-01,-7.485986e-01,-7.136442e-01,-7.240310e-01,-8.012779e-01,-8.531375e-01,-8.661664e-01,-8.030672e-01,-7.967244e-01,-8.195201e-01,-7.802958e-01,-7.974212e-01,-8.615792e-01,-8.794765e-01,-8.940203e-01,-9.138104e-01,-9.475207e-01,-1.001292e+00,-1.033052e+00,-1.105447e+00,-1.142860e+00,-1.157948e+00,-1.165039e+00,-1.162598e+00,-1.170446e+00,-1.176783e+00,-1.175011e+00,-1.175036e+00,-1.175875e+00,-1.171220e+00,-1.166626e+00,-1.169734e+00,
-1.138923e+00,-1.145420e+00,-1.139874e+00,-1.125603e+00,-1.122453e+00,-1.109584e+00,-1.101274e+00,-1.096122e+00,-1.084306e+00,-1.090287e+00,-1.100747e+00,-1.101390e+00,-1.095422e+00,-1.097988e+00,-1.092620e+00,-1.088556e+00,-1.092539e+00,-1.095960e+00,-1.083285e+00,-1.074619e+00,-1.084638e+00,-1.084241e+00,-1.084531e+00,-1.079817e+00,-1.082151e+00,-1.083105e+00,-1.079437e+00,-1.087669e+00,-1.089606e+00,-1.094088e+00,-1.116586e+00,-1.141072e+00,-1.174036e+00,-1.164982e+00,-1.159061e+00,-1.172400e+00,-1.182486e+00,-1.189394e+00,-1.209665e+00,-1.212478e+00,-1.213412e+00,-1.208139e+00,-1.205037e+00,
-1.170912e+00,-1.163471e+00,-1.139333e+00,-1.084783e+00,-9.655969e-01,-9.161341e-01,-9.146568e-01,-9.698214e-01,-1.307113e+00,-8.761807e-01,-8.820953e-01,-9.413335e-01,-8.949047e-01,-8.475090e-01,-9.292307e-01,-8.539761e-01,-1.069004e+00,-1.084829e+00,-1.040286e+00,-1.016636e+00,-1.012919e+00,-1.021902e+00,-1.070515e+00,-1.130872e+00,-1.157587e+00,-1.163046e+00,-1.177513e+00,-1.179437e+00,
-1.140321e+00,-1.119590e+00,-1.103580e+00,-1.073389e+00,-1.056680e+00,-1.071289e+00,-1.106124e+00,-1.100827e+00,-1.080703e+00,-1.049901e+00,-1.050014e+00,-1.043083e+00,-1.040469e+00,-1.032783e+00,-1.028031e+00,-1.026305e+00,-1.024380e+00,-1.024829e+00,-1.024011e+00,-1.037132e+00,-1.046581e+00,-1.061553e+00,-1.073155e+00,-1.081882e+00,-1.033448e+00,-1.070059e+00,-1.107394e+00,
-1.022792e+00,-9.612956e-01,-9.037447e-01,-8.759955e-01,-8.384789e-01,-7.956588e-01,-7.473464e-01,-7.371083e-01,-7.310315e-01,-7.496579e-01,-8.051495e-01,-8.626267e-01,-9.266109e-01,-8.768130e-01,-9.044662e-01,-8.986827e-01,-8.738198e-01,-8.964311e-01,-9.019105e-01,-8.216391e-01,-8.192673e-01,-8.335080e-01,-8.833973e-01,
-1.047749e+00,-1.023468e+00,-1.027495e+00,-1.067442e+00,-9.900121e-01,-8.895157e-01,-8.682306e-01,-8.434005e-01,-8.488237e-01,-8.844201e-01,-1.043421e+00,-1.039253e+00,-1.019945e+00,-1.020275e+00,-1.015038e+00,-1.041785e+00,-1.037004e+00,-1.106017e+00,-9.448141e-01,-9.400904e-01,-9.329641e-01,-9.451312e-01,-9.716835e-01,
-1.042897e+00,-9.953551e-01,-9.520944e-01,-1.039558e+00,-9.329413e-01,-8.557315e-01,-8.020341e-01,-7.784154e-01,-8.011386e-01,-9.271635e-01,-1.007087e+00,-1.019035e+00,-1.010141e+00,-9.872245e-01,-9.966908e-01,-9.881628e-01,-1.002257e+00,-9.851489e-01,-9.764839e-01,-9.717463e-01,-9.327693e-01,-8.274845e-01,-7.769212e-01,-7.823312e-01,-8.342771e-01,-8.951250e-01,
-1.045623e+00,-1.025038e+00,-9.865519e-01,-9.661554e-01,-9.746712e-01,-9.700458e-01,-9.548497e-01,-9.579536e-01,-9.598545e-01,-9.710058e-01,-9.658135e-01,-9.635612e-01,-9.414462e-01,-9.517158e-01,-9.577208e-01,-9.576731e-01,-9.479898e-01,-9.441006e-01,-9.676255e-01,-9.492297e-01,-9.293869e-01,-9.486468e-01,-9.391454e-01,-9.255114e-01,-9.391775e-01,-9.584027e-01,-9.861349e-01,-1.013322e+00,
-1.091533e+00,-1.043875e+00,-1.011371e+00,-9.639927e-01,-9.724533e-01,-9.029823e-01,-8.594123e-01,-7.933978e-01,-7.737983e-01,-7.958454e-01,-7.995727e-01,-7.910326e-01,-7.947301e-01,-8.089987e-01,-8.039817e-01,-8.216696e-01,-8.091377e-01,-8.380194e-01,-8.874143e-01,-8.740624e-01,-8.810645e-01,-9.545404e-01,-9.927956e-01,-1.050101e+00,-1.086116e+00,-1.123419e+00,
-1.150502e+00,-1.143600e+00,-1.128968e+00,-1.109014e+00,-1.109472e+00,-1.169080e+00,-1.158436e+00,-1.139520e+00,-1.094021e+00,-1.041084e+00,-1.020170e+00,-1.032239e+00,-1.029542e+00,-1.060305e+00,-1.069438e+00,-1.094261e+00,-1.099482e+00,-1.074722e+00,-1.079190e+00,-1.100901e+00,-1.114235e+00,
-1.106181e+00,-1.057923e+00,-9.854649e-01,-9.632128e-01,-8.869947e-01,-8.228007e-01,-8.070697e-01,-7.860529e-01,-7.855761e-01,-7.995484e-01,-8.069639e-01,-7.940053e-01,-7.854186e-01,-7.952987e-01,-7.942082e-01,-7.946798e-01,-8.154828e-01,-8.242099e-01,-8.163698e-01,-8.640060e-01,-9.045622e-01,-9.021962e-01,-9.165203e-01,-1.006808e+00,-1.034831e+00,-1.087196e+00,-1.140397e+00,
-9.940322e-01,-9.704430e-01,-9.386942e-01,-8.888262e-01,-8.611965e-01,-8.347905e-01,-8.361803e-01,-8.666519e-01,-9.330601e-01,-1.041326e+00,-1.038196e+00,-1.064971e+00,-1.065786e+00,-1.045543e+00,-1.045399e+00,-1.038521e+00,-1.038153e+00,-1.052007e+00,-1.000881e+00,-9.388326e-01,-9.088932e-01,-9.047130e-01,-9.572394e-01,
-1.052485e+00,-9.954535e-01,-9.352236e-01,-8.988875e-01,-8.910953e-01,-8.886279e-01,-8.908085e-01,-9.070954e-01,-9.225958e-01,-9.475871e-01,-9.183262e-01,-9.174919e-01,-9.179244e-01,-9.741985e-01,-9.645317e-01,-9.689245e-01,-9.465244e-01,-9.077698e-01,-8.895602e-01,-8.684988e-01,-8.611069e-01,-8.725367e-01,-9.027519e-01,-9.313666e-01,-9.838098e-01,-1.011192e+00,-1.066591e+00,
-1.045111e+00,-9.995893e-01,-9.533936e-01,-9.536880e-01,-1.039636e+00,-9.319834e-01,-8.664991e-01,-8.151032e-01,-7.950407e-01,-8.157141e-01,-8.621394e-01,-1.011593e+00,-1.115670e+00,-1.107509e+00,-1.101540e+00,-1.105158e+00,-1.107741e+00,-1.099810e+00,-1.089066e+00,-1.082234e+00,-1.074604e+00,-1.062694e+00,-9.618183e-01,-8.791149e-01,-8.468232e-01,-8.576366e-01,-8.885392e-01,-9.339893e-01,
-1.018231e+00,-9.750944e-01,-9.521199e-01,-9.260766e-01,-9.377572e-01,-9.288205e-01,-9.335105e-01,-9.690416e-01,-9.583708e-01,-9.549083e-01,-9.257832e-01,-9.253983e-01,-9.190958e-01,-9.235223e-01,-9.224568e-01,-9.321554e-01,-8.897865e-01,-8.672925e-01,-8.370771e-01,-8.289987e-01,-8.496373e-01,-8.844185e-01,-9.286375e-01,
-1.029688e+00,-1.042664e+00,-1.094396e+00,-1.096834e+00,-1.090600e+00,-1.080008e+00,-1.066274e+00,-1.054698e+00,-1.039241e+00,-1.023875e+00,-1.025055e+00,-1.033775e+00,-1.036554e+00,-1.040924e+00,-1.038150e+00,-1.042516e+00,-1.063208e+00,-1.074561e+00,
-1.088269e+00,-1.051281e+00,-1.053562e+00,-1.132116e+00,-1.120830e+00,-1.108232e+00,-1.117611e+00,-1.112649e+00,-1.098936e+00,-1.102972e+00,-1.098472e+00,-1.129224e+00,-1.110674e+00,-1.067020e+00,-1.073494e+00,-1.086926e+00,-1.113761e+00,
-9.861556e-01,-9.549233e-01,-9.306492e-01,-9.441905e-01,-9.448776e-01,-9.524359e-01,-9.677356e-01,-9.703374e-01,-9.637606e-01,-9.657112e-01,-9.638194e-01,-9.628358e-01,-9.607397e-01,-9.635815e-01,-9.624845e-01,-9.624209e-01,-9.626683e-01,-9.494673e-01,-9.476117e-01,-9.406090e-01,-9.313849e-01,-9.163053e-01,-8.993261e-01,-9.018794e-01,-9.117376e-01,-9.361072e-01,-9.664350e-01,
-1.156171e+00,-1.123957e+00,-1.061173e+00,-1.034222e+00,-9.868589e-01,-8.996036e-01,-8.903301e-01,-8.385431e-01,-8.600794e-01,-8.441797e-01,-8.636441e-01,-8.614999e-01,-8.880222e-01,-8.727041e-01,-9.017550e-01,-9.242309e-01,-9.919121e-01,-1.010045e+00,-1.030150e+00,-1.052584e+00,-1.092748e+00,-1.122259e+00,-1.167054e+00,-1.167295e+00,-1.168598e+00,-1.166616e+00,
-9.874732e-01,-9.059215e-01,-8.546559e-01,-8.169784e-01,-7.752829e-01,-7.640400e-01,-8.352030e-01,-7.358871e-01,-8.025716e-01,-7.740943e-01,-7.642959e-01,-7.492137e-01,-8.049327e-01,-7.904994e-01,-7.953377e-01,-8.130737e-01,-8.348277e-01,-8.891991e-01,-9.475490e-01,-1.015308e+00,-1.080784e+00,-1.129273e+00,
-1.068599e+00,-1.009192e+00,-9.656371e-01,-9.543502e-01,-9.610579e-01,-9.700633e-01,-9.617388e-01,-9.376040e-01,-9.385656e-01,-9.399018e-01,-9.387695e-01,-9.409131e-01,-9.362084e-01,-9.278949e-01,-9.557112e-01,-9.547644e-01,-9.459410e-01,-9.414721e-01,-9.324307e-01,-9.315730e-01,-9.223893e-01,-9.247198e-01,-9.496603e-01,-9.898279e-01,-1.021852e+00,
-1.107738e+00,-1.060508e+00,-9.863839e-01,-1.010419e+00,-1.002657e+00,-9.037023e-01,-8.782766e-01,-8.393527e-01,-8.313674e-01,-8.388231e-01,-8.426470e-01,-8.379064e-01,-8.241664e-01,-8.518866e-01,-8.653004e-01,-8.704202e-01,-8.650297e-01,-8.556757e-01,-8.792245e-01,-9.058503e-01,-9.613518e-01,-1.000380e+00,-9.835522e-01,-1.026706e+00,-1.062717e+00,-1.090819e+00,-1.127609e+00,-1.149128e+00,
-1.141268e+00,-1.131370e+00,-1.122308e+00,-1.166284e+00,-1.151600e+00,-1.129022e+00,-1.123573e+00,-1.096539e+00,-1.075649e+00,-1.068614e+00,-1.043771e+00,-1.048924e+00,-1.068033e+00,-1.073690e+00,-1.104151e+00,-1.082491e+00,-1.052930e+00,-1.059860e+00,-1.072467e+00,-1.102613e+00,
-1.086989e+00,-1.063781e+00,-1.029625e+00,-1.032021e+00,-9.621819e-01,-9.122856e-01,-8.568003e-01,-8.016902e-01,-7.600858e-01,-7.272964e-01,-7.550581e-01,-7.084121e-01,-7.461112e-01,-7.189784e-01,-7.108196e-01,-7.148396e-01,-7.343054e-01,-7.176998e-01,-7.494721e-01,-8.249089e-01,-8.229349e-01,-8.955886e-01,-9.327925e-01,-9.509780e-01,-9.921625e-01,-1.036188e+00,-1.053965e+00,-1.080951e+00,-1.128939e+00,
-1.109782e+00,-1.104587e+00,-1.102184e+00,-1.086659e+00,-1.058550e+00,-1.062207e+00,-1.027477e+00,-1.109342e+00,-1.091720e+00,-1.069147e+00,-1.063354e+00,-1.030374e+00,-1.033300e+00,-1.013175e+00,-9.076924e-01,-8.394114e-01,-8.275271e-01,-8.438584e-01,-8.263664e-01,-8.139145e-01,-8.185867e-01,-8.315210e-01,-8.415921e-01,-8.446590e-01,-8.393802e-01,-8.529037e-01,-8.663021e-01,-8.847409e-01,-9.239802e-01,-9.947241e-01,-1.140154e+00,-1.140067e+00,-1.133986e+00,-1.103624e+00,-1.119399e+00,-1.144993e+00,
-1.105330e+00,-1.086476e+00,-1.055478e+00,-1.125824e+00,-1.123678e+00,-1.119303e+00,-1.100527e+00,-1.068241e+00,-1.066209e+00,-1.058450e+00,-1.056249e+00,-1.056322e+00,-1.053808e+00,-1.062453e+00,-1.095316e+00,-1.095499e+00,-1.044144e+00,-1.056621e+00,-1.087892e+00,-1.107558e+00,
-1.052334e+00,-8.669813e-01,-7.714872e-01,-7.060311e-01,-6.793870e-01,-7.489829e-01,-9.074348e-01,-1.420445e+00,-1.095634e+00,-1.115308e+00,-1.123015e+00,-1.119029e+00,-1.042553e+00,-1.051950e+00,-9.789944e-01,-9.491058e-01,-9.322118e-01,-9.752836e-01,-1.038481e+00,-1.119192e+00,-1.135722e+00,-1.130663e+00,-1.133321e+00,
-1.164332e+00,-1.134320e+00,-1.148834e+00,-1.166569e+00,-1.137802e+00,-1.095642e+00,-1.076596e+00,-1.077592e+00,-1.065828e+00,-1.065354e+00,-1.070665e+00,-1.103757e+00,-1.122201e+00,-1.139581e+00,-1.095588e+00,-1.103675e+00,-1.116357e+00,
-1.150252e+00,-1.141321e+00,-1.143986e+00,-1.140763e+00,-1.132359e+00,-1.126175e+00,-1.130521e+00,-1.130482e+00,-1.135848e+00,-1.114884e+00,-1.112347e+00,-1.116327e+00,-1.106998e+00,-1.111175e+00,-1.106561e+00,-1.106206e+00,-1.108499e+00,-1.116744e+00,-1.118086e+00,-1.113361e+00,-1.118256e+00,-1.111393e+00,-1.113905e+00,-1.109717e+00,-1.112135e+00,-1.115980e+00,-1.113800e+00,-1.122925e+00,-1.128100e+00,-1.137631e+00,-1.141772e+00,-1.156016e+00,-1.159737e+00,-1.157889e+00,-1.169407e+00,
-1.151593e+00,-1.190300e+00,-1.216149e+00,-1.246388e+00,-1.281025e+00,-1.313469e+00,-1.348646e+00,-1.413764e+00,-1.436318e+00,-1.478724e+00,-1.478458e+00,1.492061e+00,1.454019e+00,1.458846e+00,1.510839e+00,1.533687e+00,-1.561448e+00,-1.508370e+00,-1.479521e+00,-1.422834e+00,-1.366227e+00,-1.347019e+00,-1.320349e+00,-1.279985e+00,
-1.235589e+00,-1.210111e+00,-1.184190e+00,-1.125829e+00,-1.050678e+00,-9.934455e-01,-9.073902e-01,-8.335183e-01,-8.351879e-01,-8.500919e-01,-8.144501e-01,-8.767837e-01,-9.287791e-01,-9.008321e-01,-8.921880e-01,-8.859513e-01,-8.746490e-01,-8.803939e-01,-8.747573e-01,-8.889465e-01,-9.137043e-01,-9.357283e-01,-9.527338e-01,-1.005072e+00,-1.069258e+00,-1.130420e+00,-1.187341e+00,-1.210629e+00,
-1.143273e+00,-1.143744e+00,-1.134178e+00,-1.152247e+00,-1.201618e+00,-1.137584e+00,-1.094454e+00,-1.051732e+00,-1.030059e+00,-1.004157e+00,-9.992903e-01,-9.596703e-01,-7.941005e-01,-8.166406e-01,-8.269265e-01,-8.406087e-01,-8.748718e-01,-8.622214e-01,-8.546757e-01,-8.500384e-01,-8.504129e-01,-8.513336e-01,-8.430711e-01,-8.618240e-01,-8.643707e-01,-8.893200e-01,-9.743034e-01,-9.862650e-01,-1.116420e+00,-9.894274e-01,-1.044107e+00,-1.091440e+00,-1.138664e+00,
-1.133064e+00,-1.141965e+00,-1.141607e+00,-1.130975e+00,-1.135406e+00,-1.123231e+00,-1.109397e+00,-1.109718e+00,-1.099370e+00,-1.089121e+00,-1.077002e+00,-1.064105e+00,-1.070727e+00,-1.062877e+00,-1.054252e+00,-1.050803e+00,-1.034011e+00,-1.037464e+00,-1.032620e+00,-1.027115e+00,-1.030850e+00,-1.029615e+00,-1.028763e+00,-1.030589e+00,-1.038125e+00,-1.043477e+00,-1.048303e+00,-1.047985e+00,-1.060916e+00,-1.138621e+00,-1.169351e+00,-1.165215e+00,-1.162993e+00,-1.167672e+00,-1.171242e+00,-1.177825e+00,-1.177280e+00,-1.173622e+00,-1.168402e+00,-1.168873e+00,
-1.039394e+00,-9.947826e-01,-9.638024e-01,-1.027897e+00,-9.226451e-01,-8.620395e-01,-8.091803e-01,-7.833488e-01,-8.006890e-01,-8.316336e-01,-8.852730e-01,-9.632872e-01,-9.825178e-01,-9.921486e-01,-1.030782e+00,-1.007374e+00,-9.925470e-01,-9.849319e-01,-9.395691e-01,-9.021842e-01,-9.075962e-01,-9.415550e-01,
-9.726026e-01,-8.691874e-01,-7.913920e-01,-7.344194e-01,-7.480394e-01,-8.825750e-01,-9.187936e-01,-9.797848e-01,-1.067519e+00,-1.082660e+00,-1.077983e+00,-1.033767e+00,-1.029384e+00,-1.184398e+00,-9.711913e-01,-9.588559e-01,-9.630726e-01,-9.887015e-01,-1.034085e+00,-1.065728e+00,-1.124703e+00,-1.132467e+00,-1.141326e+00,-1.138076e+00,-1.148234e+00,-1.153802e+00,-1.145968e+00,-1.149398e+00,
-1.044033e+00,-9.955914e-01,-9.557013e-01,-9.484848e-01,-9.267747e-01,-9.269236e-01,-9.135351e-01,-9.194295e-01,-8.965899e-01,-9.078208e-01,-8.964714e-01,-9.109519e-01,-9.090433e-01,-8.752154e-01,-8.930871e-01,-8.762996e-01,-8.982855e-01,-8.898901e-01,-9.046799e-01,-8.937217e-01,-9.298950e-01,-9.607586e-01,-1.005572e+00,
-1.044577e+00,-1.014031e+00,-9.772217e-01,-9.476628e-01,-9.609361e-01,-1.006807e+00,-1.032252e+00,-1.020403e+00,-1.003565e+00,-9.920332e-01,-9.900283e-01,-9.841691e-01,-9.860126e-01,-9.955798e-01,-1.093820e+00,-1.094394e+00,-1.002835e+00,-9.471707e-01,-9.040780e-01,-8.816326e-01,-8.849056e-01,-9.207264e-01,-9.572852e-01,
-1.097210e+00,-1.071347e+00,-1.139047e+00,-1.056424e+00,-1.004516e+00,-9.666466e-01,-9.667839e-01,-9.900026e-01,-1.031290e+00,-1.074498e+00,-1.147071e+00,-1.169022e+00,-1.135694e+00,-1.215848e+00,-1.197651e+00,-1.178748e+00,-1.189860e+00,-1.193394e+00,-1.181253e+00,-1.189613e+00,-1.189131e+00,-1.217725e+00,-1.256707e+00,-1.316013e+00,-1.239114e+00,-1.216193e+00,-1.183181e+00,-1.178447e+00,-1.182058e+00,-1.196795e+00,
-1.108902e+00,-1.045771e+00,-9.901127e-01,-9.718746e-01,-9.465221e-01,-8.486377e-01,-8.099917e-01,-8.116661e-01,-7.853661e-01,-7.765693e-01,-7.767449e-01,-7.800997e-01,-7.914500e-01,-7.950324e-01,-7.904204e-01,-8.042159e-01,-8.281468e-01,-8.645594e-01,-8.938963e-01,-9.511421e-01,-1.012608e+00,-1.074397e+00,-1.114062e+00,-1.125277e+00,
-1.029524e+00,-1.005396e+00,-9.739600e-01,-9.656424e-01,-9.727136e-01,-9.710083e-01,-9.597693e-01,-9.575346e-01,-9.642652e-01,-9.597918e-01,-9.540945e-01,-9.538684e-01,-9.573033e-01,-9.547005e-01,-9.482830e-01,-9.408759e-01,-9.376565e-01,-9.264112e-01,-9.043543e-01,-8.458098e-01,-7.605268e-01,-6.738312e-01,-6.291744e-01,-6.376857e-01,-7.010804e-01,-7.123620e-01,-9.155489e-01,-9.386535e-01,-9.651357e-01,-9.572397e-01,-9.653870e-01,-9.751124e-01,-9.720634e-01,-9.264007e-01,-8.358079e-01,-8.207885e-01,-7.986973e-01,-8.181327e-01,-8.704935e-01,
-1.057931e+00,-1.013884e+00,-9.724863e-01,-9.520311e-01,-9.499915e-01,-9.914665e-01,-9.920911e-01,-9.861667e-01,-9.849750e-01,-9.772986e-01,-9.581010e-01,-9.564958e-01,-9.518392e-01,-9.555736e-01,-9.554728e-01,-9.487035e-01,-9.572678e-01,-9.416022e-01,-9.128924e-01,-9.119519e-01,-9.194818e-01,-9.237853e-01,-9.584491e-01,
-1.136308e+00,-1.140225e+00,-1.137281e+00,-1.126224e+00,-1.126879e+00,-1.128707e+00,-1.113013e+00,-1.125381e+00,-1.115863e+00,-1.123643e+00,-1.125223e+00,-1.121423e+00,-1.121511e+00,-1.130465e+00,-1.136592e+00,-1.131233e+00,-1.134710e+00,-1.136997e+00,-1.138438e+00,-1.146505e+00,-1.138846e+00,-1.157012e+00,-1.154391e+00,-1.145666e+00,-1.144920e+00,-1.141658e+00,-1.143858e+00,-1.143131e+00,-1.153163e+00,-1.156638e+00,-1.176097e+00,-1.177839e+00,-1.186866e+00,-1.184709e+00,-1.187401e+00,-1.159850e+00,-1.165175e+00,-1.162232e+00,-1.172394e+00,
-1.140194e+00,-1.095959e+00,-1.033954e+00,-9.870783e-01,-9.277435e-01,-8.836182e-01,-8.004428e-01,-7.857004e-01,-7.636331e-01,-7.445483e-01,-7.175310e-01,-6.906304e-01,-6.504530e-01,-5.871295e-01,-6.878350e-01,-7.069296e-01,-7.314391e-01,-7.853170e-01,-7.953441e-01,-8.171177e-01,-8.405998e-01,-8.911378e-01,-9.138907e-01,-9.884104e-01,-1.048953e+00,-1.097567e+00,-1.134820e+00,
-1.180391e+00,-1.142667e+00,-1.111601e+00,-1.050638e+00,-9.785178e-01,-9.036773e-01,-8.304609e-01,-7.891741e-01,-7.293473e-01,-6.917651e-01,-5.745744e-01,-5.467411e-01,-5.072926e-01,-4.975147e-01,-5.154455e-01,-5.049124e-01,-5.119600e-01,-5.269716e-01,-5.298116e-01,-5.977416e-01,-7.589615e-01,-8.190069e-01,-8.096707e-01,-9.112982e-01,-9.808749e-01,-1.051925e+00,-1.107636e+00,-1.130515e+00,
-1.132804e+00,-1.080257e+00,-9.995670e-01,-9.354130e-01,-8.984944e-01,-8.115513e-01,-7.935526e-01,-7.579265e-01,-7.575673e-01,-7.620273e-01,-7.475811e-01,-7.312639e-01,-7.251713e-01,-7.212139e-01,-7.309960e-01,-7.306981e-01,-7.314482e-01,-7.721970e-01,-7.946007e-01,-7.934179e-01,-8.569361e-01,-8.268125e-01,-8.977245e-01,-9.708858e-01,-1.034093e+00,-1.080465e+00,
-1.077336e+00,-1.076087e+00,-1.062381e+00,-1.008501e+00,-1.008467e+00,-9.403130e-01,-8.761811e-01,-8.051023e-01,-7.965638e-01,-7.942601e-01,-7.911652e-01,-9.067825e-01,-9.508046e-01,-9.703725e-01,-9.825206e-01,-9.722399e-01,-9.774761e-01,-9.848744e-01,-9.856544e-01,-9.931310e-01,-9.517063e-01,-8.033409e-01,-8.036807e-01,-8.203570e-01,-8.927652e-01,-9.731493e-01,
-1.178205e+00,-1.168545e+00,-1.123077e+00,-1.061483e+00,-9.712923e-01,-9.312578e-01,-8.734925e-01,-7.661276e-01,-7.331533e-01,-7.378214e-01,-7.450937e-01,-7.183858e-01,-7.677546e-01,-7.726256e-01,-7.724087e-01,-7.805132e-01,-7.756355e-01,-7.751867e-01,-7.807008e-01,-7.720525e-01,-7.723929e-01,-7.757164e-01,-8.036342e-01,-8.790382e-01,-8.659398e-01,-8.962413e-01,-9.710308e-01,-1.031200e+00,-1.088607e+00,-1.130033e+00,
-1.013847e+00,-9.772588e-01,-9.308191e-01,-9.562258e-01,-9.245541e-01,-8.470338e-01,-8.221225e-01,-7.996303e-01,-8.110898e-01,-8.897201e-01,-9.489202e-01,-9.597756e-01,-9.706759e-01,-9.622681e-01,-9.708572e-01,-9.653508e-01,-9.630160e-01,-9.552042e-01,-9.154126e-01,-9.246279e-01,-9.496837e-01,-9.795871e-01,
-1.157568e+00,-1.123346e+00,-1.036264e+00,-9.594040e-01,-9.149449e-01,-9.087713e-01,-8.633194e-01,-8.331097e-01,-7.738596e-01,-7.765593e-01,-7.847675e-01,-8.213503e-01,-8.031327e-01,-8.175846e-01,-8.249186e-01,-8.452765e-01,-8.332267e-01,-8.804458e-01,-9.302533e-01,-8.980260e-01,-9.500297e-01,-9.850734e-01,-1.031586e+00,
-9.756716e-01,-9.579138e-01,-9.413525e-01,-9.412292e-01,-9.490792e-01,-9.292328e-01,-9.923030e-01,-9.890432e-01,-9.963684e-01,-9.948702e-01,-1.017488e+00,-1.001385e+00,-9.810082e-01,-9.848686e-01,-9.957716e-01,-9.913213e-01,-9.747625e-01,-9.196990e-01,-9.019440e-01,-8.955266e-01,-8.970793e-01,-9.138975e-01,-9.507443e-01,
