-2.343760e+00,-2.323103e+00,-2.307164e+00,-2.375252e+00,-2.487089e+00,-2.557261e+00,-2.641302e+00,-2.672248e+00,-2.560920e+00,-2.467120e+00,-2.414657e+00,-2.382196e+00,-2.361033e+00,-2.354936e+00,-2.343268e+00,-2.351208e+00,-2.351986e+00,-2.340209e+00,-2.319360e+00,-2.307896e+00,-2.299460e+00,-2.336319e+00,-2.360873e+00,-2.380315e+00,-2.381918e+00,
-2.286923e+00,-2.274147e+00,-2.377660e+00,-2.463421e+00,-2.562918e+00,-2.625193e+00,-2.674997e+00,-2.621670e+00,-2.511922e+00,-2.429615e+00,-2.377186e+00,-2.361846e+00,-2.340516e+00,-2.340015e+00,-2.349032e+00,-2.347054e+00,-2.337781e+00,-2.330313e+00,-2.318649e+00,-2.307254e+00,-2.315948e+00,-2.336118e+00,-2.349144e+00,-2.362054e+00,-2.368822e+00,
-2.344990e+00,-2.287291e+00,-2.267701e+00,-2.279540e+00,-2.318194e+00,-2.316985e+00,-2.354088e+00,-2.358665e+00,-2.341935e+00,-2.311376e+00,-2.268789e+00,-2.239216e+00,-2.209748e+00,-2.208512e+00,-2.228398e+00,-2.233162e+00,-2.236711e+00,-2.251120e+00,-2.262938e+00,-2.271730e+00,-2.283611e+00,-2.286503e+00,-2.324280e+00,-2.355632e+00,
-2.315060e+00,-2.316174e+00,-2.310976e+00,-2.303298e+00,-2.292361e+00,-2.277637e+00,-2.269961e+00,-2.255172e+00,-2.281113e+00,-2.288876e+00,-2.262749e+00,-2.256900e+00,-2.211350e+00,-2.178404e+00,-2.169581e+00,-2.167683e+00,-2.150033e+00,-2.148017e+00,-2.146363e+00,-2.155830e+00,-2.166478e+00,-2.169744e+00,-2.163618e+00,-2.165861e+00,-2.185478e+00,-2.187646e+00,-2.239032e+00,-2.293467e+00,-2.327983e+00,-2.339088e+00,-2.333298e+00,-2.343791e+00,-2.346598e+00,-2.356865e+00,
-2.102275e+00,-2.073496e+00,-2.038780e+00,-1.994134e+00,-2.008960e+00,-2.029845e+00,-2.015402e+00,-2.016132e+00,-2.019831e+00,-2.022525e+00,-2.047843e+00,-2.056840e+00,-2.066451e+00,-2.090492e+00,-2.090633e+00,-2.073056e+00,-2.078517e+00,-2.114229e+00,-2.116103e+00,-2.122797e+00,-2.117012e+00,
-2.259720e+00,-2.218779e+00,-2.174269e+00,-2.154736e+00,-2.114037e+00,-2.096485e+00,-2.081926e+00,-1.953709e+00,-1.930820e+00,-1.871909e+00,-1.847795e+00,-1.856879e+00,-1.877621e+00,-1.909619e+00,-1.902915e+00,-1.911278e+00,-1.938481e+00,-1.961226e+00,-1.973152e+00,-1.995131e+00,-2.090141e+00,-2.152650e+00,-2.237341e+00,-2.319061e+00,-2.311568e+00,-2.331285e+00,-2.341380e+00,-2.343578e+00,-2.353172e+00,
-2.109309e+00,-2.081097e+00,-2.064479e+00,-2.073568e+00,-2.052661e+00,-2.061091e+00,-2.053342e+00,-2.065653e+00,-2.036357e+00,-2.031661e+00,-2.083790e+00,-2.096875e+00,-2.105004e+00,-2.124104e+00,-2.113937e+00,-2.131765e+00,-2.124738e+00,-2.080232e+00,-2.081195e+00,-2.085227e+00,-2.092650e+00,-2.109568e+00,-2.126725e+00,
-2.343119e+00,-2.330767e+00,-2.300380e+00,-2.302218e+00,-2.403611e+00,-2.525697e+00,-2.656475e+00,4.624463e-01,-2.648212e+00,-2.493927e+00,-2.393965e+00,-2.345367e+00,-2.315401e+00,-2.315353e+00,-2.318750e+00,-2.322513e+00,-2.323620e+00,-2.303269e+00,-2.278504e+00,-2.272954e+00,-2.292216e+00,
-2.274321e+00,-2.235775e+00,-2.272613e+00,-2.363748e+00,-2.524288e+00,-2.502812e+00,-2.402473e+00,-2.326312e+00,-2.275961e+00,-2.272621e+00,-2.268304e+00,-2.284461e+00,-2.293761e+00,-2.274450e+00,-2.231818e+00,-2.217156e+00,-2.263470e+00,-2.314207e+00,-2.352573e+00,
-2.297293e+00,-2.305584e+00,-2.284698e+00,-2.254461e+00,-2.294279e+00,-2.248793e+00,-2.146515e+00,-1.977997e+00,-1.936463e+00,-1.930697e+00,-1.945825e+00,-1.970677e+00,-1.970817e+00,-1.973346e+00,-1.982291e+00,-2.001570e+00,-2.056663e+00,-2.143628e+00,-2.219399e+00,-2.318866e+00,-2.383868e+00,-2.383692e+00,-2.348339e+00,-2.354890e+00,-2.359676e+00,-2.357094e+00,-2.348732e+00,-2.331366e+00,
-2.093287e+00,-2.062533e+00,-2.046300e+00,-2.032402e+00,-2.025625e+00,-2.002983e+00,-1.972476e+00,-1.963718e+00,-2.009498e+00,-2.027176e+00,-2.021626e+00,-2.031687e+00,-1.993061e+00,-1.983086e+00,-1.987869e+00,-2.001959e+00,-2.015666e+00,-2.029953e+00,-2.045397e+00,-2.070395e+00,-2.080801e+00,-2.047020e+00,-2.046278e+00,-2.078102e+00,
-2.289230e+00,-2.276581e+00,-2.249523e+00,-2.196078e+00,-2.158297e+00,-2.165594e+00,-2.196157e+00,-2.193651e+00,-2.139153e+00,-2.066041e+00,-2.010186e+00,-2.000850e+00,-1.980316e+00,-1.980369e+00,-1.994799e+00,-2.030899e+00,-2.038155e+00,-2.032042e+00,-2.031187e+00,-2.042747e+00,-2.048233e+00,-2.038005e+00,-2.061907e+00,-2.130398e+00,-2.186985e+00,-2.258326e+00,-2.323377e+00,-2.364666e+00,-2.375911e+00,-2.341642e+00,-2.334659e+00,-2.349091e+00,-2.346992e+00,-2.355669e+00,
-2.113536e+00,-2.108719e+00,-2.059434e+00,-2.024269e+00,-1.992451e+00,-1.964026e+00,-1.965020e+00,-1.936532e+00,-1.952152e+00,-1.959529e+00,-1.971776e+00,-1.977134e+00,-1.983188e+00,-2.032045e+00,-2.038258e+00,-2.069949e+00,-2.092280e+00,-2.083372e+00,-2.069634e+00,-2.083834e+00,-2.095578e+00,-2.120592e+00,-2.136167e+00,-2.129133e+00,-2.134984e+00,
-2.266303e+00,-2.287038e+00,-2.319931e+00,-2.369128e+00,-2.460393e+00,-2.499423e+00,-2.597855e+00,-2.582003e+00,-2.449127e+00,-2.363057e+00,-2.297513e+00,-2.280805e+00,-2.277126e+00,-2.283486e+00,-2.294787e+00,-2.310456e+00,-2.290749e+00,-2.283573e+00,-2.269448e+00,-2.269896e+00,-2.251586e+00,-2.275133e+00,-2.295537e+00,-2.319513e+00,-2.333091e+00,-2.336321e+00,-2.336101e+00,-2.331637e+00,
-2.117757e+00,-2.084801e+00,-2.035235e+00,-2.010241e+00,-2.006604e+00,-2.013982e+00,-2.029959e+00,-2.018740e+00,-2.019764e+00,-2.004770e+00,-2.039302e+00,-2.026751e+00,-2.049555e+00,-2.052405e+00,-2.073381e+00,-2.104213e+00,-2.124529e+00,-2.146264e+00,-2.145888e+00,-2.100109e+00,-2.122821e+00,-2.114392e+00,
-2.188490e+00,-2.145091e+00,-2.089287e+00,-2.073587e+00,-2.072882e+00,-2.066725e+00,-2.069736e+00,-2.052016e+00,-2.046072e+00,-2.039979e+00,-2.052869e+00,-2.052919e+00,-2.068604e+00,-2.076543e+00,-2.083444e+00,-2.085902e+00,-2.084715e+00,-2.098397e+00,-2.099308e+00,-2.099589e+00,-2.124600e+00,-2.161051e+00,-2.161640e+00,-2.177407e+00,
-2.237160e+00,-2.244843e+00,-2.211275e+00,-2.179900e+00,-2.145663e+00,-2.117033e+00,-2.089308e+00,-2.108284e+00,-2.126941e+00,-2.138893e+00,-2.154610e+00,-2.159873e+00,-2.143129e+00,-2.135946e+00,-2.109643e+00,-2.093112e+00,-2.044791e+00,-2.029373e+00,-2.047066e+00,-2.074694e+00,-2.104288e+00,-2.137113e+00,-2.153546e+00,-2.129443e+00,-2.119347e+00,-2.099895e+00,-2.074134e+00,-2.058979e+00,-2.161872e+00,-2.184576e+00,-2.215335e+00,-2.226924e+00,
-2.253386e+00,-2.238802e+00,-2.174935e+00,-2.206029e+00,-2.240491e+00,-2.255956e+00,-2.240154e+00,-2.231035e+00,-2.193386e+00,-2.189785e+00,-2.199174e+00,-2.210093e+00,-2.210120e+00,-2.202875e+00,-2.225289e+00,-2.212723e+00,-2.247064e+00,-2.247808e+00,-2.221994e+00,-2.200455e+00,-2.198407e+00,-2.211276e+00,-2.212688e+00,-2.211141e+00,-2.197695e+00,-2.212675e+00,-2.218938e+00,-2.240946e+00,-2.247686e+00,-2.217458e+00,-2.204979e+00,-2.196945e+00,-2.159127e+00,-2.140127e+00,-2.171315e+00,-2.199709e+00,-2.228020e+00,-2.249886e+00,-2.257173e+00,
-2.250875e+00,-2.244328e+00,-2.226265e+00,-2.215439e+00,-2.182039e+00,-2.198113e+00,-2.262160e+00,-2.293102e+00,-2.306578e+00,-2.293432e+00,-2.240942e+00,-2.199836e+00,-2.210414e+00,-2.214542e+00,-2.210066e+00,-2.209891e+00,-2.224669e+00,-2.253668e+00,-2.269615e+00,-2.282787e+00,-2.308509e+00,-2.280401e+00,-2.239365e+00,-2.225261e+00,-2.207553e+00,-2.206178e+00,-2.201900e+00,-2.208447e+00,-2.208224e+00,-2.200633e+00,-2.183968e+00,-2.162392e+00,-2.175179e+00,-2.188311e+00,-2.210116e+00,-2.225874e+00,-2.232903e+00,-2.236297e+00,-2.239296e+00,
-2.159422e+00,-2.122705e+00,-2.089830e+00,-2.029703e+00,-2.018204e+00,-2.005196e+00,-1.987273e+00,-2.001634e+00,-1.966343e+00,-1.914250e+00,-1.922562e+00,-1.916800e+00,-1.923926e+00,-1.949404e+00,-1.986317e+00,-2.019607e+00,-2.029690e+00,-2.009675e+00,-2.038999e+00,-2.051414e+00,-2.096129e+00,-2.089855e+00,-2.099336e+00,-2.164559e+00,-2.176386e+00,
-2.229263e+00,-2.198749e+00,-2.160732e+00,-2.106952e+00,-2.089689e+00,-2.032053e+00,-2.036042e+00,-1.980053e+00,-1.986004e+00,-1.937175e+00,-1.923369e+00,-1.922794e+00,-1.928290e+00,-1.935566e+00,-1.961856e+00,-1.997476e+00,-2.015283e+00,-2.006700e+00,-2.004922e+00,-2.002192e+00,-2.007785e+00,-2.000504e+00,-2.016432e+00,-2.007947e+00,-2.021868e+00,-2.044499e+00,-2.083760e+00,-2.150113e+00,-2.235083e+00,-2.262879e+00,-2.269573e+00,
-2.231160e+00,-2.228986e+00,-2.196838e+00,-2.166984e+00,-2.194056e+00,-2.214940e+00,-2.259154e+00,-2.267390e+00,-2.230306e+00,-2.205904e+00,-2.214269e+00,-2.209499e+00,-2.201175e+00,-2.200972e+00,-2.206628e+00,-2.225644e+00,-2.245612e+00,-2.234310e+00,-2.205498e+00,-2.189197e+00,-2.185911e+00,-2.195472e+00,-2.187511e+00,-2.193945e+00,-2.186979e+00,-2.170764e+00,-2.168984e+00,-2.148293e+00,-2.123848e+00,-2.116380e+00,-2.147851e+00,-2.160537e+00,-2.191362e+00,-2.211884e+00,-2.225353e+00,-2.243078e+00,-2.254132e+00,
-2.207105e+00,-2.168210e+00,-2.132240e+00,-2.121422e+00,-2.079606e+00,-2.108094e+00,-2.062788e+00,-2.051496e+00,-2.039308e+00,-1.960970e+00,-1.933014e+00,-1.939007e+00,-1.960314e+00,-1.963131e+00,-1.968136e+00,-1.966780e+00,-1.984723e+00,-1.990283e+00,-2.011894e+00,-2.027309e+00,-2.057065e+00,-2.060129e+00,-2.070611e+00,-2.082683e+00,-2.159073e+00,-2.184890e+00,
-2.176442e+00,-2.132702e+00,-2.111462e+00,-2.105431e+00,-2.108891e+00,-2.092635e+00,-2.078585e+00,-2.004111e+00,-1.991739e+00,-1.951363e+00,-1.959816e+00,-1.976631e+00,-2.000174e+00,-2.015064e+00,-2.014024e+00,-2.026183e+00,-2.027427e+00,-2.031236e+00,-2.036729e+00,-2.035839e+00,-2.049349e+00,-2.012956e+00,-2.059870e+00,-2.133822e+00,-2.179912e+00,
-2.138584e+00,-2.103012e+00,-2.073188e+00,-2.067844e+00,-2.064282e+00,-2.079531e+00,-2.076385e+00,-2.068797e+00,-2.047757e+00,-2.068581e+00,-2.076111e+00,-2.067376e+00,-2.065054e+00,-2.072974e+00,-2.094275e+00,-2.086207e+00,-2.081640e+00,-2.048452e+00,-2.057970e+00,-2.090724e+00,-2.096634e+00,
-2.103372e+00,-2.073742e+00,-2.072429e+00,-2.082974e+00,-2.092734e+00,-2.120533e+00,-2.136534e+00,-2.144603e+00,-2.140738e+00,-2.124215e+00,-2.094217e+00,-2.100897e+00,-2.111387e+00,-2.104456e+00,-2.083840e+00,-2.076936e+00,-2.072998e+00,-2.059709e+00,-2.052561e+00,-2.076925e+00,-2.089024e+00,-2.106802e+00,
-2.103991e+00,-2.105754e+00,-2.106071e+00,-2.066256e+00,-2.053126e+00,-2.024636e+00,-2.053513e+00,-2.061377e+00,-2.038392e+00,-2.034857e+00,-2.008560e+00,-2.029558e+00,-2.022007e+00,-2.040015e+00,-2.043800e+00,-2.065951e+00,-2.092538e+00,-2.116151e+00,-2.129622e+00,-2.086766e+00,-2.105178e+00,-2.119051e+00,-2.134204e+00,-2.144668e+00,-2.151317e+00,
-2.245667e+00,-2.246141e+00,-2.247174e+00,-2.236088e+00,-2.191247e+00,-2.166951e+00,-2.196928e+00,-2.228112e+00,-2.241098e+00,-2.254207e+00,-2.213652e+00,-2.180347e+00,-2.206631e+00,-2.212891e+00,-2.194824e+00,-2.206650e+00,-2.222717e+00,-2.237045e+00,-2.254714e+00,-2.252107e+00,-2.223178e+00,-2.200200e+00,-2.205132e+00,-2.195699e+00,-2.203490e+00,-2.203260e+00,-2.201875e+00,-2.207414e+00,-2.203950e+00,-2.206487e+00,-2.174916e+00,-2.162624e+00,-2.127508e+00,-2.129199e+00,-2.159393e+00,-2.206622e+00,-2.242492e+00,-2.253171e+00,
-2.311097e+00,-2.269350e+00,-2.270184e+00,-2.372864e+00,-2.501154e+00,-2.705139e+00,-2.690169e+00,-2.613366e+00,-2.487424e+00,-2.444688e+00,-2.319410e+00,-2.275517e+00,-2.260913e+00,-2.219665e+00,-2.186665e+00,-2.131377e+00,-2.122594e+00,-2.174085e+00,-2.278497e+00,-2.352749e+00,-2.332882e+00,-2.320052e+00,
-2.122595e+00,-2.119840e+00,-2.119971e+00,-2.098866e+00,-2.085988e+00,-2.056834e+00,-2.020570e+00,-2.007487e+00,-1.995372e+00,-1.976307e+00,-1.983237e+00,-1.997519e+00,-1.999297e+00,-1.996086e+00,-2.010879e+00,-2.029660e+00,-2.025577e+00,-2.032720e+00,-2.064636e+00,-2.082934e+00,-2.098253e+00,-2.085852e+00,-2.085080e+00,-2.101702e+00,-2.097863e+00,-2.114744e+00,-2.127843e+00,-2.132633e+00,-2.124847e+00,
-2.250050e+00,-2.331503e+00,-2.423937e+00,-2.448326e+00,-2.346304e+00,-2.306709e+00,-2.280778e+00,-2.287951e+00,-2.299862e+00,-2.303638e+00,-2.288192e+00,-2.254590e+00,-2.251676e+00,-2.265746e+00,-2.299538e+00,-2.318106e+00,-2.322427e+00,-2.321305e+00,-2.305768e+00,-2.306392e+00,-2.317362e+00,-2.313527e+00,-2.314111e+00,
-2.288932e+00,-2.263727e+00,-2.255801e+00,-2.229230e+00,-2.213040e+00,-2.196215e+00,-2.257784e+00,-2.288073e+00,-2.212071e+00,-2.159915e+00,-2.111060e+00,-2.120123e+00,-2.131596e+00,-2.171072e+00,-2.188526e+00,-2.198536e+00,-2.195792e+00,-2.185753e+00,-2.182966e+00,-2.191602e+00,-2.200615e+00,-2.232626e+00,-2.245349e+00,-2.266523e+00,-2.274289e+00,-2.247740e+00,-2.230452e+00,-2.313748e+00,-2.317035e+00,-2.317842e+00,
-2.165763e+00,-2.127374e+00,-2.093745e+00,-2.069772e+00,-2.061810e+00,-2.078424e+00,-2.085735e+00,-2.094970e+00,-2.058272e+00,-2.058248e+00,-2.039940e+00,-2.049481e+00,-2.066109e+00,-2.077010e+00,-2.101574e+00,-2.107027e+00,-2.114091e+00,-2.120015e+00,-2.114879e+00,-2.119636e+00,-2.083208e+00,-2.097991e+00,-2.133714e+00,-2.146938e+00,-2.165808e+00,-2.178618e+00,
-2.110961e+00,-2.089277e+00,-2.054484e+00,-2.068754e+00,-2.093297e+00,-2.115174e+00,-2.106283e+00,-2.092484e+00,-2.112655e+00,-2.118876e+00,-2.127608e+00,-2.127794e+00,-2.138488e+00,-2.130219e+00,-2.121255e+00,-2.064790e+00,-2.070303e+00,-2.103316e+00,-2.124088e+00,-2.143772e+00,
-2.319523e+00,-2.315170e+00,-2.291737e+00,-2.297706e+00,-2.304880e+00,-2.423950e+00,-2.394020e+00,-2.319743e+00,-2.390468e+00,-1.897791e+00,-1.880254e+00,-1.923743e+00,-1.981192e+00,-1.999857e+00,-2.020012e+00,-2.034682e+00,-2.021576e+00,-2.030185e+00,-2.041969e+00,-2.127847e+00,-2.176050e+00,-2.257047e+00,-2.344128e+00,-2.384838e+00,-2.355194e+00,-2.348180e+00,-2.337477e+00,
-2.318326e+00,-2.297480e+00,-2.292779e+00,-2.290872e+00,-2.293059e+00,-2.312401e+00,-2.432537e+00,-2.502651e+00,-2.434121e+00,-2.291713e+00,-2.207820e+00,-2.194775e+00,-2.252350e+00,-2.256673e+00,-2.272641e+00,-2.264586e+00,-2.250085e+00,-2.248992e+00,-2.248575e+00,-2.264316e+00,-2.289263e+00,-2.298910e+00,-2.333971e+00,-2.279351e+00,-2.278143e+00,-2.328226e+00,-2.367303e+00,-2.335917e+00,
-2.133896e+00,-2.131319e+00,-2.130083e+00,-2.109893e+00,-2.105029e+00,-2.103262e+00,-2.093028e+00,-2.089940e+00,-2.086321e+00,-2.073667e+00,-2.069536e+00,-2.030013e+00,-2.018589e+00,-1.994509e+00,-2.012645e+00,-2.018657e+00,-2.016906e+00,-2.018896e+00,-1.973251e+00,-1.968161e+00,-1.985228e+00,-1.999528e+00,-2.011485e+00,-2.037331e+00,-2.072714e+00,-2.102348e+00,-2.143008e+00,-2.075902e+00,-2.095501e+00,-2.098838e+00,-2.117175e+00,-2.105940e+00,-2.119107e+00,-2.138839e+00,-2.147674e+00,
-2.173688e+00,-2.158290e+00,-2.096466e+00,-2.071013e+00,-2.071384e+00,-2.096324e+00,-2.102246e+00,-2.083360e+00,-2.070531e+00,-2.071188e+00,-2.083918e+00,-2.087950e+00,-2.092758e+00,-2.096740e+00,-2.104924e+00,-2.112967e+00,-2.071045e+00,-2.072619e+00,-2.090861e+00,-2.114764e+00,-2.147633e+00,-2.165668e+00,-2.172985e+00,-2.160292e+00,-2.187440e+00,
-2.298104e+00,-2.283734e+00,-2.267051e+00,-2.278566e+00,-2.310527e+00,-2.307999e+00,-2.331365e+00,-2.414993e+00,-2.325728e+00,-2.304659e+00,-2.064871e+00,-1.901810e+00,-1.864921e+00,-1.856393e+00,-1.875246e+00,-1.906031e+00,-1.916838e+00,-1.904388e+00,-1.892986e+00,-1.897259e+00,-1.904646e+00,-1.999056e+00,-2.117451e+00,-2.286361e+00,-2.308505e+00,-2.312587e+00,-2.377151e+00,-2.355445e+00,-2.333580e+00,
-2.319895e+00,-2.294556e+00,-2.274055e+00,-2.241831e+00,-2.218545e+00,-2.209867e+00,-2.219046e+00,-2.216406e+00,-2.165035e+00,-2.114494e+00,-2.081393e+00,-2.070558e+00,-2.070788e+00,-2.097695e+00,-2.111406e+00,-2.105062e+00,-2.107411e+00,-2.110011e+00,-2.126740e+00,-2.111091e+00,-2.123768e+00,-2.131124e+00,-2.138444e+00,-2.164535e+00,-2.244169e+00,-2.278481e+00,-2.281749e+00,-2.291884e+00,-2.305789e+00,-2.342766e+00,-2.372203e+00,-2.377198e+00,-2.369214e+00,
-2.307478e+00,-2.291764e+00,-2.264889e+00,-2.278765e+00,-2.408491e+00,-2.522480e+00,-2.610888e+00,-2.520205e+00,-2.421099e+00,-2.315761e+00,-2.304955e+00,-2.327523e+00,-2.313921e+00,-2.299171e+00,-2.289214e+00,-2.261204e+00,-2.229241e+00,-2.206690e+00,-2.238670e+00,-2.315107e+00,-2.336762e+00,-2.328420e+00,-2.315919e+00,-2.318805e+00,-2.312525e+00,
-2.338165e+00,-2.329193e+00,-2.349077e+00,-2.371850e+00,-2.365759e+00,-2.431423e+00,-2.451040e+00,-2.238786e+00,-2.273853e+00,-2.227454e+00,-2.033067e+00,-1.869535e+00,-1.820448e+00,-1.841617e+00,-1.865791e+00,-1.884498e+00,-1.910972e+00,-1.923872e+00,-1.922303e+00,-1.940163e+00,-1.950529e+00,-1.973607e+00,-1.996966e+00,-2.018576e+00,-2.088917e+00,-2.123482e+00,-2.190806e+00,-2.261222e+00,-2.281643e+00,-2.303024e+00,-2.360520e+00,
-2.158349e+00,-2.159600e+00,-2.126879e+00,-2.084243e+00,-2.048936e+00,-2.061366e+00,-2.069687e+00,-2.092777e+00,-2.092125e+00,-2.080111e+00,-2.085324e+00,-2.082243e+00,-2.108082e+00,-2.118700e+00,-2.130467e+00,-2.141360e+00,-2.123888e+00,-2.115010e+00,-2.051796e+00,-2.071730e+00,-2.087286e+00,-2.116799e+00,-2.143661e+00,-2.164871e+00,
-2.105179e+00,-2.094232e+00,-2.042617e+00,-1.995684e+00,-2.007310e+00,-2.033893e+00,-2.038569e+00,-2.043155e+00,-2.046354e+00,-2.040879e+00,-2.039766e+00,-2.052831e+00,-2.063050e+00,-2.063468e+00,-2.070972e+00,-2.085455e+00,-2.109423e+00,-2.106245e+00,-2.120469e+00,-2.080863e+00,-2.090513e+00,-2.106142e+00,-2.119423e+00,-2.138144e+00,-2.149615e+00,
-2.349813e+00,-2.345332e+00,-2.319226e+00,-2.312125e+00,-2.386545e+00,-2.491339e+00,-2.664953e+00,3.550626e-01,3.307887e-01,3.709431e-01,4.056771e-01,-2.653538e+00,-2.510198e+00,-2.397809e+00,-2.323007e+00,-2.272433e+00,-2.285910e+00,-2.291225e+00,-2.297834e+00,-2.292370e+00,-2.299664e+00,-2.306994e+00,-2.263327e+00,-2.249462e+00,-2.228964e+00,-2.253498e+00,-2.292395e+00,-2.342732e+00,-2.404573e+00,-2.378275e+00,-2.367445e+00,
-2.209797e+00,-2.204883e+00,-2.185050e+00,-2.154799e+00,-2.114682e+00,-2.086537e+00,-2.082930e+00,-2.074370e+00,-2.015291e+00,-2.018034e+00,-2.015168e+00,-2.003690e+00,-1.954484e+00,-1.946196e+00,-1.958154e+00,-1.972253e+00,-1.970425e+00,-1.972138e+00,-1.990809e+00,-1.978436e+00,-1.985281e+00,-1.991234e+00,-2.002049e+00,-2.024306e+00,-2.058477e+00,-2.047514e+00,-2.082134e+00,-2.141732e+00,-2.180735e+00,-2.210099e+00,-2.218047e+00,
-2.159032e+00,-2.129580e+00,-2.125520e+00,-2.071841e+00,-2.041467e+00,-2.072921e+00,-2.044729e+00,-2.053924e+00,-2.048613e+00,-2.008540e+00,-1.973931e+00,-1.932375e+00,-1.956400e+00,-1.976907e+00,-1.984899e+00,-1.992126e+00,-1.993422e+00,-1.989868e+00,-2.000714e+00,-2.007864e+00,-2.014895e+00,-2.032608e+00,-2.035693e+00,-2.054421e+00,-2.090145e+00,-2.148184e+00,-2.218287e+00,-2.243575e+00,-2.256389e+00,-2.242317e+00,
-2.242614e+00,-2.252004e+00,-2.250216e+00,-2.222030e+00,-2.204489e+00,-2.184581e+00,-2.199776e+00,-2.224286e+00,-2.224223e+00,-2.227219e+00,-2.207461e+00,-2.222812e+00,-2.228852e+00,-2.231684e+00,-2.220173e+00,-2.223187e+00,-2.216639e+00,-2.234133e+00,-2.226722e+00,-2.227144e+00,-2.210607e+00,-2.214148e+00,-2.213305e+00,-2.221057e+00,-2.210536e+00,-2.201713e+00,-2.203469e+00,-2.193269e+00,-2.183340e+00,-2.161481e+00,-2.140140e+00,-2.159919e+00,-2.174905e+00,
-2.247792e+00,-2.237877e+00,-2.188860e+00,-2.186056e+00,-2.203158e+00,-2.234123e+00,-2.254589e+00,-2.229158e+00,-2.203444e+00,-2.218536e+00,-2.217617e+00,-2.221361e+00,-2.234291e+00,-2.240405e+00,-2.257545e+00,-2.279364e+00,-2.277759e+00,-2.249506e+00,-2.220596e+00,-2.219981e+00,-2.220796e+00,-2.228275e+00,-2.217635e+00,-2.207539e+00,-2.186816e+00,-2.175284e+00,-2.148682e+00,-2.147710e+00,-2.178668e+00,-2.208642e+00,-2.217408e+00,-2.240187e+00,
-2.179798e+00,-2.162734e+00,-2.144136e+00,-2.173426e+00,-2.218994e+00,-2.284035e+00,-2.310091e+00,-2.309765e+00,-2.277107e+00,-2.223577e+00,-2.211743e+00,-2.209767e+00,-2.216424e+00,-2.206941e+00,-2.212713e+00,-2.259457e+00,-2.268409e+00,-2.274498e+00,-2.269662e+00,-2.240629e+00,-2.208850e+00,-2.192539e+00,-2.194981e+00,-2.190856e+00,-2.202549e+00,-2.190055e+00,-2.189085e+00,-2.160072e+00,-2.132487e+00,-2.173644e+00,-2.215540e+00,
-2.217008e+00,-2.200551e+00,-2.168586e+00,-2.172943e+00,-2.194448e+00,-2.218356e+00,-2.248431e+00,-2.238196e+00,-2.217434e+00,-2.212209e+00,-2.231673e+00,-2.231048e+00,-2.241049e+00,-2.253328e+00,-2.274532e+00,-2.284526e+00,-2.283915e+00,-2.289635e+00,-2.255887e+00,-2.272031e+00,-2.271972e+00,-2.273304e+00,-2.276231e+00,-2.275579e+00,-2.295947e+00,-2.304743e+00,-2.300520e+00,-2.286235e+00,-2.272825e+00,-2.265637e+00,-2.263436e+00,-2.270837e+00,-2.268296e+00,-2.265172e+00,-2.276270e+00,-2.264207e+00,-2.259133e+00,-2.219896e+00,-2.198412e+00,-2.189182e+00,-2.200216e+00,-2.213668e+00,
-2.157509e+00,-2.114672e+00,-2.084140e+00,-2.059223e+00,-2.061723e+00,-2.085850e+00,-2.106497e+00,-2.087561e+00,-2.062111e+00,-2.064087e+00,-2.101900e+00,-2.126981e+00,-2.122633e+00,-2.127017e+00,-2.139928e+00,-2.147696e+00,-2.131627e+00,-2.118458e+00,-2.058588e+00,-2.075355e+00,-2.081916e+00,-2.113377e+00,-2.167007e+00,-2.177294e+00,-2.166737e+00,-2.160164e+00,
-2.194498e+00,-2.191117e+00,-2.156676e+00,-2.130793e+00,-2.096216e+00,-2.058662e+00,-2.060631e+00,-2.038703e+00,-2.055670e+00,-2.050570e+00,-2.019508e+00,-2.000313e+00,-1.955293e+00,-1.902550e+00,-1.908000e+00,-1.881810e+00,-1.904658e+00,-1.914766e+00,-1.910325e+00,-1.911979e+00,-1.925027e+00,-1.919523e+00,-1.907832e+00,-1.923189e+00,-1.948177e+00,-1.994401e+00,-2.008268e+00,-2.033996e+00,-2.072088e+00,-2.133629e+00,-2.183177e+00,-2.228416e+00,
-2.169074e+00,-2.117521e+00,-2.101632e+00,-2.100391e+00,-2.122965e+00,-2.135441e+00,-2.120996e+00,-2.090537e+00,-2.082266e+00,-2.123964e+00,-2.138723e+00,-2.145993e+00,-2.153902e+00,-2.151639e+00,-2.141677e+00,-2.143513e+00,-2.135864e+00,-2.131081e+00,-2.078524e+00,-2.098195e+00,-2.123933e+00,-2.154261e+00,-2.174474e+00,-2.177338e+00,-2.191853e+00,
-2.161147e+00,-2.153126e+00,-2.128187e+00,-2.089099e+00,-2.066350e+00,-2.037413e+00,-2.054314e+00,-2.045368e+00,-2.047898e+00,-1.996935e+00,-1.966368e+00,-1.940907e+00,-1.971770e+00,-1.987731e+00,-1.999591e+00,-2.005746e+00,-1.996884e+00,-2.027518e+00,-2.046469e+00,-2.090711e+00,-2.095019e+00,-2.162962e+00,-2.176976e+00,-2.227982e+00,-2.254186e+00,-2.242349e+00,
-2.196918e+00,-2.150493e+00,-2.131440e+00,-2.174564e+00,-2.221960e+00,-2.265506e+00,-2.279591e+00,-2.253841e+00,-2.236345e+00,-2.240662e+00,-2.254708e+00,-2.250191e+00,-2.252852e+00,-2.246572e+00,-2.261247e+00,-2.257354e+00,-2.251330e+00,-2.235684e+00,-2.239996e+00,-2.232846e+00,-2.222023e+00,-2.200788e+00,-2.194645e+00,-2.186453e+00,-2.150435e+00,-2.198454e+00,-2.213784e+00,-2.235053e+00,
-2.244766e+00,-2.207531e+00,-2.165024e+00,-2.137311e+00,-2.144244e+00,-2.156038e+00,-2.185893e+00,-2.177113e+00,-2.181671e+00,-2.178719e+00,-2.196322e+00,-2.221235e+00,-2.223157e+00,-2.253510e+00,-2.254913e+00,-2.251776e+00,-2.233025e+00,-2.208699e+00,-2.202465e+00,-2.206580e+00,-2.195034e+00,-2.189132e+00,-2.202119e+00,-2.196891e+00,-2.197640e+00,-2.182677e+00,-2.177066e+00,-2.158563e+00,-2.144708e+00,-2.129728e+00,-2.167576e+00,-2.183136e+00,-2.213790e+00,-2.232634e+00,-2.243499e+00,
-2.293989e+00,-2.239665e+00,-2.190006e+00,-2.106587e+00,-2.076613e+00,-2.088537e+00,-2.127297e+00,-2.180839e+00,-2.315266e+00,-2.272935e+00,-2.318380e+00,-2.380513e+00,-2.457334e+00,-2.453511e+00,-2.404714e+00,-2.408166e+00,-2.723632e+00,-2.325933e+00,-2.236339e+00,-2.176411e+00,-2.169253e+00,-2.205105e+00,-2.260711e+00,-2.286024e+00,-2.309587e+00,-2.298274e+00,-2.301053e+00,-2.316036e+00,
-2.333545e+00,-2.328316e+00,-2.273201e+00,-2.238159e+00,-2.262159e+00,-2.208217e+00,-2.205315e+00,-2.162049e+00,-2.122581e+00,-2.118425e+00,-2.138886e+00,-2.220709e+00,-2.225430e+00,-2.203475e+00,-2.264606e+00,-2.258307e+00,-2.275437e+00,-2.300447e+00,-2.255396e+00,-2.225136e+00,-2.221503e+00,-2.216453e+00,-2.241710e+00,-2.215921e+00,-2.229607e+00,-2.230976e+00,-2.238511e+00,-2.337365e+00,-2.378819e+00,-2.375570e+00,-2.365647e+00,-2.323874e+00,-2.334275e+00,-2.337687e+00,-2.346292e+00,
-2.276208e+00,-2.229377e+00,-2.211548e+00,-2.232008e+00,-2.220638e+00,-2.190620e+00,-2.166572e+00,-2.158700e+00,-2.159654e+00,-2.161196e+00,-2.450204e+00,-2.198966e+00,-2.218288e+00,-2.065369e+00,-2.466198e+00,-2.095843e+00,-2.090479e+00,-2.116712e+00,-2.117629e+00,-2.116539e+00,-2.116893e+00,-2.163314e+00,-2.168286e+00,-2.171391e+00,-2.160969e+00,-2.140668e+00,-2.113693e+00,-2.146051e+00,-2.227124e+00,-2.291281e+00,-2.292431e+00,-2.308211e+00,-2.368771e+00,
-2.300699e+00,-2.258318e+00,-2.185375e+00,-2.137421e+00,-2.104008e+00,-2.069177e+00,-2.067461e+00,-2.081507e+00,-2.038472e+00,-2.070059e+00,-2.074715e+00,-2.084354e+00,-2.079252e+00,-2.094480e+00,-2.067934e+00,-2.077878e+00,-2.123528e+00,-2.143811e+00,-2.177607e+00,-2.214036e+00,-2.226542e+00,-2.262693e+00,-2.299123e+00,-2.334517e+00,-2.353661e+00,-2.354240e+00,-2.341573e+00,
-2.126080e+00,-2.075098e+00,-2.065531e+00,-2.136155e+00,-2.112252e+00,-2.080994e+00,-2.063870e+00,-2.047230e+00,-2.056138e+00,-2.065639e+00,-2.070472e+00,-2.090276e+00,-2.126018e+00,-2.087769e+00,-2.076955e+00,-2.094052e+00,-2.131644e+00,
-2.277998e+00,-2.275970e+00,-2.253247e+00,-2.251280e+00,-2.311859e+00,-2.334105e+00,-2.358818e+00,-2.391268e+00,-2.434187e+00,-2.465271e+00,-2.543847e+00,-2.668406e+00,3.755715e-01,3.304230e-01,3.141015e-01,3.052194e-01,3.260660e-01,3.270457e-01,3.251824e-01,3.351723e-01,3.306576e-01,3.523788e-01,3.693423e-01,3.720348e-01,-2.727185e+00,-2.612509e+00,-2.593786e+00,-2.539591e+00,-2.413566e+00,-2.337800e+00,-2.299397e+00,-2.290723e+00,-2.288301e+00,-2.299080e+00,-2.321294e+00,
-2.121140e+00,-2.124962e+00,-2.132674e+00,-2.117152e+00,-2.089831e+00,-2.161015e+00,-2.115394e+00,-2.101002e+00,-2.063699e+00,-2.019473e+00,-2.016763e+00,-1.993288e+00,-1.997191e+00,-2.019919e+00,-2.043258e+00,-2.052323e+00,-2.033144e+00,-2.021356e+00,-2.047472e+00,-2.039512e+00,-2.074653e+00,
-2.142280e+00,-2.124407e+00,-2.098097e+00,-2.066586e+00,-2.091321e+00,-2.083663e+00,-2.061715e+00,-2.031680e+00,-2.032756e+00,-2.018572e+00,-2.010953e+00,-2.007879e+00,-2.052314e+00,-2.080822e+00,-2.102945e+00,-2.033191e+00,-2.048319e+00,-2.070216e+00,-2.097630e+00,-2.117993e+00,
-2.124673e+00,-2.125123e+00,-2.116168e+00,-2.071505e+00,-2.076232e+00,-2.133011e+00,-2.110343e+00,-2.100825e+00,-2.059805e+00,-2.035471e+00,-2.027854e+00,-2.027295e+00,-2.041398e+00,-2.059673e+00,-2.101882e+00,-2.108768e+00,-2.058020e+00,-2.075868e+00,-2.085614e+00,
-2.258090e+00,-2.169178e+00,-2.099138e+00,-2.045459e+00,-2.023693e+00,-1.988997e+00,-2.001588e+00,-2.128000e+00,-2.236017e+00,-2.113308e+00,-2.194099e+00,-2.210849e+00,-2.208442e+00,-2.153195e+00,-2.176596e+00,-2.075241e+00,-2.182475e+00,-2.213061e+00,-2.235231e+00,-2.246631e+00,-2.293109e+00,-2.322537e+00,-2.346561e+00,
-2.155724e+00,-2.106085e+00,-2.030706e+00,-1.982479e+00,-1.953605e+00,-1.957606e+00,-2.031850e+00,-2.078362e+00,-2.094002e+00,-2.048491e+00,-2.043283e+00,-2.074439e+00,-2.024406e+00,-2.030884e+00,-2.115044e+00,-2.105148e+00,-2.120682e+00,-2.144539e+00,-2.165605e+00,-2.223938e+00,-2.250317e+00,-2.303345e+00,-2.336078e+00,-2.335118e+00,-2.330112e+00,-2.324825e+00,-2.329839e+00,-2.340761e+00,-2.343978e+00,-2.345569e+00,-2.351474e+00,-2.349616e+00,-2.347301e+00,-2.348242e+00,
-2.276958e+00,-2.285769e+00,-2.275123e+00,-2.222736e+00,-2.209230e+00,-2.232802e+00,-2.218599e+00,-2.208144e+00,-2.185611e+00,-2.221498e+00,-2.263262e+00,-2.269788e+00,-2.275774e+00,-2.322381e+00,-2.295569e+00,-2.313075e+00,-2.337465e+00,-2.320930e+00,-2.279497e+00,-2.301567e+00,-2.251799e+00,-2.303467e+00,-2.303985e+00,-2.265685e+00,-2.275789e+00,-2.294199e+00,-2.298337e+00,-2.300597e+00,-2.314826e+00,-2.316208e+00,-2.374998e+00,-2.383519e+00,-2.400892e+00,-2.418328e+00,-2.397175e+00,-2.360906e+00,-2.329905e+00,-2.291702e+00,-2.276472e+00,-2.284775e+00,-2.304838e+00,-2.343217e+00,-2.367773e+00,
-2.314092e+00,-2.306907e+00,-2.288399e+00,-2.231030e+00,-2.126809e+00,-2.084865e+00,-2.102523e+00,-2.163751e+00,-2.503382e+00,-2.088789e+00,-2.112573e+00,-2.179347e+00,-2.131299e+00,-2.070937e+00,-2.142892e+00,-2.048531e+00,-2.261133e+00,-2.269648e+00,-2.224670e+00,-2.191082e+00,-2.205660e+00,-2.214592e+00,-2.261617e+00,-2.324772e+00,-2.332779e+00,-2.335414e+00,-2.331101e+00,-2.330063e+00,
-2.123494e+00,-2.102547e+00,-2.081460e+00,-2.060549e+00,-2.048433e+00,-2.060744e+00,-2.099452e+00,-2.106678e+00,-2.076057e+00,-2.034595e+00,-2.040298e+00,-2.030231e+00,-2.026058e+00,-2.026870e+00,-2.024316e+00,-2.020286e+00,-2.025832e+00,-2.024786e+00,-2.030700e+00,-2.051531e+00,-2.045807e+00,-2.073150e+00,-2.091873e+00,-2.104694e+00,-2.053815e+00,-2.082492e+00,-2.121391e+00,
-2.150508e+00,-2.115679e+00,-2.059784e+00,-2.025179e+00,-1.998388e+00,-1.951309e+00,-1.892500e+00,-1.877975e+00,-1.871333e+00,-1.864233e+00,-1.912892e+00,-1.949326e+00,-2.017387e+00,-1.963229e+00,-2.001307e+00,-2.003455e+00,-1.970047e+00,-1.986980e+00,-1.995022e+00,-1.927512e+00,-1.948475e+00,-1.996939e+00,-2.085068e+00,
-2.178068e+00,-2.157362e+00,-2.154128e+00,-2.187187e+00,-2.086839e+00,-1.984849e+00,-1.968071e+00,-1.946024e+00,-1.952181e+00,-1.981121e+00,-2.134538e+00,-2.127152e+00,-2.107389e+00,-2.097171e+00,-2.093513e+00,-2.129358e+00,-2.111751e+00,-2.192860e+00,-2.042281e+00,-2.041321e+00,-2.031556e+00,-2.045794e+00,-2.084573e+00,
-2.190605e+00,-2.133151e+00,-2.084294e+00,-2.185948e+00,-2.074500e+00,-1.982713e+00,-1.928839e+00,-1.900772e+00,-1.914092e+00,-2.045620e+00,-2.106937e+00,-2.103332e+00,-2.093645e+00,-2.077629e+00,-2.090230e+00,-2.084854e+00,-2.100465e+00,-2.085765e+00,-2.076649e+00,-2.082712e+00,-2.055050e+00,-1.973210e+00,-1.957006e+00,-1.996547e+00,-2.084918e+00,-2.165213e+00,
-2.131180e+00,-2.090843e+00,-2.044763e+00,-2.013995e+00,-2.008322e+00,-1.992391e+00,-1.968884e+00,-1.970499e+00,-1.967727e+00,-1.979799e+00,-1.977329e+00,-1.975750e+00,-1.957361e+00,-1.970002e+00,-1.973678e+00,-1.966336e+00,-1.948449e+00,-1.949790e+00,-1.971098e+00,-1.956966e+00,-1.960578e+00,-2.007484e+00,-2.015736e+00,-2.030535e+00,-2.044918e+00,-2.066809e+00,-2.092409e+00,-2.122427e+00,
-2.182008e+00,-2.133342e+00,-2.090549e+00,-2.038063e+00,-2.052158e+00,-1.973953e+00,-1.935531e+00,-1.870610e+00,-1.857101e+00,-1.873832e+00,-1.878735e+00,-1.872505e+00,-1.877015e+00,-1.889866e+00,-1.891362e+00,-1.901728e+00,-1.892010e+00,-1.930250e+00,-1.996896e+00,-1.992112e+00,-1.991888e+00,-2.055144e+00,-2.091454e+00,-2.145126e+00,-2.182021e+00,-2.218843e+00,
-2.089184e+00,-2.084407e+00,-2.075150e+00,-2.047657e+00,-2.057255e+00,-2.121520e+00,-2.110973e+00,-2.088481e+00,-2.045233e+00,-1.988017e+00,-1.973064e+00,-1.981488e+00,-1.984510e+00,-2.017176e+00,-2.020923e+00,-2.051432e+00,-2.057965e+00,-2.040395e+00,-2.047321e+00,-2.062856e+00,-2.078701e+00,
-2.204426e+00,-2.151145e+00,-2.073434e+00,-2.049517e+00,-1.972522e+00,-1.916672e+00,-1.903138e+00,-1.885467e+00,-1.887942e+00,-1.899190e+00,-1.906995e+00,-1.891089e+00,-1.884320e+00,-1.888481e+00,-1.889774e+00,-1.887419e+00,-1.909746e+00,-1.917234e+00,-1.911749e+00,-1.962571e+00,-2.018951e+00,-2.012851e+00,-2.023319e+00,-2.112336e+00,-2.146749e+00,-2.195977e+00,-2.239697e+00,
-2.124506e+00,-2.101152e+00,-2.073646e+00,-2.024089e+00,-1.992769e+00,-1.966349e+00,-1.958408e+00,-1.979912e+00,-2.050188e+00,-2.153979e+00,-2.145337e+00,-2.155938e+00,-2.167888e+00,-2.151189e+00,-2.150912e+00,-2.141317e+00,-2.138829e+00,-2.149281e+00,-2.098638e+00,-2.061077e+00,-2.049961e+00,-2.067632e+00,-2.135682e+00,
-2.124749e+00,-2.065061e+00,-1.998436e+00,-1.955860e+00,-1.963389e+00,-1.950403e+00,-1.947627e+00,-1.957900e+00,-1.969566e+00,-1.979767e+00,-1.956430e+00,-1.958557e+00,-1.957193e+00,-2.013866e+00,-2.005374e+00,-2.009770e+00,-1.986710e+00,-1.949697e+00,-1.955621e+00,-1.953915e+00,-1.964515e+00,-1.997261e+00,-2.035461e+00,-2.057006e+00,-2.097977e+00,-2.115514e+00,-2.149182e+00,
-2.221574e+00,-2.179411e+00,-2.126246e+00,-2.129878e+00,-2.221400e+00,-2.105427e+00,-2.031078e+00,-1.984831e+00,-1.954213e+00,-1.967122e+00,-1.987789e+00,-2.120800e+00,-2.190646e+00,-2.199825e+00,-2.193287e+00,-2.206281e+00,-2.208731e+00,-2.204361e+00,-2.188954e+00,-2.189000e+00,-2.171685e+00,-2.173949e+00,-2.083610e+00,-2.007128e+00,-1.987976e+00,-1.996907e+00,-2.029619e+00,-2.073154e+00,
-2.125759e+00,-2.059022e+00,-2.024370e+00,-1.985485e+00,-1.983881e+00,-1.975047e+00,-1.982194e+00,-2.015681e+00,-2.017071e+00,-2.015882e+00,-1.989191e+00,-1.990551e+00,-1.982304e+00,-1.986859e+00,-1.976162e+00,-1.982895e+00,-1.955651e+00,-1.941269e+00,-1.942688e+00,-1.947755e+00,-1.970103e+00,-2.023581e+00,-2.058646e+00,
-2.057115e+00,-2.072648e+00,-2.120475e+00,-2.139814e+00,-2.130125e+00,-2.110009e+00,-2.096123e+00,-2.084144e+00,-2.076322e+00,-2.040521e+00,-2.053621e+00,-2.052498e+00,-2.075967e+00,-2.077796e+00,-2.063161e+00,-2.067272e+00,-2.080993e+00,-2.099858e+00,
-2.062596e+00,-2.013440e+00,-2.026553e+00,-2.099869e+00,-2.091755e+00,-2.072237e+00,-2.084529e+00,-2.083892e+00,-2.069299e+00,-2.077836e+00,-2.067884e+00,-2.109814e+00,-2.094830e+00,-2.059184e+00,-2.050190e+00,-2.063271e+00,-2.097378e+00,
-2.085836e+00,-2.040934e+00,-1.997339e+00,-1.995221e+00,-1.985628e+00,-1.985756e+00,-1.996897e+00,-1.988227e+00,-1.981666e+00,-1.991769e+00,-1.988638e+00,-1.985649e+00,-1.977401e+00,-1.985913e+00,-1.982344e+00,-1.972591e+00,-1.982512e+00,-1.968177e+00,-1.973188e+00,-1.966218e+00,-1.967197e+00,-1.989467e+00,-1.987911e+00,-2.005590e+00,-2.017695e+00,-2.058457e+00,-2.091786e+00,
-2.307815e+00,-2.275549e+00,-2.217643e+00,-2.201245e+00,-2.164846e+00,-2.079509e+00,-2.086551e+00,-2.060218e+00,-2.089389e+00,-2.083448e+00,-2.106741e+00,-2.095232e+00,-2.118143e+00,-2.115754e+00,-2.152276e+00,-2.171128e+00,-2.236246e+00,-2.241123e+00,-2.240252e+00,-2.263154e+00,-2.301727e+00,-2.334659e+00,-2.372087e+00,-2.367140e+00,-2.359514e+00,-2.335308e+00,
-2.209037e+00,-2.149422e+00,-2.117752e+00,-2.090780e+00,-2.051843e+00,-2.029158e+00,-2.087224e+00,-2.044340e+00,-2.099688e+00,-2.086348e+00,-2.080279e+00,-2.072269e+00,-2.084047e+00,-2.067048e+00,-2.068417e+00,-2.084535e+00,-2.098097e+00,-2.130769e+00,-2.172068e+00,-2.229983e+00,-2.280834e+00,-2.315012e+00,
-2.122865e+00,-2.057161e+00,-2.008420e+00,-1.991123e+00,-1.989839e+00,-2.004562e+00,-1.987389e+00,-1.970827e+00,-1.971922e+00,-1.976019e+00,-1.973408e+00,-1.970631e+00,-1.970212e+00,-1.961020e+00,-1.987366e+00,-1.994559e+00,-1.986683e+00,-1.992236e+00,-2.001408e+00,-2.013582e+00,-2.025066e+00,-2.028241e+00,-2.065020e+00,-2.101638e+00,-2.129713e+00,
-2.202666e+00,-2.146878e+00,-2.068582e+00,-2.095695e+00,-2.081038e+00,-1.985335e+00,-1.955883e+00,-1.929074e+00,-1.932423e+00,-1.934403e+00,-1.938192e+00,-1.926903e+00,-1.910200e+00,-1.941334e+00,-1.951026e+00,-1.950409e+00,-1.947722e+00,-1.933875e+00,-1.957654e+00,-1.993556e+00,-2.056018e+00,-2.104377e+00,-2.094586e+00,-2.139099e+00,-2.165149e+00,-2.180789e+00,-2.219259e+00,-2.245745e+00,
-2.108445e+00,-2.101762e+00,-2.087752e+00,-2.130906e+00,-2.121734e+00,-2.087770e+00,-2.086599e+00,-2.048622e+00,-2.038528e+00,-2.038401e+00,-2.008089e+00,-2.010497e+00,-2.047582e+00,-2.050632e+00,-2.083539e+00,-2.062234e+00,-2.035553e+00,-2.043987e+00,-2.059611e+00,-2.091018e+00,
-2.166719e+00,-2.151596e+00,-2.104512e+00,-2.096600e+00,-2.024405e+00,-1.972467e+00,-1.924281e+00,-1.873702e+00,-1.827023e+00,-1.802470e+00,-1.829245e+00,-1.781494e+00,-1.823251e+00,-1.790359e+00,-1.783278e+00,-1.794640e+00,-1.799484e+00,-1.784917e+00,-1.824617e+00,-1.895331e+00,-1.901758e+00,-1.969407e+00,-2.013565e+00,-2.032473e+00,-2.082408e+00,-2.123531e+00,-2.143255e+00,-2.168682e+00,-2.216813e+00,
-2.299120e+00,-2.299179e+00,-2.290185e+00,-2.264052e+00,-2.234460e+00,-2.229235e+00,-2.184019e+00,-2.278352e+00,-2.247359e+00,-2.225047e+00,-2.220598e+00,-2.195707e+00,-2.206069e+00,-2.186867e+00,-2.061216e+00,-2.007317e+00,-1.988724e+00,-2.009903e+00,-2.001484e+00,-1.979953e+00,-1.989542e+00,-2.001642e+00,-2.008118e+00,-2.015286e+00,-2.006450e+00,-2.027413e+00,-2.043740e+00,-2.067465e+00,-2.100864e+00,-2.175558e+00,-2.313550e+00,-2.321836e+00,-2.317758e+00,-2.300186e+00,-2.324437e+00,-2.344060e+00,
-2.090930e+00,-2.073680e+00,-2.042516e+00,-2.104756e+00,-2.099793e+00,-2.095572e+00,-2.072079e+00,-2.036720e+00,-2.034445e+00,-2.032468e+00,-2.030375e+00,-2.030525e+00,-2.034771e+00,-2.042121e+00,-2.074799e+00,-2.077882e+00,-2.023765e+00,-2.035962e+00,-2.066511e+00,-2.088871e+00,
-2.199164e+00,-2.043268e+00,-1.956521e+00,-1.906944e+00,-1.904450e+00,-2.005189e+00,-2.144156e+00,-2.668531e+00,-2.348902e+00,-2.382365e+00,-2.381123e+00,-2.356102e+00,-2.272828e+00,-2.274949e+00,-2.189283e+00,-2.159655e+00,-2.138888e+00,-2.167551e+00,-2.221679e+00,-2.293507e+00,-2.303730e+00,-2.296178e+00,-2.291930e+00,
-2.106020e+00,-2.072483e+00,-2.097877e+00,-2.112118e+00,-2.075918e+00,-2.044006e+00,-2.025458e+00,-2.023979e+00,-2.022562e+00,-2.022936e+00,-2.032286e+00,-2.061333e+00,-2.077508e+00,-2.100382e+00,-2.060110e+00,-2.055870e+00,-2.079313e+00,
-2.203534e+00,-2.202611e+00,-2.210440e+00,-2.229144e+00,-2.214757e+00,-2.192652e+00,-2.207307e+00,-2.185258e+00,-2.207822e+00,-2.183583e+00,-2.430302e+00,-2.210845e+00,-2.265245e+00,-2.285396e+00,-2.218627e+00,-2.258312e+00,-2.310664e+00,-2.518612e+00,-2.310328e+00,-2.298091e+00,-2.303659e+00,-2.512718e+00,-2.510281e+00,-2.304446e+00,-2.289994e+00,-2.269845e+00,-2.251312e+00,-2.220380e+00,-2.230950e+00,-2.227774e+00,-2.221937e+00,-2.237502e+00,-2.245710e+00,-2.279315e+00,-2.301121e+00,
-2.224037e+00,-2.220689e+00,-2.201399e+00,-2.204264e+00,-2.217143e+00,-2.242283e+00,-2.297133e+00,-2.407357e+00,-2.467410e+00,-2.712188e+00,-2.997571e+00,3.054875e+00,-8.428514e-02,-7.951486e-02,-2.319932e-03,5.188715e-02,-3.004902e+00,-2.835929e+00,-2.655134e+00,-2.451591e+00,-2.303628e+00,-2.286938e+00,-2.300024e+00,-2.312664e+00,
-2.323420e+00,-2.287993e+00,-2.262383e+00,-2.200054e+00,-2.137754e+00,-2.102374e+00,-2.036231e+00,-1.983177e+00,-1.996771e+00,-2.036050e+00,-1.995716e+00,-2.050401e+00,-2.122209e+00,-2.101508e+00,-2.099744e+00,-2.091674e+00,-2.078607e+00,-2.064119e+00,-2.056417e+00,-2.067669e+00,-2.090088e+00,-2.113573e+00,-2.130157e+00,-2.172340e+00,-2.223536e+00,-2.273318e+00,-2.307446e+00,-2.316130e+00,
-2.329366e+00,-2.322257e+00,-2.300863e+00,-2.321396e+00,-2.362829e+00,-2.282843e+00,-2.243571e+00,-2.198405e+00,-2.177602e+00,-2.152026e+00,-2.148970e+00,-2.111500e+00,-1.918634e+00,-1.956435e+00,-1.958357e+00,-1.978069e+00,-2.009510e+00,-1.996569e+00,-1.986423e+00,-1.983894e+00,-1.985951e+00,-1.987581e+00,-1.984629e+00,-2.008676e+00,-1.999466e+00,-2.032477e+00,-2.120530e+00,-2.139151e+00,-2.270680e+00,-2.149117e+00,-2.214983e+00,-2.263789e+00,-2.300501e+00,
-2.263785e+00,-2.260309e+00,-2.244348e+00,-2.220105e+00,-2.227117e+00,-2.220564e+00,-2.218855e+00,-2.221597e+00,-2.210880e+00,-2.198534e+00,-2.181871e+00,-2.205889e+00,-2.153111e+00,-2.184258e+00,-2.210278e+00,-2.236060e+00,-2.237936e+00,-2.246815e+00,-2.236794e+00,-2.250384e+00,-2.141972e+00,-2.247524e+00,-2.237674e+00,-2.137931e+00,-2.163435e+00,-2.250403e+00,-2.199771e+00,-2.303393e+00,-2.307227e+00,-2.329880e+00,-2.312810e+00,-2.291025e+00,-2.238422e+00,-2.319057e+00,-2.311041e+00,-2.262960e+00,-2.264136e+00,-2.282279e+00,-2.314193e+00,-2.331189e+00,
-2.189045e+00,-2.154868e+00,-2.121209e+00,-2.183882e+00,-2.094666e+00,-2.031108e+00,-1.977124e+00,-1.955556e+00,-1.966987e+00,-2.008207e+00,-2.041603e+00,-2.113199e+00,-2.134530e+00,-2.136702e+00,-2.184094e+00,-2.161815e+00,-2.154814e+00,-2.155578e+00,-2.123446e+00,-2.092567e+00,-2.098487e+00,-2.153189e+00,
-2.149802e+00,-2.046778e+00,-1.984229e+00,-1.967844e+00,-1.995799e+00,-2.141344e+00,-2.177585e+00,-2.249252e+00,-2.352672e+00,-2.366126e+00,-2.363465e+00,-2.303577e+00,-2.275957e+00,-2.421028e+00,-2.187468e+00,-2.165909e+00,-2.171140e+00,-2.190255e+00,-2.220552e+00,-2.244635e+00,-2.301998e+00,-2.308164e+00,-2.305865e+00,-2.303978e+00,-2.313897e+00,-2.322648e+00,-2.318547e+00,-2.314492e+00,
-2.090975e+00,-2.040493e+00,-1.999973e+00,-2.007164e+00,-1.989599e+00,-1.986159e+00,-1.981044e+00,-1.984905e+00,-1.955049e+00,-1.967691e+00,-1.960725e+00,-1.974499e+00,-1.981599e+00,-1.948557e+00,-1.961793e+00,-1.950155e+00,-1.979572e+00,-1.978815e+00,-2.007650e+00,-2.001186e+00,-2.035187e+00,-2.066086e+00,-2.097767e+00,
-2.127789e+00,-2.091058e+00,-2.045969e+00,-1.998301e+00,-1.999495e+00,-2.032611e+00,-2.053976e+00,-2.049209e+00,-2.033149e+00,-2.025226e+00,-2.020366e+00,-2.027439e+00,-2.025397e+00,-2.026352e+00,-2.129107e+00,-2.131618e+00,-2.035796e+00,-1.985855e+00,-1.970021e+00,-1.981229e+00,-2.015098e+00,-2.061185e+00,-2.107000e+00,
-2.273356e+00,-2.246587e+00,-2.305865e+00,-2.210477e+00,-2.147250e+00,-2.098055e+00,-2.096167e+00,-2.105720e+00,-2.143153e+00,-2.172841e+00,-2.216537e+00,-2.192355e+00,-2.138916e+00,-2.190424e+00,-2.167956e+00,-2.138153e+00,-2.141972e+00,-2.157310e+00,-2.146385e+00,-2.153243e+00,-2.153732e+00,-2.172564e+00,-2.240862e+00,-2.320822e+00,-2.268832e+00,-2.296929e+00,-2.314049e+00,-2.339452e+00,-2.349560e+00,-2.372837e+00,
-2.196809e+00,-2.129202e+00,-2.063146e+00,-2.031822e+00,-2.001814e+00,-1.896492e+00,-1.863238e+00,-1.868624e+00,-1.840258e+00,-1.832008e+00,-1.834184e+00,-1.836317e+00,-1.843874e+00,-1.846536e+00,-1.847509e+00,-1.855026e+00,-1.877063e+00,-1.916277e+00,-1.952130e+00,-2.026309e+00,-2.094252e+00,-2.160822e+00,-2.198759e+00,-2.209747e+00,
-2.164497e+00,-2.129125e+00,-2.096774e+00,-2.090424e+00,-2.098548e+00,-2.116992e+00,-2.093215e+00,-2.093854e+00,-2.093736e+00,-2.094925e+00,-2.089754e+00,-2.089345e+00,-2.101893e+00,-2.095694e+00,-2.086038e+00,-2.080003e+00,-2.058828e+00,-2.052100e+00,-2.038266e+00,-1.981847e+00,-1.894805e+00,-1.827947e+00,-1.793405e+00,-1.824174e+00,-1.882673e+00,-1.901884e+00,-2.094706e+00,-2.103549e+00,-2.121158e+00,-2.089778e+00,-2.103599e+00,-2.112177e+00,-2.109632e+00,-2.070585e+00,-2.000983e+00,-1.997294e+00,-2.021567e+00,-2.064890e+00,-2.124565e+00,
-2.117866e+00,-2.068671e+00,-2.017043e+00,-2.000535e+00,-1.995102e+00,-2.029844e+00,-2.029020e+00,-2.030047e+00,-2.024780e+00,-2.027946e+00,-2.012919e+00,-2.008834e+00,-2.003624e+00,-2.003456e+00,-2.003263e+00,-1.995138e+00,-2.002159e+00,-2.000686e+00,-1.983073e+00,-1.982922e+00,-1.998927e+00,-2.007782e+00,-2.039337e+00,
-2.273148e+00,-2.235153e+00,-2.205997e+00,-2.227678e+00,-2.232559e+00,-2.205464e+00,-2.185294e+00,-2.187145e+00,-2.180545e+00,-2.194512e+00,-2.193629e+00,-2.184245e+00,-2.049387e+00,-1.942650e+00,-2.060901e+00,-2.034748e+00,-1.895434e+00,-2.051088e+00,-2.076087e+00,-2.092876e+00,-2.068404e+00,-2.088775e+00,-2.086179e+00,-2.082530e+00,-2.036309e+00,-2.094130e+00,-2.115002e+00,-2.139796e+00,-2.175587e+00,-2.215374e+00,-2.269520e+00,-2.285211e+00,-2.315832e+00,-2.322169e+00,-2.327937e+00,-2.301409e+00,-2.297394e+00,-2.310585e+00,-2.341070e+00,
-2.217424e+00,-2.176167e+00,-2.105095e+00,-2.060313e+00,-1.997537e+00,-1.961170e+00,-1.881000e+00,-1.869847e+00,-1.848827e+00,-1.836931e+00,-1.808415e+00,-1.785701e+00,-1.735238e+00,-1.670034e+00,-1.773422e+00,-1.790467e+00,-1.816596e+00,-1.875872e+00,-1.873431e+00,-1.909304e+00,-1.930327e+00,-1.994554e+00,-2.010897e+00,-2.085652e+00,-2.143494e+00,-2.180389e+00,-2.210418e+00,
-2.248295e+00,-2.208507e+00,-2.177798e+00,-2.114492e+00,-2.048127e+00,-1.976633e+00,-1.914829e+00,-1.873378e+00,-1.806990e+00,-1.771804e+00,-1.655766e+00,-1.622023e+00,-1.581312e+00,-1.575409e+00,-1.589638e+00,-1.579724e+00,-1.586674e+00,-1.601450e+00,-1.604182e+00,-1.679757e+00,-1.834784e+00,-1.909693e+00,-1.893557e+00,-2.004552e+00,-2.068366e+00,-2.141097e+00,-2.202252e+00,-2.229896e+00,
-2.206476e+00,-2.147487e+00,-2.059467e+00,-1.989776e+00,-1.959532e+00,-1.865788e+00,-1.856791e+00,-1.821513e+00,-1.832526e+00,-1.840687e+00,-1.818997e+00,-1.796879e+00,-1.792062e+00,-1.788526e+00,-1.796382e+00,-1.794006e+00,-1.798236e+00,-1.839913e+00,-1.858028e+00,-1.872468e+00,-1.928676e+00,-1.908956e+00,-1.987278e+00,-2.046662e+00,-2.115061e+00,-2.156355e+00,
-2.215411e+00,-2.207259e+00,-2.193501e+00,-2.135107e+00,-2.130770e+00,-2.075564e+00,-2.005995e+00,-1.941836e+00,-1.941633e+00,-1.948184e+00,-1.946193e+00,-2.062665e+00,-2.108343e+00,-2.118618e+00,-2.135258e+00,-2.136037e+00,-2.146570e+00,-2.152196e+00,-2.150403e+00,-2.151118e+00,-2.117111e+00,-1.979389e+00,-1.985745e+00,-1.999785e+00,-2.094462e+00,-2.173090e+00,
-2.251487e+00,-2.242831e+00,-2.194330e+00,-2.133977e+00,-2.037433e+00,-1.988798e+00,-1.936384e+00,-1.829841e+00,-1.804086e+00,-1.815531e+00,-1.819929e+00,-1.795404e+00,-1.837385e+00,-1.845885e+00,-1.843695e+00,-1.849199e+00,-1.844758e+00,-1.848514e+00,-1.854602e+00,-1.844945e+00,-1.845457e+00,-1.847554e+00,-1.870790e+00,-1.962559e+00,-1.947180e+00,-1.990301e+00,-2.052957e+00,-2.121971e+00,-2.171020e+00,-2.203778e+00,
-2.165895e+00,-2.120350e+00,-2.083207e+00,-2.110092e+00,-2.078513e+00,-2.008463e+00,-1.982772e+00,-1.968676e+00,-1.968344e+00,-2.051920e+00,-2.092678e+00,-2.102801e+00,-2.112307e+00,-2.097622e+00,-2.122384e+00,-2.123350e+00,-2.120790e+00,-2.099671e+00,-2.065614e+00,-2.077707e+00,-2.102305e+00,-2.124695e+00,
-2.221864e+00,-2.185019e+00,-2.101565e+00,-2.015474e+00,-1.963955e+00,-1.955060e+00,-1.916781e+00,-1.886498e+00,-1.834010e+00,-1.842833e+00,-1.848992e+00,-1.883144e+00,-1.862551e+00,-1.872609e+00,-1.884325e+00,-1.902865e+00,-1.895014e+00,-1.942474e+00,-1.997258e+00,-1.965048e+00,-2.018144e+00,-2.056987e+00,-2.103164e+00,
-2.023685e+00,-2.002260e+00,-1.973964e+00,-1.973869e+00,-1.978786e+00,-1.959427e+00,-2.026474e+00,-2.023960e+00,-2.029713e+00,-2.026770e+00,-2.048088e+00,-2.035660e+00,-2.014647e+00,-2.015954e+00,-2.023693e+00,-2.022206e+00,-2.012240e+00,-1.954779e+00,-1.943789e+00,-1.951069e+00,-1.970546e+00,-1.991467e+00,-2.045244e+00,
