-1.785521e+00,-1.787802e+00,-1.786747e+00,-1.787936e+00,-1.902119e+00,-1.917021e+00,-1.889356e+00,-1.861017e+00,-1.964424e+00,-2.001927e+00,-2.017526e+00,-2.001128e+00,-1.954376e+00,-1.970257e+00,-1.899688e+00,-1.944340e+00,-1.952723e+00,-1.922277e+00,-1.935582e+00,-1.890923e+00,-1.927013e+00,-1.905809e+00,-1.889482e+00,-1.872260e+00,-1.854316e+00,
-1.772791e+00,-1.753291e+00,-1.745196e+00,-1.735565e+00,-1.747775e+00,-1.750654e+00,-1.773660e+00,-1.749759e+00,-1.790762e+00,-1.852885e+00,-1.953441e+00,-1.890019e+00,-1.897016e+00,-1.883427e+00,-1.884217e+00,-1.889944e+00,-1.914134e+00,-1.893611e+00,-1.894922e+00,-1.867976e+00,-1.886827e+00,-1.888840e+00,-1.867143e+00,-1.848699e+00,-1.838981e+00,
-1.754636e+00,-1.774793e+00,-1.777514e+00,-1.781507e+00,-1.757241e+00,-1.737983e+00,-1.747820e+00,-1.756924e+00,-1.772418e+00,-1.769803e+00,-1.876258e+00,-1.799458e+00,-1.786388e+00,-1.777958e+00,-1.787966e+00,-1.800247e+00,-1.798832e+00,-1.719926e+00,-1.762445e+00,-1.796718e+00,-1.791238e+00,-1.795067e+00,-1.821072e+00,-1.814222e+00,
-1.822358e+00,-1.827333e+00,-1.782966e+00,-1.801462e+00,-1.748159e+00,-1.801001e+00,-1.790785e+00,-1.758141e+00,-1.740595e+00,-1.712704e+00,-1.712772e+00,-1.770693e+00,-1.709393e+00,-1.852914e+00,-1.782066e+00,-1.785634e+00,-1.759598e+00,-1.759472e+00,-1.758967e+00,-1.803536e+00,-1.780048e+00,-1.773122e+00,-1.774509e+00,-1.779743e+00,-1.752227e+00,-1.784375e+00,-1.784734e+00,-1.866696e+00,-1.865260e+00,-1.869710e+00,-1.879038e+00,-1.862122e+00,-1.896801e+00,-1.850100e+00,
-1.688408e+00,-1.683752e+00,-1.685724e+00,-1.692522e+00,-1.725505e+00,-1.721872e+00,-1.727032e+00,-1.723461e+00,-1.724144e+00,-1.796373e+00,-1.740897e+00,-1.747612e+00,-1.746276e+00,-1.767136e+00,-1.747185e+00,-1.768474e+00,-1.747762e+00,-1.766882e+00,-1.749634e+00,-1.727768e+00,-1.737441e+00,
-1.772715e+00,-1.780605e+00,-1.796673e+00,-1.810299e+00,-1.772639e+00,-1.693566e+00,-1.694598e+00,-1.788881e+00,-1.842987e+00,-1.784628e+00,-1.793777e+00,-1.796674e+00,-1.794840e+00,-1.851994e+00,-1.837780e+00,-1.846609e+00,-1.845434e+00,-1.843856e+00,-1.847406e+00,-1.846472e+00,-1.836347e+00,-1.861903e+00,-1.897139e+00,-1.887831e+00,-1.839306e+00,-1.887564e+00,-1.894349e+00,-1.867212e+00,-1.920061e+00,
-1.748190e+00,-1.758672e+00,-1.755171e+00,-1.762258e+00,-1.810174e+00,-1.845151e+00,-1.783586e+00,-1.842229e+00,-1.875332e+00,-1.871771e+00,-1.811101e+00,-1.794819e+00,-1.799806e+00,-1.807632e+00,-1.814431e+00,-1.813944e+00,-1.760024e+00,-1.787609e+00,-1.782254e+00,-1.755976e+00,-1.751997e+00,-1.754540e+00,-1.713049e+00,
-1.804983e+00,-1.815312e+00,-1.793696e+00,-1.729762e+00,-1.772070e+00,-1.788523e+00,-1.815608e+00,-1.777411e+00,-1.780075e+00,-1.831623e+00,-1.849130e+00,-1.937830e+00,-1.874119e+00,-1.868902e+00,-1.825240e+00,-1.831118e+00,-1.825521e+00,-1.837587e+00,-1.827156e+00,-1.830244e+00,-1.839447e+00,
-1.660248e+00,-1.608745e+00,-1.591206e+00,-1.641680e+00,-1.639063e+00,-1.717917e+00,-1.794294e+00,-1.816007e+00,-1.828691e+00,-1.807262e+00,-1.852382e+00,-1.858276e+00,-1.837919e+00,-1.821098e+00,-1.833061e+00,-1.814113e+00,-1.814498e+00,-1.783866e+00,-1.737157e+00,
-1.805279e+00,-1.825020e+00,-1.781210e+00,-1.794019e+00,-1.735694e+00,-1.832703e+00,-1.718046e+00,-1.815226e+00,-1.790661e+00,-1.780131e+00,-1.764225e+00,-1.772542e+00,-1.763876e+00,-1.745932e+00,-1.757076e+00,-1.782193e+00,-1.822289e+00,-1.875704e+00,-1.938714e+00,-1.984392e+00,-1.958893e+00,-1.976297e+00,-1.955980e+00,-1.959166e+00,-1.923984e+00,-1.905963e+00,-1.895901e+00,-1.908714e+00,
-1.734167e+00,-1.728169e+00,-1.717238e+00,-1.730737e+00,-1.727713e+00,-1.732662e+00,-1.705831e+00,-1.670624e+00,-1.693820e+00,-1.669815e+00,-1.682471e+00,-1.671741e+00,-1.677234e+00,-1.677640e+00,-1.809313e+00,-1.733433e+00,-1.710767e+00,-1.723218e+00,-1.734099e+00,-1.742452e+00,-1.746367e+00,-1.720098e+00,-1.755915e+00,-1.761400e+00,
-1.785243e+00,-1.763263e+00,-1.782751e+00,-1.781129e+00,-1.746175e+00,-1.745930e+00,-1.724152e+00,-1.723233e+00,-1.736820e+00,-1.784406e+00,-1.767594e+00,-1.745826e+00,-1.830888e+00,-1.797544e+00,-1.777162e+00,-1.807983e+00,-1.816123e+00,-1.816148e+00,-1.824682e+00,-1.827830e+00,-1.832524e+00,-1.827242e+00,-1.856952e+00,-1.922409e+00,-1.962450e+00,-1.979318e+00,-1.959123e+00,-1.989514e+00,-1.941907e+00,-1.976237e+00,-1.956658e+00,-1.940866e+00,-1.932405e+00,-1.910249e+00,
-1.731112e+00,-1.735672e+00,-1.731622e+00,-1.710610e+00,-1.740329e+00,-1.770486e+00,-1.776561e+00,-1.793705e+00,-1.815280e+00,-1.774534e+00,-1.736579e+00,-1.769813e+00,-1.762769e+00,-1.764860e+00,-1.767576e+00,-1.765647e+00,-1.794049e+00,-1.770392e+00,-1.766362e+00,-1.771037e+00,-1.786048e+00,-1.771235e+00,-1.785771e+00,-1.778415e+00,-1.770810e+00,
-1.662269e+00,-1.660903e+00,-1.653968e+00,-1.682083e+00,-1.671540e+00,-1.642453e+00,-1.677188e+00,-1.681564e+00,-1.750074e+00,-1.802591e+00,-1.816830e+00,-1.838290e+00,-1.837098e+00,-1.815796e+00,-1.800390e+00,-1.790625e+00,-1.760193e+00,-1.756836e+00,-1.803934e+00,-1.779629e+00,-1.770044e+00,-1.759885e+00,-1.765133e+00,-1.770354e+00,-1.759175e+00,-1.730870e+00,-1.738097e+00,-1.727314e+00,
-1.750682e+00,-1.770087e+00,-1.768348e+00,-1.750239e+00,-1.745413e+00,-1.795149e+00,-1.774773e+00,-1.766571e+00,-1.781716e+00,-1.867068e+00,-1.819591e+00,-1.830309e+00,-1.829937e+00,-1.827920e+00,-1.803431e+00,-1.800143e+00,-1.794073e+00,-1.788680e+00,-1.772429e+00,-1.749144e+00,-1.783568e+00,-1.758578e+00,
-1.708267e+00,-1.692870e+00,-1.728418e+00,-1.742856e+00,-1.774880e+00,-1.784493e+00,-1.785352e+00,-1.723771e+00,-1.709182e+00,-1.726098e+00,-1.817764e+00,-1.728144e+00,-1.720024e+00,-1.731343e+00,-1.729231e+00,-1.741483e+00,-1.699810e+00,-1.689946e+00,-1.702383e+00,-1.736299e+00,-1.728316e+00,-1.712745e+00,-1.688833e+00,-1.694917e+00,
-1.911696e+00,-1.914714e+00,-1.907698e+00,-1.894961e+00,-1.869035e+00,-1.865032e+00,-1.904551e+00,-1.903784e+00,-1.929959e+00,-1.898766e+00,-1.961593e+00,-1.940642e+00,-1.933487e+00,-1.952859e+00,-1.919341e+00,-1.909778e+00,-1.916788e+00,-1.919112e+00,-1.972388e+00,-1.923868e+00,-1.883816e+00,-1.908288e+00,-1.885666e+00,-1.890574e+00,-1.906655e+00,-1.917458e+00,-1.901249e+00,-1.896042e+00,-1.894598e+00,-1.885652e+00,-1.863055e+00,-1.843061e+00,
-1.797588e+00,-1.822399e+00,-1.843729e+00,-1.864330e+00,-1.890369e+00,-1.892431e+00,-1.905762e+00,-1.902208e+00,-1.882352e+00,-1.927604e+00,-1.906980e+00,-1.859288e+00,-1.870796e+00,-1.877130e+00,-1.855357e+00,-1.849831e+00,-1.857454e+00,-1.861403e+00,-1.855451e+00,-1.842173e+00,-1.910018e+00,-1.908958e+00,-1.872545e+00,-1.868971e+00,-1.905635e+00,-1.830688e+00,-1.846975e+00,-1.861732e+00,-1.854595e+00,-1.840939e+00,-1.847160e+00,-1.848127e+00,-1.841159e+00,-1.853764e+00,-1.857565e+00,-1.852551e+00,-1.826372e+00,-1.839050e+00,-1.844160e+00,
-1.788000e+00,-1.800128e+00,-1.814962e+00,-1.842964e+00,-1.875624e+00,-1.867628e+00,-1.892347e+00,-1.912646e+00,-1.916223e+00,-1.908591e+00,-1.902191e+00,-1.959442e+00,-1.933515e+00,-1.931426e+00,-1.920472e+00,-1.933797e+00,-1.969299e+00,-1.920602e+00,-1.917387e+00,-1.913783e+00,-1.952504e+00,-1.944446e+00,-1.920787e+00,-1.908043e+00,-1.965081e+00,-1.913064e+00,-1.917756e+00,-1.920149e+00,-1.901974e+00,-1.909000e+00,-1.867620e+00,-1.861118e+00,-1.857147e+00,-1.832446e+00,-1.839982e+00,-1.837288e+00,-1.837107e+00,-1.800595e+00,-1.774173e+00,
-1.764888e+00,-1.776989e+00,-1.757506e+00,-1.799128e+00,-1.858931e+00,-1.889907e+00,-1.901852e+00,-1.939970e+00,-1.940126e+00,-1.914829e+00,-1.920377e+00,-1.933520e+00,-1.883702e+00,-1.854762e+00,-1.842248e+00,-1.853251e+00,-1.865532e+00,-1.844503e+00,-1.816504e+00,-1.817597e+00,-1.842393e+00,-1.813362e+00,-1.793824e+00,-1.814494e+00,-1.803154e+00,
-1.813159e+00,-1.811520e+00,-1.800894e+00,-1.812495e+00,-1.819100e+00,-1.807482e+00,-1.803006e+00,-1.807897e+00,-1.890241e+00,-1.875568e+00,-1.898531e+00,-1.893634e+00,-1.899427e+00,-1.896470e+00,-1.870531e+00,-1.875705e+00,-1.867929e+00,-1.872476e+00,-1.874802e+00,-1.879616e+00,-1.871717e+00,-1.850888e+00,-1.810186e+00,-1.820187e+00,-1.839566e+00,-1.847845e+00,-1.850844e+00,-1.871103e+00,-1.877941e+00,-1.883190e+00,-1.877868e+00,
-1.767109e+00,-1.782799e+00,-1.819139e+00,-1.813704e+00,-1.827994e+00,-1.835337e+00,-1.900301e+00,-1.894139e+00,-1.884463e+00,-1.853831e+00,-1.922528e+00,-1.886567e+00,-1.882069e+00,-1.901215e+00,-1.867804e+00,-1.866523e+00,-1.879311e+00,-1.859257e+00,-1.852418e+00,-1.940924e+00,-1.910137e+00,-1.851327e+00,-1.879482e+00,-1.922647e+00,-1.825837e+00,-1.815369e+00,-1.806626e+00,-1.795637e+00,-1.842522e+00,-1.830770e+00,-1.834414e+00,-1.819191e+00,-1.807550e+00,-1.799272e+00,-1.808383e+00,-1.810395e+00,-1.820399e+00,
-1.823710e+00,-1.800665e+00,-1.782833e+00,-1.820546e+00,-1.818723e+00,-1.853854e+00,-1.789566e+00,-1.787192e+00,-1.836043e+00,-1.876966e+00,-1.869492e+00,-1.848674e+00,-1.800488e+00,-1.795727e+00,-1.771405e+00,-1.773006e+00,-1.768206e+00,-1.766166e+00,-1.749677e+00,-1.772148e+00,-1.835085e+00,-1.823659e+00,-1.813514e+00,-1.848717e+00,-1.866411e+00,-1.875218e+00,
-1.830692e+00,-1.799970e+00,-1.836957e+00,-1.835128e+00,-1.832186e+00,-1.822351e+00,-1.835698e+00,-1.845557e+00,-1.867404e+00,-1.915024e+00,-1.845496e+00,-1.843619e+00,-1.850687e+00,-1.853432e+00,-1.818421e+00,-1.830284e+00,-1.845285e+00,-1.878589e+00,-1.887265e+00,-1.818658e+00,-1.848012e+00,-1.813680e+00,-1.821328e+00,-1.845176e+00,-1.853368e+00,
-1.649822e+00,-1.699886e+00,-1.723418e+00,-1.729491e+00,-1.756854e+00,-1.756152e+00,-1.743210e+00,-1.760394e+00,-1.693121e+00,-1.829072e+00,-1.784345e+00,-1.741492e+00,-1.748467e+00,-1.730635e+00,-1.704982e+00,-1.713223e+00,-1.680368e+00,-1.707050e+00,-1.669188e+00,-1.675313e+00,-1.668674e+00,
-1.658151e+00,-1.687257e+00,-1.727793e+00,-1.723514e+00,-1.731202e+00,-1.737626e+00,-1.745064e+00,-1.727973e+00,-1.729963e+00,-1.695512e+00,-1.704829e+00,-1.703601e+00,-1.775508e+00,-1.737777e+00,-1.719223e+00,-1.681410e+00,-1.679621e+00,-1.705026e+00,-1.673536e+00,-1.708226e+00,-1.681233e+00,-1.667357e+00,
-1.734646e+00,-1.754487e+00,-1.751918e+00,-1.760146e+00,-1.763778e+00,-1.717743e+00,-1.734349e+00,-1.742533e+00,-1.768415e+00,-1.751267e+00,-1.750730e+00,-1.839466e+00,-1.827914e+00,-1.801947e+00,-1.762937e+00,-1.771031e+00,-1.765457e+00,-1.797151e+00,-1.763762e+00,-1.765796e+00,-1.767115e+00,-1.779694e+00,-1.798297e+00,-1.766697e+00,-1.768628e+00,
-1.727083e+00,-1.742425e+00,-1.774936e+00,-1.791560e+00,-1.766491e+00,-1.799174e+00,-1.813455e+00,-1.834994e+00,-1.856505e+00,-1.897453e+00,-1.864094e+00,-1.800740e+00,-1.885977e+00,-1.887575e+00,-1.860960e+00,-1.870206e+00,-1.885857e+00,-1.853319e+00,-1.877980e+00,-1.893297e+00,-1.850674e+00,-1.884559e+00,-1.892295e+00,-1.861288e+00,-1.866481e+00,-1.899887e+00,-1.814368e+00,-1.842942e+00,-1.815745e+00,-1.830216e+00,-1.780766e+00,-1.814986e+00,-1.813965e+00,-1.791928e+00,-1.799227e+00,-1.809808e+00,-1.812514e+00,-1.817962e+00,
-1.672902e+00,-1.667008e+00,-1.678504e+00,-1.614935e+00,-1.660243e+00,-1.727745e+00,-1.774498e+00,-1.794728e+00,-1.861834e+00,-1.871801e+00,-1.847066e+00,-1.773505e+00,-1.763010e+00,-1.751202e+00,-1.755265e+00,-1.767506e+00,-1.752397e+00,-1.743856e+00,-1.722417e+00,-1.738723e+00,-1.693499e+00,-1.704584e+00,
-1.705331e+00,-1.728582e+00,-1.727915e+00,-1.715510e+00,-1.742476e+00,-1.730528e+00,-1.785953e+00,-1.760370e+00,-1.738402e+00,-1.790439e+00,-1.797813e+00,-1.788972e+00,-1.802763e+00,-1.826623e+00,-1.834817e+00,-1.802479e+00,-1.775157e+00,-1.736974e+00,-1.709321e+00,-1.732933e+00,-1.739415e+00,-1.717270e+00,-1.720504e+00,-1.726118e+00,-1.735287e+00,-1.740988e+00,-1.747875e+00,-1.741395e+00,-1.746838e+00,
-1.610951e+00,-1.642554e+00,-1.720331e+00,-1.738337e+00,-1.833097e+00,-1.854531e+00,-1.814093e+00,-1.768923e+00,-1.786265e+00,-1.751917e+00,-1.827981e+00,-1.759770e+00,-1.737128e+00,-1.729505e+00,-1.728933e+00,-1.696995e+00,-1.704192e+00,-1.661438e+00,-1.608480e+00,-1.632333e+00,-1.667545e+00,-1.662067e+00,-1.651001e+00,
-1.764314e+00,-1.744698e+00,-1.748339e+00,-1.756934e+00,-1.706739e+00,-1.665619e+00,-1.745167e+00,-1.787179e+00,-1.771118e+00,-1.903693e+00,-1.877392e+00,-2.024184e+00,-1.922802e+00,-1.943499e+00,-1.916397e+00,-1.923219e+00,-1.934131e+00,-1.887823e+00,-1.915261e+00,-1.903578e+00,-1.870134e+00,-1.899361e+00,-1.982118e+00,-1.919174e+00,-1.906357e+00,-1.878764e+00,-1.857335e+00,-1.846348e+00,-1.818524e+00,-1.800350e+00,
-1.678225e+00,-1.687973e+00,-1.723089e+00,-1.720743e+00,-1.741190e+00,-1.755770e+00,-1.740058e+00,-1.748473e+00,-1.752881e+00,-1.724786e+00,-1.825487e+00,-1.745336e+00,-1.745554e+00,-1.758480e+00,-1.773907e+00,-1.738101e+00,-1.745744e+00,-1.746976e+00,-1.768252e+00,-1.733611e+00,-1.752323e+00,-1.726226e+00,-1.705547e+00,-1.700509e+00,-1.676239e+00,-1.665298e+00,
-1.633192e+00,-1.669132e+00,-1.669805e+00,-1.689480e+00,-1.696472e+00,-1.728494e+00,-1.753164e+00,-1.708608e+00,-1.742613e+00,-1.717460e+00,-1.711377e+00,-1.725254e+00,-1.675941e+00,-1.698017e+00,-1.762578e+00,-1.685300e+00,-1.710987e+00,-1.728676e+00,-1.728727e+00,-1.726859e+00,
-1.834270e+00,-1.854470e+00,-1.872195e+00,-1.897305e+00,-1.931156e+00,-1.923088e+00,-1.967819e+00,-1.923517e+00,-1.946106e+00,-1.962047e+00,-1.941720e+00,-1.925074e+00,-1.954106e+00,-1.976002e+00,-1.990846e+00,-1.988680e+00,-1.937701e+00,-1.979429e+00,-1.974029e+00,-1.963084e+00,-1.986168e+00,-1.939573e+00,-1.947764e+00,-1.929102e+00,-1.949903e+00,-1.928716e+00,-1.906918e+00,
-1.839645e+00,-1.820202e+00,-1.845312e+00,-1.818387e+00,-1.831601e+00,-1.832109e+00,-1.819553e+00,-1.892191e+00,-1.894459e+00,-1.877748e+00,-1.859719e+00,-1.894050e+00,-1.916060e+00,-1.918343e+00,-1.907935e+00,-1.917791e+00,-1.917372e+00,-1.925079e+00,-1.908898e+00,-1.926961e+00,-1.917512e+00,-1.970201e+00,-1.919147e+00,-1.936169e+00,-1.935730e+00,-1.920779e+00,-1.899342e+00,-1.856288e+00,
-1.772412e+00,-1.778183e+00,-1.780742e+00,-1.750477e+00,-1.765418e+00,-1.748927e+00,-1.754885e+00,-1.769958e+00,-1.748644e+00,-1.767054e+00,-1.764039e+00,-1.757804e+00,-1.764057e+00,-1.774086e+00,-1.789838e+00,-1.798880e+00,-1.769044e+00,-1.767123e+00,-1.848867e+00,-1.824415e+00,-1.807003e+00,-1.772553e+00,-1.770515e+00,-1.759016e+00,-1.777182e+00,-1.778428e+00,-1.778044e+00,-1.758068e+00,-1.781626e+00,-1.784373e+00,-1.813161e+00,-1.783835e+00,-1.805384e+00,-1.797174e+00,-1.786807e+00,
-1.705737e+00,-1.733758e+00,-1.712807e+00,-1.740649e+00,-1.793849e+00,-1.793849e+00,-1.780795e+00,-1.777064e+00,-1.838443e+00,-1.802791e+00,-1.751295e+00,-1.731468e+00,-1.726526e+00,-1.729855e+00,-1.729612e+00,-1.758911e+00,-1.709048e+00,-1.748771e+00,-1.698627e+00,-1.681143e+00,-1.680058e+00,-1.678681e+00,-1.679619e+00,-1.679687e+00,-1.718598e+00,
-1.869354e+00,-1.846464e+00,-1.840487e+00,-1.869256e+00,-1.892908e+00,-1.869018e+00,-1.888603e+00,-1.880525e+00,-1.928527e+00,-1.926971e+00,-1.979043e+00,-1.936721e+00,-1.989205e+00,-1.962476e+00,-1.972363e+00,-1.970349e+00,-1.969326e+00,-1.960172e+00,-1.961048e+00,-1.955944e+00,-1.940468e+00,-1.942612e+00,-1.921522e+00,-1.923270e+00,-1.961301e+00,-1.926634e+00,-1.977208e+00,-1.937583e+00,-1.911703e+00,
-1.823891e+00,-1.792934e+00,-1.794796e+00,-1.784994e+00,-1.766730e+00,-1.746410e+00,-1.735351e+00,-1.777873e+00,-1.732481e+00,-1.767644e+00,-1.815015e+00,-1.870185e+00,-1.999856e+00,-1.882776e+00,-1.877736e+00,-1.883876e+00,-1.887851e+00,-1.891836e+00,-1.928172e+00,-1.883178e+00,-1.883135e+00,-1.884359e+00,-1.906476e+00,-1.902098e+00,-1.949053e+00,-1.932599e+00,-1.969228e+00,-1.943668e+00,-1.941287e+00,-1.952115e+00,-1.937904e+00,-1.906329e+00,-1.908159e+00,
-1.693442e+00,-1.687923e+00,-1.696563e+00,-1.672254e+00,-1.683598e+00,-1.598268e+00,-1.638082e+00,-1.726038e+00,-1.756960e+00,-1.800670e+00,-1.816587e+00,-1.798399e+00,-1.767237e+00,-1.774376e+00,-1.746433e+00,-1.739164e+00,-1.768228e+00,-1.769504e+00,-1.767176e+00,-1.756972e+00,-1.716284e+00,-1.684148e+00,-1.690002e+00,-1.697253e+00,-1.656441e+00,
-1.879863e+00,-1.879200e+00,-1.860090e+00,-1.853480e+00,-1.822335e+00,-1.833236e+00,-1.740510e+00,-1.713035e+00,-1.728241e+00,-1.739578e+00,-1.808163e+00,-1.846667e+00,-1.852023e+00,-1.851722e+00,-1.856120e+00,-1.868259e+00,-1.805878e+00,-1.824679e+00,-1.824188e+00,-1.841099e+00,-1.829394e+00,-1.827863e+00,-1.824054e+00,-1.840712e+00,-1.867832e+00,-1.872399e+00,-1.913820e+00,-1.898406e+00,-1.897161e+00,-1.900541e+00,-1.904445e+00,
-1.661947e+00,-1.750109e+00,-1.738874e+00,-1.713196e+00,-1.705982e+00,-1.755180e+00,-1.741904e+00,-1.750496e+00,-1.763948e+00,-1.775154e+00,-1.834598e+00,-1.808857e+00,-1.774928e+00,-1.774257e+00,-1.793910e+00,-1.782621e+00,-1.760404e+00,-1.709925e+00,-1.692083e+00,-1.653960e+00,-1.668571e+00,-1.669227e+00,-1.661122e+00,-1.662756e+00,
-1.743855e+00,-1.725671e+00,-1.733987e+00,-1.688168e+00,-1.713777e+00,-1.757593e+00,-1.755086e+00,-1.759885e+00,-1.765626e+00,-1.751844e+00,-1.821532e+00,-1.804898e+00,-1.763526e+00,-1.760551e+00,-1.750638e+00,-1.742834e+00,-1.769266e+00,-1.745146e+00,-1.738932e+00,-1.741287e+00,-1.754921e+00,-1.753878e+00,-1.780449e+00,-1.775917e+00,-1.786510e+00,
-1.784589e+00,-1.791304e+00,-1.756200e+00,-1.773213e+00,-1.742696e+00,-1.734722e+00,-1.686819e+00,-1.729907e+00,-1.735700e+00,-1.714805e+00,-1.710179e+00,-1.703122e+00,-1.769467e+00,-1.774831e+00,-1.847571e+00,-1.859950e+00,-1.848730e+00,-1.811530e+00,-1.809805e+00,-1.790035e+00,-1.820574e+00,-1.821424e+00,-1.796164e+00,-1.800482e+00,-1.803816e+00,-1.822592e+00,-1.854022e+00,-1.821024e+00,-1.804829e+00,-1.791796e+00,-1.785223e+00,
-1.748749e+00,-1.750942e+00,-1.765935e+00,-1.762805e+00,-1.760279e+00,-1.762853e+00,-1.809644e+00,-1.797852e+00,-1.811017e+00,-1.822819e+00,-1.810873e+00,-1.867430e+00,-1.941695e+00,-1.876672e+00,-1.839007e+00,-1.845492e+00,-1.813300e+00,-1.817602e+00,-1.831510e+00,-1.821307e+00,-1.816466e+00,-1.810964e+00,-1.828235e+00,-1.775011e+00,-1.828336e+00,-1.819314e+00,-1.834964e+00,-1.851074e+00,-1.819413e+00,-1.817509e+00,-1.825448e+00,
-1.754176e+00,-1.751372e+00,-1.775826e+00,-1.754447e+00,-1.750381e+00,-1.757114e+00,-1.761188e+00,-1.768740e+00,-1.739420e+00,-1.803037e+00,-1.788790e+00,-1.879000e+00,-1.857498e+00,-1.836134e+00,-1.838274e+00,-1.845284e+00,-1.832308e+00,-1.821254e+00,-1.833116e+00,-1.814490e+00,-1.820818e+00,-1.759965e+00,-1.808172e+00,-1.843387e+00,-1.848844e+00,-1.858706e+00,-1.859542e+00,-1.859572e+00,-1.866081e+00,-1.844119e+00,
-1.797448e+00,-1.828604e+00,-1.847252e+00,-1.855784e+00,-1.898120e+00,-1.927512e+00,-1.934638e+00,-1.936360e+00,-1.936721e+00,-1.941894e+00,-2.020329e+00,-1.978883e+00,-1.942902e+00,-1.942997e+00,-1.995419e+00,-1.925087e+00,-1.912896e+00,-1.907141e+00,-1.901289e+00,-1.907704e+00,-1.952511e+00,-1.949683e+00,-1.934671e+00,-1.927724e+00,-1.908681e+00,-1.892437e+00,-1.903253e+00,-1.869390e+00,-1.870103e+00,-1.877405e+00,-1.863570e+00,-1.815400e+00,-1.805527e+00,
-1.812226e+00,-1.828129e+00,-1.833136e+00,-1.836302e+00,-1.839299e+00,-1.865589e+00,-1.881796e+00,-1.888364e+00,-1.875069e+00,-1.925370e+00,-1.912142e+00,-1.913331e+00,-1.921630e+00,-1.952175e+00,-1.873648e+00,-1.884430e+00,-1.889975e+00,-1.919517e+00,-1.878328e+00,-1.936589e+00,-1.901555e+00,-1.916480e+00,-1.895460e+00,-1.918184e+00,-1.839800e+00,-1.854743e+00,-1.836929e+00,-1.809623e+00,-1.824048e+00,-1.825078e+00,-1.821666e+00,-1.821259e+00,
-1.767653e+00,-1.768769e+00,-1.807344e+00,-1.849655e+00,-1.853665e+00,-1.888723e+00,-1.925079e+00,-1.916021e+00,-1.932837e+00,-1.893833e+00,-1.916848e+00,-1.916655e+00,-1.884296e+00,-1.896717e+00,-1.929503e+00,-1.885472e+00,-1.901558e+00,-1.872250e+00,-1.880571e+00,-1.874335e+00,-1.863100e+00,-1.921282e+00,-1.905313e+00,-1.870063e+00,-1.901336e+00,-1.840599e+00,-1.860538e+00,-1.829964e+00,-1.827410e+00,-1.783236e+00,-1.808496e+00,
-1.743567e+00,-1.766004e+00,-1.784354e+00,-1.835179e+00,-1.851929e+00,-1.891192e+00,-1.930114e+00,-1.907568e+00,-1.892407e+00,-1.995091e+00,-1.974759e+00,-1.949586e+00,-2.007639e+00,-1.959853e+00,-1.964720e+00,-1.992724e+00,-1.994824e+00,-1.980489e+00,-2.040803e+00,-2.050462e+00,-2.015209e+00,-2.067262e+00,-2.063998e+00,-2.024748e+00,-1.998365e+00,-2.021800e+00,-2.021974e+00,-2.010455e+00,-1.996988e+00,-2.073267e+00,-2.042735e+00,-2.069372e+00,-2.089982e+00,-1.998703e+00,-1.994803e+00,-1.995352e+00,-1.976468e+00,-1.966473e+00,-1.924574e+00,-1.932353e+00,-1.880626e+00,-1.846702e+00,
-1.741309e+00,-1.743639e+00,-1.718269e+00,-1.685507e+00,-1.720238e+00,-1.724726e+00,-1.730831e+00,-1.724172e+00,-1.714963e+00,-1.730910e+00,-1.762218e+00,-1.725422e+00,-1.720528e+00,-1.708487e+00,-1.732186e+00,-1.719994e+00,-1.707665e+00,-1.698530e+00,-1.717672e+00,-1.696152e+00,-1.671008e+00,-1.695703e+00,-1.672044e+00,-1.667202e+00,-1.658180e+00,-1.678244e+00,
-1.761994e+00,-1.755441e+00,-1.762524e+00,-1.778708e+00,-1.789124e+00,-1.775841e+00,-1.785475e+00,-1.747800e+00,-1.813434e+00,-1.816632e+00,-1.790213e+00,-1.833967e+00,-1.869736e+00,-1.901502e+00,-1.890439e+00,-1.871616e+00,-1.852446e+00,-1.830674e+00,-1.841493e+00,-1.857414e+00,-1.841803e+00,-1.826331e+00,-1.828088e+00,-1.837400e+00,-1.823238e+00,-1.816209e+00,-1.817343e+00,-1.810329e+00,-1.782483e+00,-1.819428e+00,-1.819041e+00,-1.811956e+00,
-1.732092e+00,-1.712367e+00,-1.752592e+00,-1.723050e+00,-1.733932e+00,-1.758348e+00,-1.716316e+00,-1.722626e+00,-1.742550e+00,-1.765725e+00,-1.730812e+00,-1.728097e+00,-1.767729e+00,-1.714737e+00,-1.680456e+00,-1.745697e+00,-1.752758e+00,-1.750336e+00,-1.738448e+00,-1.750157e+00,-1.733303e+00,-1.736714e+00,-1.715126e+00,-1.678221e+00,-1.689780e+00,
-1.772596e+00,-1.775565e+00,-1.769388e+00,-1.783419e+00,-1.789641e+00,-1.776940e+00,-1.801379e+00,-1.831226e+00,-1.825252e+00,-1.816592e+00,-1.865785e+00,-1.842856e+00,-1.794986e+00,-1.842834e+00,-1.827865e+00,-1.825045e+00,-1.833610e+00,-1.850475e+00,-1.781027e+00,-1.843293e+00,-1.813599e+00,-1.841543e+00,-1.850378e+00,-1.822207e+00,-1.813799e+00,-1.824871e+00,
-1.797450e+00,-1.808654e+00,-1.844179e+00,-1.902460e+00,-1.924084e+00,-1.974380e+00,-2.010352e+00,-1.987398e+00,-2.012168e+00,-2.028733e+00,-1.991428e+00,-1.989548e+00,-1.975019e+00,-1.948228e+00,-1.961556e+00,-1.969857e+00,-1.950958e+00,-1.921047e+00,-2.008888e+00,-1.980611e+00,-1.956732e+00,-1.935904e+00,-1.906007e+00,-1.873383e+00,-1.852810e+00,-1.849409e+00,-1.820872e+00,-1.793643e+00,
-1.831040e+00,-1.841733e+00,-1.852209e+00,-1.867954e+00,-1.875436e+00,-1.863551e+00,-1.931196e+00,-1.936056e+00,-1.945892e+00,-1.903427e+00,-1.883760e+00,-1.948658e+00,-1.882586e+00,-1.909035e+00,-1.906287e+00,-1.903295e+00,-1.904912e+00,-1.919992e+00,-1.955097e+00,-1.943343e+00,-1.907097e+00,-1.912502e+00,-1.929858e+00,-1.962247e+00,-1.899598e+00,-1.870035e+00,-1.878041e+00,-1.884530e+00,-1.884203e+00,-1.880399e+00,-1.855081e+00,-1.861892e+00,-1.849075e+00,-1.846389e+00,-1.843154e+00,
-1.738956e+00,-1.733785e+00,-1.736367e+00,-1.684793e+00,-1.671755e+00,-1.648005e+00,-1.617584e+00,-1.665446e+00,-1.609619e+00,-1.588332e+00,-1.606722e+00,-1.643133e+00,-1.700060e+00,-1.750557e+00,-1.723732e+00,-1.703612e+00,-1.707037e+00,-1.607760e+00,-1.563927e+00,-1.599302e+00,-1.626664e+00,-1.652310e+00,-1.671562e+00,-1.693217e+00,-1.663695e+00,-1.647276e+00,-1.645951e+00,-1.663135e+00,
-1.905113e+00,-1.878930e+00,-1.861617e+00,-1.876586e+00,-1.884456e+00,-1.781206e+00,-1.804278e+00,-1.741504e+00,-1.734780e+00,-1.728243e+00,-1.751762e+00,-1.869292e+00,-1.799772e+00,-1.737098e+00,-1.771952e+00,-1.781908e+00,-1.797981e+00,-1.793484e+00,-1.794377e+00,-1.792052e+00,-1.747402e+00,-1.742144e+00,-1.801767e+00,-1.836695e+00,-1.875699e+00,-1.880266e+00,-1.905146e+00,-1.962693e+00,-1.952290e+00,-1.985887e+00,-1.981350e+00,-1.962015e+00,-1.957920e+00,-1.955260e+00,-1.952179e+00,
-1.790409e+00,-1.757001e+00,-1.763423e+00,-1.732186e+00,-1.707991e+00,-1.730264e+00,-1.712059e+00,-1.730147e+00,-1.771292e+00,-1.929782e+00,-1.947744e+00,-2.005852e+00,-1.935023e+00,-1.868397e+00,-1.839096e+00,-1.812893e+00,-1.845396e+00,-1.835092e+00,-1.803002e+00,-1.733872e+00,-1.750494e+00,-1.723484e+00,-1.731699e+00,-1.802657e+00,-1.817549e+00,-1.819102e+00,-1.844216e+00,-1.854598e+00,-1.868591e+00,-1.902985e+00,-1.914395e+00,-1.895524e+00,-1.901986e+00,
-1.750798e+00,-1.778240e+00,-1.757866e+00,-1.743283e+00,-1.688743e+00,-1.736755e+00,-1.717824e+00,-1.884525e+00,-1.688617e+00,-1.697288e+00,-1.744044e+00,-1.696533e+00,-1.712273e+00,-1.744349e+00,-1.735097e+00,-1.726435e+00,-1.722258e+00,-1.765506e+00,-1.793140e+00,-1.833082e+00,-1.809942e+00,-1.808265e+00,-1.791227e+00,-1.791319e+00,-1.767612e+00,-1.770890e+00,-1.762600e+00,
-1.767532e+00,-1.740594e+00,-1.742452e+00,-1.738810e+00,-1.741536e+00,-1.742687e+00,-1.758429e+00,-1.755641e+00,-1.731984e+00,-1.735304e+00,-1.730736e+00,-1.720359e+00,-1.715953e+00,-1.714445e+00,-1.724192e+00,-1.726549e+00,-1.735639e+00,
-1.768808e+00,-1.750960e+00,-1.735286e+00,-1.715486e+00,-1.750533e+00,-1.711786e+00,-1.693573e+00,-1.709928e+00,-1.736392e+00,-1.721352e+00,-1.812405e+00,-1.742668e+00,-1.785395e+00,-1.798104e+00,-1.810694e+00,-1.778792e+00,-1.776437e+00,-1.804202e+00,-1.812489e+00,-1.795776e+00,-1.794641e+00,-1.747631e+00,-1.848762e+00,-1.946065e+00,-1.962712e+00,-2.024484e+00,-2.062048e+00,-2.019917e+00,-2.023608e+00,-1.992027e+00,-1.946489e+00,-1.931748e+00,-1.898904e+00,-1.897090e+00,-1.909204e+00,
-1.706258e+00,-1.718299e+00,-1.722709e+00,-1.750445e+00,-1.730401e+00,-1.736605e+00,-1.723778e+00,-1.719830e+00,-1.728623e+00,-1.737104e+00,-1.710844e+00,-1.701418e+00,-1.692145e+00,-1.700871e+00,-1.713726e+00,-1.717528e+00,-1.730980e+00,-1.709897e+00,-1.750347e+00,-1.704643e+00,-1.732168e+00,
-1.742851e+00,-1.766794e+00,-1.770454e+00,-1.714736e+00,-1.702992e+00,-1.700975e+00,-1.698072e+00,-1.697118e+00,-1.708788e+00,-1.676989e+00,-1.712644e+00,-1.706123e+00,-1.686318e+00,-1.705394e+00,-1.713269e+00,-1.721032e+00,-1.701460e+00,-1.727640e+00,-1.729087e+00,-1.748609e+00,
-1.768311e+00,-1.770564e+00,-1.751302e+00,-1.751490e+00,-1.765720e+00,-1.733966e+00,-1.733013e+00,-1.767508e+00,-1.692729e+00,-1.680288e+00,-1.710602e+00,-1.703470e+00,-1.704745e+00,-1.706552e+00,-1.703906e+00,-1.728851e+00,-1.721075e+00,-1.720516e+00,-1.710945e+00,
-1.781098e+00,-1.809576e+00,-1.754598e+00,-1.745154e+00,-1.774320e+00,-1.753088e+00,-1.705764e+00,-1.979760e+00,-1.781983e+00,-1.770321e+00,-1.807710e+00,-1.831414e+00,-1.807466e+00,-1.878759e+00,-1.830578e+00,-1.813938e+00,-1.777646e+00,-1.772609e+00,-1.801546e+00,-1.780223e+00,-1.824252e+00,-1.809989e+00,-1.814283e+00,
-1.706485e+00,-1.679710e+00,-1.685188e+00,-1.699500e+00,-1.665173e+00,-1.698678e+00,-1.699281e+00,-1.768598e+00,-1.817303e+00,-1.600873e+00,-1.639804e+00,-1.684136e+00,-1.604276e+00,-1.697025e+00,-1.829480e+00,-1.729483e+00,-1.688905e+00,-1.707639e+00,-1.718334e+00,-1.761125e+00,-1.743249e+00,-1.748834e+00,-1.727589e+00,-1.736320e+00,-1.730093e+00,-1.766988e+00,-1.779944e+00,-1.777622e+00,-1.781166e+00,-1.781236e+00,-1.778509e+00,-1.775471e+00,-1.777590e+00,-1.775780e+00,
-1.712086e+00,-1.731823e+00,-1.720685e+00,-1.720869e+00,-1.753484e+00,-1.688554e+00,-1.665801e+00,-1.710122e+00,-1.729876e+00,-1.742569e+00,-1.789395e+00,-1.812260e+00,-1.789127e+00,-1.753669e+00,-1.703281e+00,-1.698570e+00,-1.716941e+00,-1.728058e+00,-1.717780e+00,-1.711734e+00,-1.726290e+00,-1.707868e+00,-1.719110e+00,-1.729530e+00,-1.716350e+00,-1.737278e+00,-1.740054e+00,-1.744999e+00,-1.784054e+00,-1.832017e+00,-1.919404e+00,-1.932445e+00,-1.958991e+00,-1.950387e+00,-1.974608e+00,-1.954378e+00,-1.984532e+00,-1.996030e+00,-2.002316e+00,-1.997439e+00,-1.996376e+00,-1.995669e+00,-1.986581e+00,
-1.679867e+00,-1.680821e+00,-1.717565e+00,-1.698389e+00,-1.664358e+00,-1.631880e+00,-1.633129e+00,-1.644142e+00,-1.578490e+00,-1.506490e+00,-1.560770e+00,-1.603058e+00,-1.529310e+00,-1.530687e+00,-1.568520e+00,-1.537688e+00,-1.556164e+00,-1.549204e+00,-1.561498e+00,-1.598513e+00,-1.626063e+00,-1.654795e+00,-1.698045e+00,-1.724253e+00,-1.688267e+00,-1.681703e+00,-1.689133e+00,-1.690938e+00,
-1.717883e+00,-1.746886e+00,-1.734920e+00,-1.704798e+00,-1.706740e+00,-1.713293e+00,-1.748517e+00,-1.727275e+00,-1.725676e+00,-1.674647e+00,-1.692513e+00,-1.694847e+00,-1.654420e+00,-1.656922e+00,-1.665198e+00,-1.661975e+00,-1.676928e+00,-1.664548e+00,-1.679088e+00,-1.688594e+00,-1.665014e+00,-1.661699e+00,-1.705973e+00,-1.675884e+00,-1.690533e+00,-1.700524e+00,-1.706037e+00,
-1.727627e+00,-1.710454e+00,-1.704975e+00,-1.670404e+00,-1.701318e+00,-1.700425e+00,-1.689635e+00,-1.676419e+00,-1.680470e+00,-1.627880e+00,-1.606646e+00,-1.561504e+00,-1.592690e+00,-1.619458e+00,-1.603308e+00,-1.611098e+00,-1.637827e+00,-1.604509e+00,-1.664787e+00,-1.713850e+00,-1.756201e+00,-1.787583e+00,-1.812132e+00,
-1.749245e+00,-1.769287e+00,-1.761940e+00,-1.755962e+00,-1.737038e+00,-1.748153e+00,-1.717939e+00,-1.702201e+00,-1.690491e+00,-1.682790e+00,-1.694998e+00,-1.689958e+00,-1.664628e+00,-1.670509e+00,-1.662878e+00,-1.654500e+00,-1.653792e+00,-1.688169e+00,-1.710593e+00,-1.732947e+00,-1.742759e+00,-1.744256e+00,-1.742552e+00,
-1.774493e+00,-1.764991e+00,-1.745659e+00,-1.766853e+00,-1.764241e+00,-1.704826e+00,-1.726591e+00,-1.692234e+00,-1.715401e+00,-1.709161e+00,-1.735368e+00,-1.724635e+00,-1.695318e+00,-1.686493e+00,-1.711522e+00,-1.696953e+00,-1.705335e+00,-1.711728e+00,-1.650110e+00,-1.703136e+00,-1.709304e+00,-1.688293e+00,-1.705434e+00,-1.742511e+00,-1.777617e+00,-1.797420e+00,
-1.638057e+00,-1.624583e+00,-1.618999e+00,-1.570740e+00,-1.562338e+00,-1.516045e+00,-1.512242e+00,-1.436952e+00,-1.453512e+00,-1.409192e+00,-1.414240e+00,-1.415709e+00,-1.454999e+00,-1.415350e+00,-1.429782e+00,-1.424224e+00,-1.425440e+00,-1.440969e+00,-1.448195e+00,-1.484034e+00,-1.508420e+00,-1.635525e+00,-1.664229e+00,-1.748228e+00,-1.757401e+00,-1.757686e+00,-1.767694e+00,-1.753197e+00,
-1.789868e+00,-1.758100e+00,-1.755013e+00,-1.740828e+00,-1.749505e+00,-1.704711e+00,-1.694466e+00,-1.704086e+00,-1.688990e+00,-1.675047e+00,-1.698964e+00,-1.721099e+00,-1.719114e+00,-1.708153e+00,-1.716723e+00,-1.694946e+00,-1.694975e+00,-1.723109e+00,-1.689846e+00,-1.715039e+00,-1.706292e+00,-1.740664e+00,-1.741885e+00,-1.749148e+00,-1.773288e+00,-1.776739e+00,
-1.731659e+00,-1.716657e+00,-1.713856e+00,-1.720076e+00,-1.699683e+00,-1.732829e+00,-1.723551e+00,-1.687536e+00,-1.762351e+00,-1.668676e+00,-1.645292e+00,-1.694395e+00,-1.734169e+00,-1.728432e+00,-1.714905e+00,-1.692641e+00,-1.694696e+00,-1.749052e+00,-1.728135e+00,-1.745544e+00,-1.743481e+00,
-1.811574e+00,-1.818637e+00,-1.787916e+00,-1.750894e+00,-1.735711e+00,-1.743704e+00,-1.800930e+00,-1.750079e+00,-1.759021e+00,-1.757807e+00,-1.764571e+00,-1.767677e+00,-1.756476e+00,-1.758175e+00,-1.770560e+00,-1.771621e+00,-1.783321e+00,-1.784379e+00,-1.757762e+00,-1.772414e+00,-1.756947e+00,-1.746314e+00,-1.766492e+00,-1.809170e+00,-1.776850e+00,-1.802866e+00,-1.806318e+00,
-1.761035e+00,-1.779114e+00,-1.747572e+00,-1.709405e+00,-1.714510e+00,-1.706097e+00,-1.694702e+00,-1.690529e+00,-1.720686e+00,-1.722758e+00,-1.697243e+00,-1.706349e+00,-1.702723e+00,-1.701872e+00,-1.707575e+00,-1.705227e+00,-1.710492e+00,-1.705737e+00,-1.707856e+00,-1.762894e+00,-1.774281e+00,-1.779250e+00,-1.809122e+00,
-1.652452e+00,-1.666377e+00,-1.623201e+00,-1.613518e+00,-1.608435e+00,-1.588065e+00,-1.516219e+00,-1.505193e+00,-1.448210e+00,-1.410151e+00,-1.398948e+00,-1.389411e+00,-1.388635e+00,-1.391184e+00,-1.416224e+00,-1.415702e+00,-1.422604e+00,-1.431429e+00,-1.492922e+00,-1.515268e+00,-1.613734e+00,-1.608861e+00,-1.689333e+00,-1.679425e+00,-1.712368e+00,-1.689146e+00,-1.679420e+00,
-1.795942e+00,-1.753138e+00,-1.759436e+00,-1.779862e+00,-1.797592e+00,-1.732835e+00,-1.753346e+00,-1.740624e+00,-1.741359e+00,-1.758579e+00,-1.753325e+00,-1.806558e+00,-1.825585e+00,-1.831108e+00,-1.811853e+00,-1.833533e+00,-1.840848e+00,-1.838311e+00,-1.804159e+00,-1.811438e+00,-1.799004e+00,-1.803217e+00,-1.738235e+00,-1.635185e+00,-1.590681e+00,-1.562791e+00,-1.547168e+00,-1.624187e+00,
-1.666906e+00,-1.633524e+00,-1.623146e+00,-1.575603e+00,-1.543370e+00,-1.521313e+00,-1.518992e+00,-1.494474e+00,-1.476082e+00,-1.451709e+00,-1.437580e+00,-1.436786e+00,-1.429492e+00,-1.422755e+00,-1.418409e+00,-1.432476e+00,-1.457782e+00,-1.465975e+00,-1.511760e+00,-1.556170e+00,-1.576069e+00,-1.598377e+00,-1.579167e+00,
-1.685344e+00,-1.677677e+00,-1.645570e+00,-1.666824e+00,-1.690693e+00,-1.676304e+00,-1.680984e+00,-1.667269e+00,-1.729554e+00,-1.667240e+00,-1.695044e+00,-1.723663e+00,-1.696891e+00,-1.700166e+00,-1.698211e+00,-1.677477e+00,-1.739009e+00,-1.731779e+00,
-1.743141e+00,-1.698886e+00,-1.740963e+00,-1.715041e+00,-1.722570e+00,-1.695974e+00,-1.712218e+00,-1.729564e+00,-1.682742e+00,-1.689457e+00,-1.682995e+00,-1.717152e+00,-1.715768e+00,-1.749281e+00,-1.714894e+00,-1.718654e+00,-1.754684e+00,
-1.631971e+00,-1.630655e+00,-1.603406e+00,-1.533391e+00,-1.528117e+00,-1.497074e+00,-1.513709e+00,-1.466621e+00,-1.436289e+00,-1.430248e+00,-1.429443e+00,-1.426028e+00,-1.442300e+00,-1.440262e+00,-1.452092e+00,-1.450028e+00,-1.461861e+00,-1.445590e+00,-1.520278e+00,-1.481540e+00,-1.500083e+00,-1.584676e+00,-1.608628e+00,-1.632786e+00,-1.621286e+00,-1.644595e+00,-1.654203e+00,
-1.751433e+00,-1.761604e+00,-1.722750e+00,-1.717650e+00,-1.793197e+00,-1.866555e+00,-1.861928e+00,-1.830463e+00,-1.872353e+00,-1.883158e+00,-1.798265e+00,-1.756600e+00,-1.729152e+00,-1.771062e+00,-1.825215e+00,-1.790748e+00,-1.838958e+00,-1.853805e+00,-1.891392e+00,-1.893749e+00,-1.880423e+00,-1.865326e+00,-1.850802e+00,-1.849240e+00,-1.836260e+00,-1.802639e+00,
-1.799766e+00,-1.772473e+00,-1.752477e+00,-1.764548e+00,-1.781690e+00,-1.743035e+00,-1.918772e+00,-1.742140e+00,-1.752877e+00,-1.754216e+00,-1.776275e+00,-1.806279e+00,-1.806125e+00,-1.839273e+00,-1.828207e+00,-1.741112e+00,-1.779519e+00,-1.739731e+00,-1.755722e+00,-1.808774e+00,-1.794641e+00,-1.790978e+00,
-1.672418e+00,-1.644188e+00,-1.616523e+00,-1.553627e+00,-1.531526e+00,-1.549555e+00,-1.482853e+00,-1.494508e+00,-1.461705e+00,-1.458255e+00,-1.459369e+00,-1.448033e+00,-1.500270e+00,-1.475946e+00,-1.500571e+00,-1.542278e+00,-1.527069e+00,-1.540664e+00,-1.578124e+00,-1.592051e+00,-1.647367e+00,-1.644999e+00,-1.681283e+00,-1.703574e+00,-1.685586e+00,
-1.798154e+00,-1.774408e+00,-1.768243e+00,-1.720787e+00,-1.742795e+00,-1.755604e+00,-1.788928e+00,-1.771807e+00,-1.766855e+00,-1.758058e+00,-1.753653e+00,-1.775438e+00,-1.781492e+00,-1.774026e+00,-1.813466e+00,-1.795412e+00,-1.796039e+00,-1.775251e+00,-1.763188e+00,-1.778339e+00,-1.737306e+00,-1.752849e+00,-1.783216e+00,-1.796748e+00,-1.784152e+00,-1.781821e+00,-1.809170e+00,-1.807987e+00,
-1.752550e+00,-1.741894e+00,-1.731360e+00,-1.735593e+00,-1.753668e+00,-1.727262e+00,-1.699086e+00,-1.678265e+00,-1.689531e+00,-1.726722e+00,-1.715611e+00,-1.708280e+00,-1.709579e+00,-1.703450e+00,-1.732962e+00,-1.741022e+00,-1.733574e+00,-1.705592e+00,-1.705182e+00,-1.713472e+00,
-1.744288e+00,-1.737527e+00,-1.742045e+00,-1.703558e+00,-1.683463e+00,-1.684282e+00,-1.687582e+00,-1.680610e+00,-1.677390e+00,-1.721206e+00,-1.727500e+00,-1.705829e+00,-1.741636e+00,-1.745474e+00,-1.735412e+00,-1.753793e+00,-1.736139e+00,-1.729546e+00,-1.728562e+00,-1.722351e+00,-1.689131e+00,-1.711146e+00,-1.720917e+00,-1.749205e+00,-1.736009e+00,-1.741546e+00,-1.740910e+00,-1.734086e+00,-1.765542e+00,
-1.743610e+00,-1.753049e+00,-1.756344e+00,-1.750159e+00,-1.745206e+00,-1.748364e+00,-1.715942e+00,-1.742234e+00,-1.801439e+00,-1.861534e+00,-1.830387e+00,-1.890234e+00,-1.858329e+00,-1.798128e+00,-1.784566e+00,-1.783244e+00,-1.792104e+00,-1.810250e+00,-1.807601e+00,-1.800327e+00,-1.833462e+00,-1.851630e+00,-1.802380e+00,-1.827469e+00,-1.783299e+00,-1.837429e+00,-1.838501e+00,-1.843950e+00,-1.838399e+00,-1.833932e+00,-1.811969e+00,-1.801983e+00,-1.845076e+00,-1.891945e+00,-1.898251e+00,-1.879996e+00,
-1.726326e+00,-1.741159e+00,-1.706098e+00,-1.688276e+00,-1.708610e+00,-1.729150e+00,-1.721992e+00,-1.683327e+00,-1.689279e+00,-1.697477e+00,-1.702288e+00,-1.702445e+00,-1.703810e+00,-1.727567e+00,-1.742400e+00,-1.745284e+00,-1.727683e+00,-1.716078e+00,-1.715614e+00,-1.728567e+00,
-1.671024e+00,-1.663507e+00,-1.626299e+00,-1.587132e+00,-1.568681e+00,-1.606515e+00,-1.637151e+00,-1.562560e+00,-1.565841e+00,-1.596392e+00,-1.599450e+00,-1.569595e+00,-1.570548e+00,-1.585554e+00,-1.549138e+00,-1.587859e+00,-1.623511e+00,-1.645183e+00,-1.602940e+00,-1.608497e+00,-1.595011e+00,-1.612131e+00,-1.608635e+00,
-1.746767e+00,-1.721403e+00,-1.723139e+00,-1.764150e+00,-1.753711e+00,-1.704905e+00,-1.677570e+00,-1.682914e+00,-1.728384e+00,-1.749251e+00,-1.702902e+00,-1.732473e+00,-1.729249e+00,-1.736647e+00,-1.737896e+00,-1.706722e+00,-1.758634e+00,
-1.707821e+00,-1.702465e+00,-1.695264e+00,-1.647430e+00,-1.621556e+00,-1.594711e+00,-1.587227e+00,-1.635107e+00,-1.619735e+00,-1.581313e+00,-1.523524e+00,-1.529994e+00,-1.570420e+00,-1.563525e+00,-1.574550e+00,-1.580560e+00,-1.580979e+00,-1.609036e+00,-1.628390e+00,-1.612607e+00,-1.621666e+00,-1.613168e+00,-1.607360e+00,-1.593010e+00,-1.614228e+00,-1.620038e+00,-1.592854e+00,-1.575178e+00,-1.592340e+00,-1.720968e+00,-1.701657e+00,-1.742010e+00,-1.762152e+00,-1.800893e+00,-1.821826e+00,
-1.696386e+00,-1.739006e+00,-1.763789e+00,-1.746582e+00,-1.775370e+00,-1.813864e+00,-1.872125e+00,-1.973141e+00,9.952604e-01,-2.142390e+00,8.429556e-01,7.269787e-01,7.320455e-01,7.444607e-01,7.698855e-01,7.895362e-01,8.457030e-01,9.343621e-01,9.985477e-01,-1.941388e+00,-1.869356e+00,-1.850870e+00,-1.834135e+00,-1.772164e+00,
-1.683943e+00,-1.683047e+00,-1.701108e+00,-1.679807e+00,-1.686562e+00,-1.674781e+00,-1.646116e+00,-1.626617e+00,-1.574484e+00,-1.615787e+00,-1.536946e+00,-1.583519e+00,-1.640623e+00,-1.635336e+00,-1.643570e+00,-1.619828e+00,-1.635500e+00,-1.619905e+00,-1.644331e+00,-1.651134e+00,-1.645034e+00,-1.674038e+00,-1.690936e+00,-1.712017e+00,-1.724492e+00,-1.730664e+00,-1.711715e+00,-1.697481e+00,
-1.854175e+00,-1.861682e+00,-1.815556e+00,-1.817676e+00,-1.836204e+00,-1.809430e+00,-1.801760e+00,-1.931710e+00,-1.897847e+00,-1.943698e+00,-1.913625e+00,-1.813876e+00,-1.782267e+00,-1.800699e+00,-1.852151e+00,-1.800716e+00,-1.788538e+00,-1.785642e+00,-1.799637e+00,-1.792378e+00,-1.803874e+00,-1.810587e+00,-1.800267e+00,-1.803384e+00,-1.793167e+00,-1.782128e+00,-1.781836e+00,-1.791044e+00,-1.767832e+00,-1.773510e+00,-1.794739e+00,-1.834109e+00,-1.826803e+00,
-1.738185e+00,-1.732463e+00,-1.730049e+00,-1.725988e+00,-1.749143e+00,-1.731932e+00,-1.669155e+00,-1.738980e+00,-1.673840e+00,-1.695105e+00,-1.674084e+00,-1.751229e+00,-1.707683e+00,-1.744031e+00,-1.725271e+00,-1.731430e+00,-1.710716e+00,-1.715173e+00,-1.704675e+00,-1.714912e+00,-1.704960e+00,-1.722742e+00,-1.711090e+00,-1.716289e+00,-1.728972e+00,-1.763914e+00,-1.846245e+00,-1.915011e+00,-1.939245e+00,-1.979316e+00,-1.989488e+00,-1.974234e+00,-1.956764e+00,-1.978258e+00,-1.950956e+00,-1.939893e+00,-1.937635e+00,-1.933797e+00,-1.914079e+00,-1.905689e+00,
-1.737902e+00,-1.705538e+00,-1.714878e+00,-1.708229e+00,-1.719389e+00,-1.711997e+00,-1.714380e+00,-1.688972e+00,-1.704665e+00,-1.737385e+00,-1.723551e+00,-1.730121e+00,-1.747901e+00,-1.718569e+00,-1.747665e+00,-1.722062e+00,-1.713828e+00,-1.764886e+00,-1.770770e+00,-1.783830e+00,-1.780535e+00,-1.781844e+00,
-1.671614e+00,-1.670052e+00,-1.631747e+00,-1.615216e+00,-1.602755e+00,-1.610165e+00,-1.573741e+00,-1.560984e+00,-1.581844e+00,-1.607748e+00,-1.624486e+00,-1.596330e+00,-1.589485e+00,-1.586367e+00,-1.594557e+00,-1.635467e+00,-1.640742e+00,-1.658871e+00,-1.637209e+00,-1.636265e+00,-1.637177e+00,-1.618678e+00,-1.626505e+00,-1.623652e+00,-1.642919e+00,-1.661341e+00,-1.678983e+00,-1.646759e+00,
-1.659778e+00,-1.628657e+00,-1.597545e+00,-1.599236e+00,-1.544139e+00,-1.501450e+00,-1.488136e+00,-1.445366e+00,-1.397099e+00,-1.381537e+00,-1.397873e+00,-1.421941e+00,-1.434729e+00,-1.413636e+00,-1.405410e+00,-1.431876e+00,-1.459727e+00,-1.492928e+00,-1.612906e+00,-1.645804e+00,-1.685694e+00,-1.691274e+00,-1.695349e+00,
-1.691318e+00,-1.685282e+00,-1.674999e+00,-1.596899e+00,-1.609147e+00,-1.519383e+00,-1.497759e+00,-1.479202e+00,-1.480710e+00,-1.470741e+00,-1.472540e+00,-1.474580e+00,-1.470056e+00,-1.466570e+00,-1.474542e+00,-1.483692e+00,-1.482006e+00,-1.507323e+00,-1.530607e+00,-1.600474e+00,-1.639669e+00,-1.673354e+00,-1.729534e+00,
-1.849776e+00,-1.833430e+00,-1.822706e+00,-1.925089e+00,-1.877260e+00,-1.908810e+00,-1.872040e+00,-1.875399e+00,-1.899644e+00,-1.911078e+00,-1.922539e+00,-1.839400e+00,-1.880068e+00,-1.918717e+00,-1.879492e+00,-1.874077e+00,-1.874867e+00,-1.911837e+00,-1.934913e+00,-1.905082e+00,-1.913318e+00,-1.895441e+00,-1.922744e+00,-1.943501e+00,-1.942829e+00,-2.022990e+00,-2.024507e+00,-2.032357e+00,-2.043666e+00,-2.022117e+00,
-1.810076e+00,-1.781454e+00,-1.763667e+00,-1.722780e+00,-1.723391e+00,-1.734614e+00,-1.753981e+00,-1.772688e+00,-1.754820e+00,-1.752977e+00,-1.748337e+00,-1.737859e+00,-1.741675e+00,-1.737446e+00,-1.742357e+00,-1.755897e+00,-1.738897e+00,-1.733345e+00,-1.717585e+00,-1.740834e+00,-1.776217e+00,-1.812084e+00,-1.817464e+00,-1.801160e+00,
-1.793322e+00,-1.783272e+00,-1.737719e+00,-1.756050e+00,-1.759712e+00,-1.776172e+00,-1.741210e+00,-1.732103e+00,-1.770310e+00,-1.740250e+00,-1.746813e+00,-1.754899e+00,-1.770699e+00,-1.770770e+00,-1.747948e+00,-1.765619e+00,-1.776558e+00,-1.742777e+00,-1.786733e+00,-1.769950e+00,-1.778636e+00,-1.718637e+00,-1.682381e+00,-1.678205e+00,-1.680635e+00,-1.654563e+00,-1.692891e+00,-1.708316e+00,-1.708250e+00,-1.706759e+00,-1.728382e+00,-1.718011e+00,-1.714283e+00,-1.716058e+00,-1.706011e+00,-1.712733e+00,-1.766004e+00,-1.756832e+00,-1.784647e+00,
-1.689745e+00,-1.659855e+00,-1.608235e+00,-1.573538e+00,-1.571306e+00,-1.524733e+00,-1.493305e+00,-1.502385e+00,-1.495623e+00,-1.511519e+00,-1.503667e+00,-1.476151e+00,-1.501912e+00,-1.495790e+00,-1.495579e+00,-1.509511e+00,-1.504559e+00,-1.570415e+00,-1.605715e+00,-1.627940e+00,-1.669274e+00,-1.674561e+00,-1.669971e+00,
-1.787031e+00,-1.792288e+00,-1.805921e+00,-1.770408e+00,-1.755855e+00,-1.767018e+00,-1.719535e+00,-1.749802e+00,-1.715702e+00,-1.750910e+00,-1.737205e+00,-1.729366e+00,-1.678869e+00,-1.688449e+00,-1.683490e+00,-1.705468e+00,-1.643939e+00,-1.645163e+00,-1.657367e+00,-1.683107e+00,-1.657510e+00,-1.702745e+00,-1.718153e+00,-1.713084e+00,-1.705018e+00,-1.680924e+00,-1.700067e+00,-1.703833e+00,-1.756369e+00,-1.746664e+00,-1.817949e+00,-1.874692e+00,-1.890961e+00,-1.908718e+00,-1.918212e+00,-1.889241e+00,-1.893224e+00,-1.899654e+00,-1.913720e+00,
-1.750434e+00,-1.769810e+00,-1.738276e+00,-1.731520e+00,-1.706843e+00,-1.713638e+00,-1.697676e+00,-1.724541e+00,-1.701015e+00,-1.712564e+00,-1.699603e+00,-1.725628e+00,-1.695518e+00,-1.713171e+00,-1.724752e+00,-1.724173e+00,-1.709021e+00,-1.738573e+00,-1.737980e+00,-1.726390e+00,-1.739285e+00,-1.762782e+00,-1.739959e+00,-1.775367e+00,-1.758323e+00,-1.748852e+00,-1.742347e+00,
-1.788288e+00,-1.782744e+00,-1.744743e+00,-1.775046e+00,-1.760433e+00,-1.709643e+00,-1.698037e+00,-1.712672e+00,-1.734046e+00,-1.733394e+00,-1.727948e+00,-1.723741e+00,-1.701182e+00,-1.707140e+00,-1.719349e+00,-1.717927e+00,-1.702794e+00,-1.709799e+00,-1.712149e+00,-1.739447e+00,-1.716099e+00,-1.753284e+00,-1.727491e+00,-1.739086e+00,-1.731070e+00,-1.744799e+00,-1.792182e+00,-1.784326e+00,
-1.760228e+00,-1.747307e+00,-1.722147e+00,-1.713337e+00,-1.678520e+00,-1.696773e+00,-1.671062e+00,-1.653942e+00,-1.651834e+00,-1.679191e+00,-1.661754e+00,-1.672289e+00,-1.682214e+00,-1.691046e+00,-1.687670e+00,-1.676786e+00,-1.681626e+00,-1.689402e+00,-1.704897e+00,-1.665421e+00,-1.650973e+00,-1.643537e+00,-1.687214e+00,-1.705576e+00,-1.728964e+00,-1.730121e+00,
-1.785481e+00,-1.788467e+00,-1.808872e+00,-1.785080e+00,-1.810617e+00,-1.783036e+00,-1.796145e+00,-1.810174e+00,-1.799632e+00,-1.800899e+00,-1.817534e+00,-1.796942e+00,-1.808580e+00,-1.841295e+00,-1.834427e+00,-1.836569e+00,-1.846608e+00,-1.835395e+00,-1.835100e+00,-1.817327e+00,-1.812242e+00,-1.820866e+00,-1.808574e+00,-1.808176e+00,-1.825076e+00,-1.831089e+00,
-1.770862e+00,-1.786355e+00,-1.802162e+00,-1.794929e+00,-1.744214e+00,-1.705276e+00,-1.708253e+00,-1.717952e+00,-1.673574e+00,-1.693663e+00,-1.691784e+00,-1.675335e+00,-1.696026e+00,-1.695655e+00,-1.704246e+00,-1.706206e+00,-1.708771e+00,-1.709800e+00,-1.706570e+00,-1.719169e+00,-1.709137e+00,-1.711848e+00,-1.702512e+00,-1.696996e+00,-1.699381e+00,-1.725543e+00,-1.713692e+00,-1.739908e+00,-1.766770e+00,-1.723690e+00,
-1.741076e+00,-1.726339e+00,-1.714735e+00,-1.704178e+00,-1.694467e+00,-1.685034e+00,-1.686702e+00,-1.679465e+00,-1.677525e+00,-1.697761e+00,-1.682323e+00,-1.704956e+00,-1.696851e+00,-1.697895e+00,-1.715517e+00,-1.707891e+00,-1.695653e+00,-1.738840e+00,-1.756255e+00,-1.760629e+00,-1.793820e+00,-1.772051e+00,
-1.817669e+00,-1.795181e+00,-1.797011e+00,-1.749589e+00,-1.713255e+00,-1.732085e+00,-1.735796e+00,-1.775669e+00,-1.761384e+00,-1.777154e+00,-1.774464e+00,-1.802105e+00,-1.789331e+00,-1.791304e+00,-1.804200e+00,-1.820660e+00,-1.795475e+00,-1.787425e+00,-1.777945e+00,-1.792062e+00,-1.799809e+00,-1.797426e+00,-1.789959e+00,
-1.616253e+00,-1.565153e+00,-1.502951e+00,-1.509942e+00,-1.480985e+00,-1.476451e+00,-1.481308e+00,-1.482991e+00,-1.479355e+00,-1.499839e+00,-1.480368e+00,-1.488949e+00,-1.473753e+00,-1.483817e+00,-1.475107e+00,-1.483368e+00,-1.492406e+00,-1.511918e+00,-1.542219e+00,-1.534223e+00,-1.606544e+00,-1.618662e+00,-1.652788e+00,
