-9.093859e-01,-9.172230e-01,-9.023530e-01,-8.978950e-01,-1.023690e+00,-1.027020e+00,-1.042255e+00,-1.010405e+00,-1.061419e+00,-1.079538e+00,-1.077761e+00,-1.032938e+00,-9.964152e-01,-1.019417e+00,-9.844964e-01,-1.020400e+00,-1.025152e+00,-1.007729e+00,-9.983371e-01,-9.429005e-01,-9.485835e-01,-9.347846e-01,-9.285198e-01,-9.386356e-01,-9.271585e-01,
-8.476543e-01,-8.438423e-01,-8.542724e-01,-8.519766e-01,-9.134944e-01,-9.175808e-01,-9.341910e-01,-8.966006e-01,-9.095822e-01,-9.505148e-01,-1.022566e+00,-9.338062e-01,-9.267655e-01,-9.171432e-01,-9.378780e-01,-9.378718e-01,-9.624344e-01,-9.304706e-01,-9.433600e-01,-9.319802e-01,-9.303905e-01,-9.277399e-01,-9.246566e-01,-9.062016e-01,-8.956941e-01,
-8.798095e-01,-8.966061e-01,-8.990709e-01,-9.303089e-01,-9.188065e-01,-9.143447e-01,-9.503188e-01,-9.338638e-01,-9.442676e-01,-9.142535e-01,-9.855937e-01,-8.869268e-01,-8.692081e-01,-8.833268e-01,-9.140046e-01,-9.263960e-01,-9.202279e-01,-8.455034e-01,-8.883355e-01,-9.284000e-01,-9.248364e-01,-9.288746e-01,-9.544857e-01,-9.590874e-01,
-9.155245e-01,-9.148453e-01,-8.965932e-01,-8.968163e-01,-8.664004e-01,-8.867370e-01,-8.926792e-01,-8.639514e-01,-8.373372e-01,-8.493956e-01,-8.489320e-01,-9.018649e-01,-8.322860e-01,-9.696261e-01,-9.106228e-01,-9.102010e-01,-8.911498e-01,-8.856404e-01,-8.779310e-01,-9.230362e-01,-9.062765e-01,-8.922166e-01,-8.992647e-01,-8.991960e-01,-8.845356e-01,-9.049802e-01,-8.935521e-01,-9.183998e-01,-9.139334e-01,-9.234836e-01,-9.291676e-01,-9.230574e-01,-9.525560e-01,-9.354538e-01,
-1.000337e+00,-9.923412e-01,-1.004725e+00,-1.010871e+00,-1.023514e+00,-1.029662e+00,-1.026870e+00,-1.020707e+00,-9.930704e-01,-1.020323e+00,-9.595086e-01,-9.808940e-01,-9.790485e-01,-1.000862e+00,-9.899656e-01,-1.000884e+00,-1.003672e+00,-1.023737e+00,-1.025586e+00,-1.009606e+00,-1.016030e+00,
-9.105880e-01,-9.171114e-01,-9.242615e-01,-9.124659e-01,-9.084518e-01,-8.369779e-01,-8.564314e-01,-8.693085e-01,-8.919212e-01,-9.121600e-01,-9.429317e-01,-9.776912e-01,-9.771643e-01,-9.787946e-01,-9.859023e-01,-9.731098e-01,-9.590884e-01,-9.686553e-01,-9.657421e-01,-9.601797e-01,-9.574926e-01,-9.574746e-01,-9.709153e-01,-1.002403e+00,-9.749713e-01,-1.002275e+00,-9.687597e-01,-9.185014e-01,-9.473796e-01,
-9.719149e-01,-9.964055e-01,-1.036217e+00,-1.046435e+00,-1.119419e+00,-1.140161e+00,-1.086324e+00,-1.104071e+00,-1.111592e+00,-1.077087e+00,-9.877689e-01,-9.712119e-01,-9.766346e-01,-9.936626e-01,-1.014843e+00,-1.013640e+00,-9.788920e-01,-1.001012e+00,-1.010048e+00,-9.988317e-01,-9.900542e-01,-9.969961e-01,-9.954076e-01,
-8.972462e-01,-8.965365e-01,-8.819036e-01,-8.432886e-01,-9.207399e-01,-9.812496e-01,-1.058804e+00,-1.034430e+00,-1.032390e+00,-1.016418e+00,-1.001343e+00,-1.037478e+00,-9.388112e-01,-9.203302e-01,-8.923493e-01,-9.043946e-01,-8.938365e-01,-9.111265e-01,-8.971153e-01,-8.979152e-01,-9.021469e-01,
-8.168952e-01,-7.869393e-01,-7.522200e-01,-7.309262e-01,-7.234840e-01,-7.814986e-01,-8.326585e-01,-9.145929e-01,-9.439278e-01,-9.365693e-01,-9.310778e-01,-9.251509e-01,-9.095031e-01,-9.314573e-01,-9.284258e-01,-9.410828e-01,-9.421774e-01,-9.191895e-01,-8.948578e-01,
-8.886371e-01,-8.867694e-01,-8.583764e-01,-8.457737e-01,-8.097515e-01,-8.575835e-01,-8.046736e-01,-8.160900e-01,-8.217706e-01,-8.281555e-01,-8.418420e-01,-8.483961e-01,-8.482045e-01,-8.358773e-01,-8.483917e-01,-8.546875e-01,-8.738215e-01,-8.893086e-01,-9.112075e-01,-9.588081e-01,-9.805403e-01,-9.871129e-01,-9.790596e-01,-9.816853e-01,-9.659163e-01,-9.614254e-01,-9.497939e-01,-9.548680e-01,
-1.010373e+00,-9.996476e-01,-1.006553e+00,-1.006692e+00,-9.994294e-01,-1.000944e+00,-9.909068e-01,-9.858016e-01,-1.036028e+00,-1.029468e+00,-1.053976e+00,-1.039732e+00,-1.014666e+00,-9.931124e-01,-1.080106e+00,-9.858271e-01,-9.486348e-01,-9.623498e-01,-9.780363e-01,-9.996967e-01,-9.991741e-01,-9.768565e-01,-1.008375e+00,-1.032413e+00,
-8.708557e-01,-8.702035e-01,-8.701539e-01,-8.596112e-01,-8.355923e-01,-8.428636e-01,-8.375678e-01,-8.126831e-01,-8.372335e-01,-8.586069e-01,-8.844233e-01,-8.946466e-01,-9.216728e-01,-9.544509e-01,-9.505987e-01,-9.655359e-01,-9.644159e-01,-9.587886e-01,-9.656940e-01,-9.647335e-01,-9.577322e-01,-9.576195e-01,-9.678269e-01,-9.882358e-01,-9.575995e-01,-9.854743e-01,-1.073385e+00,-1.088104e+00,-1.031979e+00,-1.042236e+00,-1.040056e+00,-1.017925e+00,-1.016011e+00,-9.993775e-01,
-1.015080e+00,-1.015190e+00,-1.010967e+00,-9.993804e-01,-1.058127e+00,-1.081306e+00,-1.060730e+00,-1.048558e+00,-1.043064e+00,-1.002956e+00,-9.698792e-01,-9.985561e-01,-1.009913e+00,-1.011474e+00,-1.015733e+00,-1.022337e+00,-1.036625e+00,-1.039979e+00,-1.037208e+00,-1.037104e+00,-1.045825e+00,-1.028010e+00,-1.041770e+00,-1.038316e+00,-1.037051e+00,
-8.282887e-01,-8.400570e-01,-8.460730e-01,-8.906512e-01,-8.963580e-01,-9.151201e-01,-9.552466e-01,-9.539571e-01,-1.005966e+00,-9.409599e-01,-9.211443e-01,-9.035090e-01,-8.629901e-01,-8.521887e-01,-8.593115e-01,-8.606783e-01,-8.393977e-01,-8.445845e-01,-8.822542e-01,-8.565260e-01,-8.376824e-01,-8.443820e-01,-8.559170e-01,-8.550042e-01,-8.484465e-01,-8.377674e-01,-8.430963e-01,-8.446565e-01,
-1.047519e+00,-1.060324e+00,-1.058100e+00,-1.079768e+00,-1.103181e+00,-1.153316e+00,-1.132220e+00,-1.115861e+00,-1.112170e+00,-1.181786e+00,-1.088516e+00,-1.067760e+00,-1.048939e+00,-1.028123e+00,-1.027005e+00,-1.032674e+00,-1.032114e+00,-1.031892e+00,-1.025298e+00,-1.022367e+00,-1.045322e+00,-1.059546e+00,
-9.215988e-01,-9.130129e-01,-9.431676e-01,-9.830650e-01,-1.019888e+00,-1.039195e+00,-1.034694e+00,-9.753175e-01,-9.501207e-01,-9.450818e-01,-9.774280e-01,-9.133722e-01,-9.106826e-01,-9.279371e-01,-9.380822e-01,-9.488276e-01,-9.144795e-01,-8.988333e-01,-8.993319e-01,-9.066197e-01,-8.930485e-01,-8.813840e-01,-8.632703e-01,-8.692618e-01,
-1.065072e+00,-1.071624e+00,-1.068406e+00,-1.088826e+00,-1.094661e+00,-1.110894e+00,-1.145761e+00,-1.141947e+00,-1.155939e+00,-1.124755e+00,-1.163432e+00,-1.145931e+00,-1.127902e+00,-1.159040e+00,-1.117574e+00,-1.128613e+00,-1.155293e+00,-1.181654e+00,-1.189698e+00,-1.129259e+00,-1.027579e+00,-9.906045e-01,-9.435771e-01,-9.376093e-01,-9.583402e-01,-1.007748e+00,-1.024708e+00,-1.059477e+00,-1.083009e+00,-1.075065e+00,-1.064730e+00,-1.049133e+00,
-9.835744e-01,-9.996398e-01,-1.053210e+00,-1.100260e+00,-1.121485e+00,-1.132078e+00,-1.128132e+00,-1.107708e+00,-1.056800e+00,-1.075425e+00,-1.035703e+00,-9.664839e-01,-9.571169e-01,-9.947140e-01,-1.002233e+00,-1.037307e+00,-1.063073e+00,-1.079882e+00,-1.069820e+00,-1.029363e+00,-1.084708e+00,-1.049805e+00,-1.007854e+00,-1.006146e+00,-1.069881e+00,-1.021640e+00,-1.042819e+00,-1.063033e+00,-1.069076e+00,-1.064801e+00,-1.061996e+00,-1.052608e+00,-1.055605e+00,-1.050118e+00,-1.045249e+00,-1.058144e+00,-1.036546e+00,-1.044543e+00,-1.045380e+00,
-9.691089e-01,-9.770436e-01,-9.925917e-01,-1.012769e+00,-1.067626e+00,-1.103599e+00,-1.139604e+00,-1.188605e+00,-1.170624e+00,-1.135493e+00,-1.094668e+00,-1.117933e+00,-1.068928e+00,-1.038990e+00,-1.017381e+00,-1.050173e+00,-1.104011e+00,-1.072806e+00,-1.084903e+00,-1.114829e+00,-1.166409e+00,-1.141354e+00,-1.096922e+00,-1.079849e+00,-1.100556e+00,-1.038468e+00,-1.046811e+00,-1.058313e+00,-1.065353e+00,-1.063980e+00,-1.036797e+00,-1.030144e+00,-1.025044e+00,-1.014901e+00,-1.022927e+00,-1.003958e+00,-1.009298e+00,-1.001110e+00,-9.888359e-01,
-8.617144e-01,-8.805112e-01,-8.929808e-01,-9.582759e-01,-1.032820e+00,-1.089621e+00,-1.078533e+00,-1.103311e+00,-1.084136e+00,-1.049294e+00,-1.018983e+00,-9.780988e-01,-8.966326e-01,-8.364671e-01,-8.093589e-01,-8.191274e-01,-8.589152e-01,-8.870622e-01,-8.661259e-01,-8.720888e-01,-8.729516e-01,-8.593696e-01,-8.510261e-01,-8.926851e-01,-8.994833e-01,
-9.487593e-01,-9.517946e-01,-9.503623e-01,-9.696683e-01,-1.005311e+00,-1.007447e+00,-1.002885e+00,-1.013075e+00,-1.049532e+00,-1.010480e+00,-9.949149e-01,-9.741483e-01,-9.666857e-01,-9.463529e-01,-8.832904e-01,-8.506858e-01,-8.459090e-01,-8.707076e-01,-8.763372e-01,-8.873492e-01,-8.785986e-01,-8.643523e-01,-8.323581e-01,-8.509488e-01,-8.863738e-01,-8.989594e-01,-9.191633e-01,-9.291350e-01,-9.373817e-01,-9.481788e-01,-9.503818e-01,
-9.575463e-01,-9.597800e-01,-9.959989e-01,-1.001236e+00,-1.037464e+00,-1.066505e+00,-1.135626e+00,-1.129117e+00,-1.090531e+00,-1.038097e+00,-1.065200e+00,-1.014543e+00,-1.019169e+00,-1.033478e+00,-1.027539e+00,-1.063574e+00,-1.097509e+00,-1.073535e+00,-1.045443e+00,-1.118927e+00,-1.070547e+00,-1.010349e+00,-1.039287e+00,-1.091826e+00,-1.008827e+00,-1.015129e+00,-1.010992e+00,-9.786506e-01,-1.017262e+00,-1.009524e+00,-1.003452e+00,-1.001523e+00,-9.949656e-01,-9.994490e-01,-9.995622e-01,-1.001329e+00,-9.975513e-01,
-9.048879e-01,-8.983744e-01,-9.068971e-01,-9.346976e-01,-9.671364e-01,-1.003424e+00,-9.708201e-01,-9.682311e-01,-9.943957e-01,-1.008932e+00,-9.520264e-01,-9.140776e-01,-8.170323e-01,-7.952718e-01,-7.905511e-01,-8.117076e-01,-8.109147e-01,-8.241715e-01,-8.131796e-01,-8.318739e-01,-8.728507e-01,-8.570088e-01,-8.599038e-01,-8.893334e-01,-9.240152e-01,-9.239094e-01,
-9.661567e-01,-9.592305e-01,-1.002166e+00,-1.012601e+00,-1.027596e+00,-1.026414e+00,-1.022500e+00,-1.018755e+00,-1.025835e+00,-1.030178e+00,-9.235198e-01,-8.867499e-01,-8.462904e-01,-8.448750e-01,-8.350268e-01,-8.707047e-01,-9.154100e-01,-9.498128e-01,-9.678799e-01,-9.195943e-01,-9.502959e-01,-9.298714e-01,-9.422232e-01,-9.682028e-01,-9.723747e-01,
-8.527886e-01,-8.911754e-01,-9.201624e-01,-9.338250e-01,-9.708871e-01,-9.703333e-01,-9.406923e-01,-9.519794e-01,-9.011931e-01,-9.825550e-01,-9.361580e-01,-8.915073e-01,-9.043220e-01,-8.985264e-01,-8.651975e-01,-8.738795e-01,-8.345361e-01,-8.210410e-01,-7.973748e-01,-7.976601e-01,-8.034202e-01,
-8.602262e-01,-8.905477e-01,-9.311080e-01,-9.378449e-01,-9.451532e-01,-9.679899e-01,-9.754133e-01,-9.692680e-01,-9.702290e-01,-9.472262e-01,-9.252945e-01,-9.055678e-01,-9.251578e-01,-8.816964e-01,-8.785668e-01,-8.467100e-01,-8.458166e-01,-8.436121e-01,-8.279882e-01,-8.393262e-01,-8.286794e-01,-8.214447e-01,
-1.055721e+00,-1.059168e+00,-1.043969e+00,-1.043829e+00,-1.047156e+00,-1.043013e+00,-1.078547e+00,-1.107057e+00,-1.130297e+00,-1.106829e+00,-1.066122e+00,-1.126106e+00,-1.068488e+00,-1.030315e+00,-9.959648e-01,-1.021796e+00,-1.022059e+00,-1.044203e+00,-1.016796e+00,-1.031137e+00,-1.041811e+00,-1.054885e+00,-1.064885e+00,-1.051326e+00,-1.048141e+00,
-9.608709e-01,-9.605471e-01,-9.795106e-01,-9.971124e-01,-9.852730e-01,-1.022614e+00,-1.040303e+00,-1.083069e+00,-1.096331e+00,-1.107438e+00,-1.073086e+00,-9.844774e-01,-1.027848e+00,-1.019452e+00,-1.001171e+00,-1.015536e+00,-1.055212e+00,-1.049985e+00,-1.087387e+00,-1.094235e+00,-1.047280e+00,-1.076804e+00,-1.039013e+00,-1.014593e+00,-1.010516e+00,-1.050796e+00,-1.015149e+00,-1.049240e+00,-1.052402e+00,-1.057579e+00,-1.026531e+00,-1.016104e+00,-1.004360e+00,-9.832299e-01,-9.800977e-01,-9.870918e-01,-9.990782e-01,-1.000449e+00,
-8.869056e-01,-9.145550e-01,-9.357951e-01,-9.201287e-01,-9.276656e-01,-9.888653e-01,-1.000342e+00,-1.021019e+00,-1.081168e+00,-1.123701e+00,-1.145786e+00,-1.094583e+00,-1.089823e+00,-1.069540e+00,-1.051651e+00,-1.038497e+00,-1.034059e+00,-1.015436e+00,-9.943467e-01,-1.000090e+00,-9.722618e-01,-9.776854e-01,
-1.061023e+00,-1.080098e+00,-1.079789e+00,-1.066515e+00,-1.083857e+00,-1.076352e+00,-1.111204e+00,-1.145145e+00,-1.128567e+00,-1.180031e+00,-1.188516e+00,-1.141328e+00,-1.138294e+00,-1.111663e+00,-1.099769e+00,-1.044199e+00,-1.025946e+00,-1.013194e+00,-9.917499e-01,-1.029199e+00,-1.020709e+00,-1.024469e+00,-1.041820e+00,-1.056859e+00,-1.073118e+00,-1.087249e+00,-1.088556e+00,-1.087437e+00,-1.088079e+00,
-8.794462e-01,-9.371121e-01,-1.002747e+00,-1.050160e+00,-1.062378e+00,-1.047363e+00,-9.651664e-01,-9.166350e-01,-9.725184e-01,-9.542200e-01,-1.019719e+00,-9.503928e-01,-9.185814e-01,-9.149847e-01,-8.980486e-01,-8.830005e-01,-8.778703e-01,-8.407888e-01,-8.104036e-01,-8.290172e-01,-8.467865e-01,-8.468663e-01,-8.471768e-01,
-8.918373e-01,-8.715417e-01,-8.707312e-01,-8.588539e-01,-8.272721e-01,-7.650061e-01,-8.080230e-01,-8.008230e-01,-7.341462e-01,-7.243240e-01,-6.826317e-01,-8.750800e-01,-8.190134e-01,-8.696684e-01,-8.887556e-01,-9.069701e-01,-9.135844e-01,-8.678828e-01,-8.768308e-01,-8.817616e-01,-8.561327e-01,-8.947356e-01,-9.709983e-01,-8.998671e-01,-8.943024e-01,-8.772497e-01,-8.737440e-01,-8.978399e-01,-8.859608e-01,-8.962822e-01,
-8.923638e-01,-9.124190e-01,-9.209150e-01,-9.127869e-01,-9.278738e-01,-9.367669e-01,-9.210452e-01,-9.561697e-01,-9.284564e-01,-9.065934e-01,-9.950204e-01,-9.083919e-01,-9.013829e-01,-9.153128e-01,-9.191945e-01,-8.946732e-01,-9.075501e-01,-9.156213e-01,-9.194040e-01,-9.084564e-01,-9.047101e-01,-9.076907e-01,-8.905990e-01,-8.908359e-01,-8.962702e-01,-8.908637e-01,
-8.290729e-01,-8.647308e-01,-8.841229e-01,-8.916468e-01,-9.156157e-01,-9.370800e-01,-9.573357e-01,-9.280614e-01,-9.268832e-01,-8.915339e-01,-8.908511e-01,-9.044516e-01,-8.780989e-01,-8.772512e-01,-9.195731e-01,-8.587129e-01,-8.501115e-01,-8.500813e-01,-8.493780e-01,-8.425202e-01,
-9.233850e-01,-9.304567e-01,-9.200728e-01,-9.084885e-01,-9.096929e-01,-8.780062e-01,-9.732799e-01,-9.431707e-01,-9.675722e-01,-1.021842e+00,-1.065042e+00,-1.077015e+00,-1.103363e+00,-1.100018e+00,-1.119219e+00,-1.116079e+00,-1.083851e+00,-1.087773e+00,-1.095380e+00,-1.083790e+00,-1.077251e+00,-1.075727e+00,-1.083691e+00,-1.064452e+00,-1.076760e+00,-1.052241e+00,-1.034027e+00,
-9.371157e-01,-9.291835e-01,-9.518408e-01,-9.426924e-01,-9.679203e-01,-9.621911e-01,-9.952771e-01,-1.021283e+00,-1.037793e+00,-1.018695e+00,-1.001088e+00,-1.012533e+00,-1.025999e+00,-1.031750e+00,-1.022110e+00,-1.033570e+00,-1.047758e+00,-1.048537e+00,-1.022039e+00,-1.029842e+00,-1.020850e+00,-1.050810e+00,-9.993311e-01,-9.919451e-01,-9.871290e-01,-9.835664e-01,-9.697042e-01,-9.445152e-01,
-1.064805e+00,-1.071228e+00,-1.068441e+00,-1.066337e+00,-1.077821e+00,-1.066055e+00,-1.070962e+00,-1.081600e+00,-1.074135e+00,-1.092547e+00,-1.080952e+00,-1.073317e+00,-1.079547e+00,-1.136403e+00,-1.163122e+00,-1.174560e+00,-1.151989e+00,-1.107677e+00,-1.161148e+00,-1.107543e+00,-1.066732e+00,-1.015997e+00,-1.017336e+00,-1.002524e+00,-1.024280e+00,-1.036088e+00,-1.030539e+00,-1.028429e+00,-1.042126e+00,-1.045650e+00,-1.065337e+00,-1.063450e+00,-1.071383e+00,-1.071687e+00,-1.065916e+00,
-9.301680e-01,-9.375395e-01,-9.540052e-01,-9.708477e-01,-1.053409e+00,-1.053410e+00,-1.040722e+00,-1.021717e+00,-1.057830e+00,-1.000557e+00,-9.368827e-01,-9.228076e-01,-9.176698e-01,-9.374760e-01,-9.501539e-01,-9.575021e-01,-9.337127e-01,-9.468157e-01,-9.185873e-01,-9.000968e-01,-9.050404e-01,-8.919250e-01,-8.986330e-01,-8.986672e-01,-9.380835e-01,
-9.346769e-01,-8.993374e-01,-8.890197e-01,-8.961382e-01,-8.900077e-01,-8.818311e-01,-8.986701e-01,-9.152120e-01,-9.709671e-01,-9.685042e-01,-9.473888e-01,-9.522579e-01,-9.850171e-01,-9.958195e-01,-1.010504e+00,-1.007419e+00,-1.004838e+00,-9.917583e-01,-9.880550e-01,-9.810945e-01,-9.528443e-01,-9.733882e-01,-9.696875e-01,-9.649631e-01,-9.862100e-01,-9.693195e-01,-9.852515e-01,-9.608127e-01,-9.319744e-01,
-9.141957e-01,-8.978221e-01,-9.068871e-01,-9.081476e-01,-9.090358e-01,-9.326946e-01,-9.550530e-01,-9.801416e-01,-9.529872e-01,-9.991207e-01,-1.004863e+00,-1.073900e+00,-1.233006e+00,-1.126186e+00,-1.116690e+00,-1.112493e+00,-1.130864e+00,-1.130498e+00,-1.162178e+00,-1.116854e+00,-1.112100e+00,-1.117374e+00,-1.125507e+00,-1.130287e+00,-1.092404e+00,-9.624409e-01,-9.230368e-01,-9.135315e-01,-9.057266e-01,-9.319521e-01,-9.364369e-01,-9.161245e-01,-9.336342e-01,
-9.863315e-01,-9.859912e-01,-9.974630e-01,-9.553943e-01,-8.971144e-01,-8.302663e-01,-8.397087e-01,-9.091287e-01,-9.427983e-01,-1.002698e+00,-1.036547e+00,-9.900236e-01,-9.744605e-01,-9.870660e-01,-9.836420e-01,-9.761763e-01,-9.919326e-01,-1.009962e+00,-1.022038e+00,-1.027691e+00,-1.017135e+00,-9.940971e-01,-9.866250e-01,-9.781513e-01,-9.630226e-01,
-9.221202e-01,-9.121915e-01,-9.032106e-01,-8.827364e-01,-8.709917e-01,-8.879067e-01,-8.412062e-01,-8.624809e-01,-8.661758e-01,-8.968387e-01,-9.380540e-01,-9.771942e-01,-9.835982e-01,-9.662201e-01,-9.658375e-01,-9.749325e-01,-9.431983e-01,-9.641501e-01,-9.639112e-01,-9.546352e-01,-9.492230e-01,-9.373634e-01,-9.192625e-01,-9.381257e-01,-9.468272e-01,-9.532943e-01,-9.681603e-01,-9.681777e-01,-9.580058e-01,-9.629303e-01,-9.563903e-01,
-8.926015e-01,-9.312214e-01,-9.312131e-01,-9.159403e-01,-8.973171e-01,-9.259471e-01,-8.965808e-01,-9.102717e-01,-9.288483e-01,-9.242597e-01,-9.715623e-01,-9.384872e-01,-9.037381e-01,-8.994392e-01,-9.416984e-01,-9.415310e-01,-9.418690e-01,-9.067856e-01,-9.006813e-01,-8.955532e-01,-9.098560e-01,-9.123402e-01,-9.083802e-01,-9.217874e-01,
-1.058453e+00,-1.051729e+00,-1.057578e+00,-1.032360e+00,-1.075862e+00,-1.124603e+00,-1.112106e+00,-1.125011e+00,-1.124474e+00,-1.075407e+00,-1.146538e+00,-1.087905e+00,-1.051007e+00,-1.043719e+00,-1.037233e+00,-1.039423e+00,-1.065765e+00,-1.059054e+00,-1.044744e+00,-1.072771e+00,-1.088757e+00,-1.082178e+00,-1.100532e+00,-1.089294e+00,-1.096538e+00,
-9.782248e-01,-9.787528e-01,-9.648561e-01,-9.599221e-01,-9.213282e-01,-8.992577e-01,-8.693563e-01,-8.921314e-01,-8.975014e-01,-8.880499e-01,-8.641315e-01,-8.435831e-01,-8.620942e-01,-8.605255e-01,-9.162790e-01,-9.118351e-01,-9.040295e-01,-8.890621e-01,-8.785694e-01,-8.624589e-01,-8.791344e-01,-8.805339e-01,-8.749308e-01,-8.807408e-01,-8.875287e-01,-9.040683e-01,-9.106148e-01,-8.993279e-01,-8.926865e-01,-8.977073e-01,-9.004223e-01,
-8.757009e-01,-8.828599e-01,-8.818605e-01,-9.036139e-01,-9.169267e-01,-9.307336e-01,-9.594482e-01,-9.885150e-01,-1.029440e+00,-1.046285e+00,-1.035277e+00,-1.041017e+00,-1.062996e+00,-9.600150e-01,-8.885860e-01,-8.719176e-01,-8.624347e-01,-8.790302e-01,-8.918025e-01,-8.977042e-01,-9.030983e-01,-8.979904e-01,-9.191225e-01,-8.614725e-01,-8.939796e-01,-8.972801e-01,-9.142308e-01,-9.185237e-01,-9.081647e-01,-9.119713e-01,-9.073819e-01,
-8.775755e-01,-8.970352e-01,-9.112754e-01,-9.062401e-01,-9.404060e-01,-9.607007e-01,-9.803127e-01,-9.919778e-01,-9.724071e-01,-9.972484e-01,-9.688539e-01,-1.004876e+00,-9.280766e-01,-8.401094e-01,-8.093330e-01,-8.097394e-01,-8.194323e-01,-8.256058e-01,-8.254781e-01,-8.196551e-01,-8.236104e-01,-7.917887e-01,-8.406139e-01,-8.886912e-01,-9.215766e-01,-9.534113e-01,-9.588404e-01,-9.831426e-01,-9.899154e-01,-9.885687e-01,
-9.562367e-01,-9.725738e-01,-9.688659e-01,-9.789127e-01,-1.011240e+00,-1.065269e+00,-1.100620e+00,-1.142664e+00,-1.134115e+00,-1.130976e+00,-1.172481e+00,-1.082205e+00,-1.012041e+00,-9.918271e-01,-1.073491e+00,-1.026890e+00,-1.062467e+00,-1.075390e+00,-1.072716e+00,-1.045733e+00,-1.078720e+00,-1.053104e+00,-1.022281e+00,-1.018632e+00,-1.028517e+00,-1.063249e+00,-1.100685e+00,-1.083725e+00,-1.084048e+00,-1.070130e+00,-1.060243e+00,-1.016241e+00,-1.019344e+00,
-9.937010e-01,-1.015261e+00,-1.047882e+00,-1.067086e+00,-1.079705e+00,-1.118551e+00,-1.113946e+00,-1.090356e+00,-1.058482e+00,-1.072346e+00,-1.050246e+00,-1.052218e+00,-1.078118e+00,-1.108228e+00,-1.070996e+00,-1.101669e+00,-1.121452e+00,-1.124774e+00,-1.070385e+00,-1.103166e+00,-1.049254e+00,-1.064831e+00,-1.046940e+00,-1.074693e+00,-1.016911e+00,-1.032117e+00,-1.009747e+00,-1.000922e+00,-1.010067e+00,-1.002705e+00,-9.981564e-01,-1.021310e+00,
-9.858586e-01,-9.963654e-01,-1.034280e+00,-1.086128e+00,-1.110659e+00,-1.151579e+00,-1.186308e+00,-1.162050e+00,-1.138192e+00,-1.056739e+00,-1.065039e+00,-1.037901e+00,-9.742348e-01,-9.954844e-01,-1.052488e+00,-1.038920e+00,-1.081360e+00,-1.086754e+00,-1.087088e+00,-1.067384e+00,-1.023160e+00,-1.059052e+00,-1.028798e+00,-9.911235e-01,-1.042091e+00,-9.947895e-01,-1.032806e+00,-9.983370e-01,-1.013690e+00,-9.821858e-01,-1.004092e+00,
-9.721038e-01,-9.850276e-01,-1.006791e+00,-1.053331e+00,-1.074124e+00,-1.121849e+00,-1.144404e+00,-1.097233e+00,-1.063907e+00,-1.121029e+00,-1.072935e+00,-1.033530e+00,-1.088896e+00,-1.060245e+00,-1.079642e+00,-1.131458e+00,-1.137501e+00,-1.110212e+00,-1.149065e+00,-1.125549e+00,-1.093656e+00,-1.151283e+00,-1.159416e+00,-1.123055e+00,-1.119586e+00,-1.158187e+00,-1.158262e+00,-1.144308e+00,-1.122659e+00,-1.175190e+00,-1.134536e+00,-1.156935e+00,-1.191477e+00,-1.132852e+00,-1.132368e+00,-1.157397e+00,-1.143875e+00,-1.129012e+00,-1.092309e+00,-1.095368e+00,-1.057059e+00,-1.047251e+00,
-9.558060e-01,-9.479476e-01,-9.417667e-01,-9.435845e-01,-9.869577e-01,-9.880968e-01,-1.002651e+00,-9.951879e-01,-9.672104e-01,-9.885882e-01,-1.009459e+00,-9.502807e-01,-9.560434e-01,-9.549680e-01,-9.787323e-01,-9.614814e-01,-9.598818e-01,-9.396247e-01,-9.368657e-01,-9.273108e-01,-9.068159e-01,-9.207264e-01,-9.018188e-01,-9.083812e-01,-9.004886e-01,-9.212951e-01,
-9.128217e-01,-9.009085e-01,-9.081314e-01,-9.344113e-01,-9.505901e-01,-9.564708e-01,-9.584482e-01,-9.383714e-01,-1.013474e+00,-1.006744e+00,-9.758058e-01,-9.957982e-01,-1.018503e+00,-1.028085e+00,-1.004258e+00,-9.789231e-01,-9.391226e-01,-8.869241e-01,-8.925173e-01,-8.795691e-01,-8.600895e-01,-8.549467e-01,-8.690734e-01,-8.743408e-01,-8.625970e-01,-8.638970e-01,-8.649004e-01,-8.648912e-01,-8.502266e-01,-8.709671e-01,-8.823128e-01,-8.805658e-01,
-9.728241e-01,-9.369715e-01,-9.452098e-01,-9.324255e-01,-9.426062e-01,-9.611008e-01,-9.456401e-01,-9.258026e-01,-9.292902e-01,-9.128641e-01,-8.883597e-01,-9.087977e-01,-9.431391e-01,-9.123718e-01,-8.893932e-01,-9.325770e-01,-9.332413e-01,-9.259232e-01,-9.141621e-01,-9.197730e-01,-8.984556e-01,-9.060915e-01,-9.016181e-01,-8.979433e-01,-9.098592e-01,
-9.159850e-01,-9.034140e-01,-9.070628e-01,-9.306896e-01,-9.622946e-01,-9.632450e-01,-9.930186e-01,-1.017515e+00,-1.010305e+00,-9.935206e-01,-1.022060e+00,-9.697863e-01,-8.770648e-01,-8.924787e-01,-8.620203e-01,-8.666533e-01,-8.975375e-01,-9.150472e-01,-8.507732e-01,-8.990705e-01,-8.665499e-01,-8.541694e-01,-8.576562e-01,-8.333140e-01,-8.235111e-01,-8.437908e-01,
-9.459000e-01,-9.479173e-01,-9.951303e-01,-1.062073e+00,-1.121084e+00,-1.188953e+00,-1.217159e+00,-1.178367e+00,-1.182451e+00,-1.139647e+00,-1.064254e+00,-1.054517e+00,-1.059204e+00,-1.042940e+00,-1.089032e+00,-1.121087e+00,-1.091562e+00,-1.065520e+00,-1.121270e+00,-1.069394e+00,-1.043991e+00,-1.032222e+00,-1.016393e+00,-1.010931e+00,-9.974049e-01,-1.018018e+00,-9.989116e-01,-1.007843e+00,
-1.057959e+00,-1.064380e+00,-1.061515e+00,-1.086821e+00,-1.103402e+00,-1.094260e+00,-1.136549e+00,-1.141928e+00,-1.107282e+00,-1.073456e+00,-1.048086e+00,-1.140676e+00,-1.104625e+00,-1.139162e+00,-1.150361e+00,-1.146796e+00,-1.127823e+00,-1.125643e+00,-1.151977e+00,-1.121716e+00,-1.081000e+00,-1.072515e+00,-1.090690e+00,-1.140556e+00,-1.104204e+00,-1.097202e+00,-1.114119e+00,-1.111341e+00,-1.097778e+00,-1.090684e+00,-1.065183e+00,-1.071724e+00,-1.050043e+00,-1.046890e+00,-1.048424e+00,
-7.756684e-01,-7.481264e-01,-7.480164e-01,-6.863688e-01,-6.353450e-01,-5.949863e-01,-5.590644e-01,-5.983121e-01,-5.252699e-01,-4.557407e-01,-4.385926e-01,-4.417455e-01,-4.779955e-01,-4.945565e-01,-4.989290e-01,-5.067161e-01,-5.264978e-01,-4.641094e-01,-4.760147e-01,-5.441706e-01,-5.826962e-01,-6.168279e-01,-6.601813e-01,-7.045889e-01,-7.302663e-01,-7.513524e-01,-7.864609e-01,-8.227140e-01,
-9.422045e-01,-9.103647e-01,-8.924127e-01,-8.998541e-01,-8.888974e-01,-8.490189e-01,-8.641539e-01,-8.539888e-01,-8.360189e-01,-8.415416e-01,-8.218309e-01,-8.860886e-01,-8.237839e-01,-8.175139e-01,-8.443251e-01,-8.421960e-01,-8.524879e-01,-8.651218e-01,-8.339415e-01,-8.169405e-01,-8.107289e-01,-8.039523e-01,-8.297365e-01,-8.235127e-01,-8.522288e-01,-8.774390e-01,-9.461229e-01,-9.877942e-01,-9.987515e-01,-1.006914e+00,-1.016054e+00,-1.015761e+00,-1.003469e+00,-9.991211e-01,-1.001883e+00,
-9.204628e-01,-8.977349e-01,-9.235594e-01,-9.151955e-01,-9.099969e-01,-9.328916e-01,-9.076682e-01,-9.370124e-01,-9.300168e-01,-1.137575e+00,-1.202410e+00,-1.256797e+00,-1.183800e+00,-1.112460e+00,-1.087711e+00,-1.074695e+00,-1.107092e+00,-1.096079e+00,-1.084393e+00,-1.020686e+00,-1.013661e+00,-1.017126e+00,-1.017959e+00,-1.069398e+00,-1.068006e+00,-1.021182e+00,-9.887899e-01,-9.256307e-01,-8.976884e-01,-9.234978e-01,-9.477215e-01,-9.440739e-01,-9.689305e-01,
-8.784076e-01,-8.883663e-01,-8.498834e-01,-8.214083e-01,-7.570876e-01,-7.543324e-01,-7.242728e-01,-8.687768e-01,-6.784641e-01,-6.587628e-01,-7.095825e-01,-6.688133e-01,-6.991737e-01,-7.243557e-01,-7.570412e-01,-7.486396e-01,-7.566982e-01,-8.090443e-01,-8.201068e-01,-8.691410e-01,-8.690277e-01,-8.797756e-01,-8.801327e-01,-9.004397e-01,-9.094256e-01,-9.200682e-01,-9.281864e-01,
-1.060461e+00,-1.032954e+00,-1.033828e+00,-1.018088e+00,-1.013150e+00,-1.019255e+00,-1.038623e+00,-1.031035e+00,-1.002526e+00,-1.001963e+00,-1.002192e+00,-9.783221e-01,-9.781898e-01,-9.763235e-01,-9.809729e-01,-9.939894e-01,-9.981567e-01,
-8.659545e-01,-8.670466e-01,-8.691567e-01,-8.489597e-01,-8.583705e-01,-8.546619e-01,-8.213279e-01,-8.225357e-01,-8.230374e-01,-8.025877e-01,-8.761003e-01,-7.705311e-01,-7.548400e-01,-7.941574e-01,-7.875455e-01,-8.018808e-01,-8.108655e-01,-8.012204e-01,-8.025028e-01,-7.795591e-01,-7.855920e-01,-7.926278e-01,-8.379638e-01,-9.103168e-01,-9.500068e-01,-1.053886e+00,-1.104185e+00,-1.100771e+00,-1.092832e+00,-1.097130e+00,-1.107998e+00,-1.119555e+00,-1.092173e+00,-1.084875e+00,-1.096609e+00,
-1.008334e+00,-1.015209e+00,-1.014822e+00,-1.021386e+00,-1.016893e+00,-1.008056e+00,-1.021046e+00,-1.018361e+00,-1.026206e+00,-1.028689e+00,-1.000781e+00,-1.011491e+00,-1.004987e+00,-9.956728e-01,-1.014231e+00,-9.980723e-01,-1.026428e+00,-1.025092e+00,-1.047545e+00,-1.029403e+00,-1.040319e+00,
-1.009588e+00,-1.037909e+00,-1.028582e+00,-1.006410e+00,-9.953086e-01,-9.928833e-01,-1.022082e+00,-1.013947e+00,-1.015407e+00,-9.979042e-01,-9.984233e-01,-1.007672e+00,-9.808522e-01,-9.957365e-01,-9.944297e-01,-1.006284e+00,-1.011147e+00,-1.017535e+00,-1.013052e+00,-1.033354e+00,
-1.044130e+00,-1.046986e+00,-1.032091e+00,-1.027616e+00,-1.037406e+00,-1.014485e+00,-1.020781e+00,-1.050352e+00,-9.918528e-01,-9.967234e-01,-1.000055e+00,-9.980257e-01,-9.907165e-01,-9.939745e-01,-9.760851e-01,-9.961163e-01,-9.924814e-01,-1.003219e+00,-9.879858e-01,
-8.677261e-01,-8.744134e-01,-8.206247e-01,-7.634838e-01,-7.565508e-01,-7.161529e-01,-6.585035e-01,-8.907703e-01,-6.852396e-01,-5.479186e-01,-5.990257e-01,-5.965035e-01,-6.063955e-01,-6.803987e-01,-7.078726e-01,-7.458057e-01,-7.329916e-01,-7.488613e-01,-7.971998e-01,-7.872732e-01,-8.403276e-01,-8.735035e-01,-9.093206e-01,
-7.914965e-01,-7.627676e-01,-7.555189e-01,-7.433431e-01,-6.938523e-01,-7.109095e-01,-7.346026e-01,-7.737598e-01,-8.267802e-01,-5.989104e-01,-6.193652e-01,-6.427815e-01,-5.886286e-01,-7.112311e-01,-7.982594e-01,-7.581957e-01,-7.455032e-01,-7.474016e-01,-7.670290e-01,-8.152572e-01,-8.088373e-01,-8.369131e-01,-8.317900e-01,-8.566781e-01,-8.742307e-01,-9.017696e-01,-9.151222e-01,-9.128176e-01,-9.061286e-01,-9.061637e-01,-9.022748e-01,-8.947029e-01,-8.957595e-01,-8.948570e-01,
-8.195859e-01,-8.435788e-01,-8.306675e-01,-8.243325e-01,-8.190417e-01,-7.859296e-01,-7.792049e-01,-7.800096e-01,-7.739738e-01,-7.619697e-01,-7.810202e-01,-7.970541e-01,-7.852210e-01,-8.047045e-01,-7.805272e-01,-7.742041e-01,-7.925915e-01,-7.922517e-01,-7.745949e-01,-7.670505e-01,-7.871348e-01,-7.733821e-01,-7.803505e-01,-7.857281e-01,-7.666404e-01,-7.806872e-01,-7.808760e-01,-7.979778e-01,-7.995723e-01,-8.096380e-01,-8.517753e-01,-9.007578e-01,-9.611396e-01,-9.485282e-01,-9.382318e-01,-9.474646e-01,-9.651514e-01,-9.771852e-01,-1.001158e+00,-1.003001e+00,-1.008798e+00,-1.003348e+00,-9.987888e-01,
-8.772455e-01,-8.720181e-01,-8.867831e-01,-8.789939e-01,-8.245567e-01,-7.862161e-01,-7.494366e-01,-7.538185e-01,-6.940994e-01,-5.966166e-01,-6.228104e-01,-6.473715e-01,-5.815496e-01,-5.992160e-01,-6.516293e-01,-6.554581e-01,-6.797587e-01,-6.962020e-01,-7.039398e-01,-7.582580e-01,-7.616974e-01,-7.732567e-01,-8.032036e-01,-8.225687e-01,-8.288357e-01,-8.342431e-01,-8.595713e-01,-8.834614e-01,
-1.054118e+00,-1.058098e+00,-1.046349e+00,-1.023246e+00,-1.015956e+00,-1.023827e+00,-1.034018e+00,-1.014454e+00,-1.017108e+00,-9.924560e-01,-9.833217e-01,-9.902006e-01,-9.553209e-01,-9.547797e-01,-9.619903e-01,-9.546695e-01,-9.471836e-01,-9.390085e-01,-9.571822e-01,-9.560520e-01,-9.619005e-01,-9.439866e-01,-9.741465e-01,-9.499730e-01,-9.525343e-01,-9.734713e-01,-9.785218e-01,
-8.654146e-01,-8.277043e-01,-8.277392e-01,-7.911131e-01,-7.910799e-01,-7.851329e-01,-7.799072e-01,-7.812730e-01,-7.917017e-01,-7.854731e-01,-7.617544e-01,-7.548134e-01,-7.796096e-01,-7.916495e-01,-7.742199e-01,-7.870414e-01,-8.100661e-01,-7.919944e-01,-8.376142e-01,-8.618788e-01,-8.583240e-01,-8.513280e-01,-8.323447e-01,
-9.059533e-01,-9.196757e-01,-9.124792e-01,-9.011337e-01,-9.117967e-01,-9.279457e-01,-8.944112e-01,-8.823974e-01,-8.768491e-01,-8.822395e-01,-9.239024e-01,-9.184908e-01,-8.889301e-01,-8.993674e-01,-8.919561e-01,-8.834981e-01,-8.920984e-01,-9.158127e-01,-9.194142e-01,-9.321348e-01,-9.428785e-01,-9.395409e-01,-9.328490e-01,
-9.027344e-01,-8.958468e-01,-8.717313e-01,-8.791361e-01,-8.658640e-01,-8.308693e-01,-8.633490e-01,-8.272077e-01,-8.711844e-01,-8.790872e-01,-9.308867e-01,-9.096628e-01,-8.855149e-01,-8.865591e-01,-9.056605e-01,-8.862035e-01,-8.902593e-01,-8.910601e-01,-8.594115e-01,-8.775002e-01,-8.619784e-01,-8.096557e-01,-7.747658e-01,-7.538774e-01,-7.328372e-01,-7.587273e-01,
-8.465195e-01,-8.618165e-01,-8.680410e-01,-8.569093e-01,-8.595860e-01,-8.192846e-01,-8.218964e-01,-7.710809e-01,-8.012470e-01,-7.714926e-01,-7.704986e-01,-7.712475e-01,-8.018852e-01,-7.637365e-01,-7.713987e-01,-7.711146e-01,-7.853747e-01,-7.871909e-01,-7.938090e-01,-8.166484e-01,-8.219964e-01,-8.947937e-01,-8.791484e-01,-9.003910e-01,-9.057289e-01,-8.902486e-01,-9.035819e-01,-8.950412e-01,
-9.864600e-01,-9.723835e-01,-9.742198e-01,-9.696863e-01,-9.633842e-01,-9.380525e-01,-9.367398e-01,-9.381673e-01,-9.268321e-01,-9.231071e-01,-9.423339e-01,-9.588267e-01,-9.434581e-01,-9.366828e-01,-9.310877e-01,-9.196666e-01,-9.084572e-01,-9.327472e-01,-8.789817e-01,-8.900144e-01,-8.860039e-01,-9.259569e-01,-9.271914e-01,-9.378555e-01,-9.543509e-01,-9.682007e-01,
-1.088631e+00,-1.073579e+00,-1.062410e+00,-1.068727e+00,-1.043828e+00,-1.056983e+00,-1.058711e+00,-1.016926e+00,-1.080217e+00,-1.018873e+00,-9.913319e-01,-1.026818e+00,-1.043865e+00,-1.032745e+00,-1.024824e+00,-1.020869e+00,-1.019332e+00,-1.052294e+00,-1.031400e+00,-1.057660e+00,-1.046697e+00,
-1.016105e+00,-1.028193e+00,-9.977800e-01,-9.697095e-01,-9.537179e-01,-9.584795e-01,-9.908051e-01,-9.542227e-01,-9.588116e-01,-9.616708e-01,-9.651937e-01,-9.728128e-01,-9.565660e-01,-9.717256e-01,-9.707094e-01,-9.712214e-01,-9.880016e-01,-9.885081e-01,-9.678016e-01,-9.589292e-01,-9.329298e-01,-9.229199e-01,-9.393011e-01,-9.666616e-01,-9.444927e-01,-9.707591e-01,-9.931381e-01,
-8.710796e-01,-8.823053e-01,-8.513100e-01,-8.067041e-01,-8.173977e-01,-8.070136e-01,-8.171847e-01,-8.244701e-01,-8.479945e-01,-8.528476e-01,-8.373651e-01,-8.568520e-01,-8.378296e-01,-8.317221e-01,-8.375887e-01,-8.332492e-01,-8.451052e-01,-8.446639e-01,-8.491682e-01,-8.700569e-01,-8.623459e-01,-8.396405e-01,-8.437849e-01,
-8.885536e-01,-9.033574e-01,-8.779001e-01,-8.552282e-01,-8.407382e-01,-8.435172e-01,-8.139621e-01,-8.162578e-01,-7.781973e-01,-7.601620e-01,-7.444884e-01,-7.357857e-01,-7.362310e-01,-7.366857e-01,-7.541806e-01,-7.536557e-01,-7.612907e-01,-7.690651e-01,-7.857756e-01,-7.652113e-01,-8.049073e-01,-7.805901e-01,-8.230363e-01,-8.353472e-01,-8.657818e-01,-8.803616e-01,-8.880162e-01,
-8.875505e-01,-8.596351e-01,-8.543432e-01,-8.628478e-01,-8.634840e-01,-8.165976e-01,-8.457741e-01,-8.300357e-01,-8.428884e-01,-8.719742e-01,-9.149084e-01,-9.929634e-01,-1.030863e+00,-1.027717e+00,-1.013088e+00,-1.015852e+00,-1.023331e+00,-1.015917e+00,-9.943469e-01,-9.898360e-01,-9.855601e-01,-9.715435e-01,-9.081563e-01,-8.182097e-01,-7.734713e-01,-7.665283e-01,-7.670560e-01,-8.226060e-01,
-8.334529e-01,-8.355492e-01,-8.371899e-01,-8.191400e-01,-8.121150e-01,-7.937900e-01,-7.867455e-01,-7.575278e-01,-7.286442e-01,-7.219038e-01,-7.264057e-01,-7.260081e-01,-7.252709e-01,-7.183856e-01,-7.253910e-01,-7.335887e-01,-7.341984e-01,-7.170588e-01,-7.070524e-01,-7.158636e-01,-7.296628e-01,-7.311539e-01,-7.300592e-01,
-9.280250e-01,-9.211574e-01,-8.997972e-01,-9.046345e-01,-9.188719e-01,-9.209259e-01,-9.358664e-01,-9.276371e-01,-9.626735e-01,-9.326441e-01,-9.495869e-01,-9.622767e-01,-9.202735e-01,-9.343716e-01,-9.275122e-01,-9.313694e-01,-9.768752e-01,-9.652496e-01,
-1.019484e+00,-1.009008e+00,-1.021692e+00,-1.009292e+00,-1.012207e+00,-1.007936e+00,-1.008682e+00,-1.020575e+00,-9.856311e-01,-9.954115e-01,-9.778450e-01,-9.789882e-01,-9.920908e-01,-1.015364e+00,-1.006124e+00,-1.005783e+00,-1.025996e+00,
-8.350834e-01,-8.561125e-01,-8.526247e-01,-8.257978e-01,-8.266648e-01,-8.069318e-01,-8.142409e-01,-7.788916e-01,-7.781990e-01,-7.636451e-01,-7.647784e-01,-7.713299e-01,-7.636150e-01,-7.645245e-01,-7.707581e-01,-7.632880e-01,-7.723240e-01,-7.639667e-01,-8.076023e-01,-7.866635e-01,-7.995674e-01,-8.049210e-01,-7.923527e-01,-7.981957e-01,-7.862742e-01,-7.979457e-01,-7.970413e-01,
-9.074382e-01,-9.107825e-01,-8.713895e-01,-8.670519e-01,-9.176702e-01,-9.589977e-01,-9.513509e-01,-8.611184e-01,-8.795845e-01,-8.816348e-01,-7.727555e-01,-7.461106e-01,-7.323999e-01,-7.526485e-01,-7.799357e-01,-7.511403e-01,-8.095953e-01,-8.034287e-01,-8.466183e-01,-8.452976e-01,-8.429685e-01,-8.560417e-01,-8.837792e-01,-8.929986e-01,-8.993130e-01,-9.025569e-01,
-8.418569e-01,-7.755152e-01,-7.328194e-01,-7.277388e-01,-7.110246e-01,-7.005622e-01,-8.920348e-01,-6.181689e-01,-6.530648e-01,-6.229078e-01,-6.647593e-01,-6.868262e-01,-7.650175e-01,-7.860154e-01,-7.681587e-01,-6.857867e-01,-7.624835e-01,-7.500196e-01,-8.096079e-01,-8.584647e-01,-8.701527e-01,-8.870162e-01,
-9.020969e-01,-9.027168e-01,-8.934903e-01,-8.557146e-01,-8.497748e-01,-8.523719e-01,-7.931243e-01,-7.935429e-01,-7.652482e-01,-7.636666e-01,-7.636838e-01,-7.644126e-01,-7.798293e-01,-7.860226e-01,-7.994956e-01,-8.289468e-01,-8.208228e-01,-8.370670e-01,-8.335516e-01,-8.058280e-01,-8.372134e-01,-8.360318e-01,-8.352871e-01,-8.540902e-01,-8.593206e-01,
-9.938402e-01,-9.935125e-01,-9.817195e-01,-9.297951e-01,-9.520971e-01,-9.651530e-01,-1.003812e+00,-9.716973e-01,-9.520720e-01,-9.629735e-01,-9.535431e-01,-9.852368e-01,-9.907249e-01,-9.881544e-01,-1.013947e+00,-1.018659e+00,-1.015180e+00,-9.982765e-01,-9.861417e-01,-9.738391e-01,-9.374134e-01,-9.393348e-01,-9.547706e-01,-9.689949e-01,-9.663473e-01,-9.815398e-01,-9.957392e-01,-9.897274e-01,
-1.057884e+00,-1.047756e+00,-1.043108e+00,-1.030839e+00,-1.038773e+00,-1.040704e+00,-1.024181e+00,-1.009688e+00,-1.019313e+00,-1.020945e+00,-1.001664e+00,-9.992922e-01,-9.917002e-01,-9.896539e-01,-1.013584e+00,-1.027376e+00,-1.013875e+00,-9.978092e-01,-1.010856e+00,-1.004109e+00,
-9.578555e-01,-9.657808e-01,-9.747561e-01,-9.506031e-01,-9.407282e-01,-9.512691e-01,-9.400231e-01,-9.349272e-01,-9.368793e-01,-9.653725e-01,-9.659654e-01,-9.503418e-01,-9.706744e-01,-9.849005e-01,-9.785752e-01,-9.865982e-01,-9.902986e-01,-9.834344e-01,-9.778814e-01,-9.657863e-01,-9.332063e-01,-9.448409e-01,-9.445071e-01,-9.622156e-01,-9.459001e-01,-9.509211e-01,-9.598792e-01,-9.431925e-01,-9.750077e-01,
-8.292127e-01,-8.363681e-01,-8.417025e-01,-8.490638e-01,-8.492812e-01,-8.649496e-01,-8.602800e-01,-8.635509e-01,-9.080480e-01,-9.470755e-01,-9.225827e-01,-9.664880e-01,-9.356202e-01,-8.595937e-01,-8.722373e-01,-8.651939e-01,-8.818775e-01,-8.896879e-01,-8.891730e-01,-8.881588e-01,-8.993294e-01,-9.066105e-01,-8.858553e-01,-8.996859e-01,-8.644616e-01,-9.125218e-01,-8.962811e-01,-9.115876e-01,-9.040667e-01,-8.876751e-01,-8.898083e-01,-8.770121e-01,-8.950920e-01,-9.308990e-01,-9.168712e-01,-9.166920e-01,
-1.044421e+00,-1.043277e+00,-1.019503e+00,-1.011419e+00,-1.037917e+00,-1.053023e+00,-1.045678e+00,-1.009113e+00,-1.018664e+00,-1.013133e+00,-1.016847e+00,-1.016922e+00,-1.020365e+00,-1.031132e+00,-1.032397e+00,-1.030922e+00,-1.020034e+00,-1.027914e+00,-1.035864e+00,-1.043771e+00,
-8.552563e-01,-8.051087e-01,-7.545246e-01,-6.943048e-01,-6.264708e-01,-6.127229e-01,-6.312559e-01,-5.457696e-01,-5.616987e-01,-5.703027e-01,-5.811089e-01,-5.887103e-01,-5.916864e-01,-6.455117e-01,-6.347183e-01,-6.819508e-01,-7.197456e-01,-7.498744e-01,-7.388385e-01,-7.501059e-01,-7.676068e-01,-7.794866e-01,-7.866793e-01,
-1.099435e+00,-1.081263e+00,-1.062890e+00,-1.084104e+00,-1.095321e+00,-1.054944e+00,-1.033695e+00,-1.037301e+00,-1.048482e+00,-1.060233e+00,-1.029985e+00,-1.048479e+00,-1.049384e+00,-1.039223e+00,-1.040478e+00,-1.033609e+00,-1.056027e+00,
-8.718688e-01,-8.507959e-01,-8.583723e-01,-8.134352e-01,-8.066327e-01,-7.859069e-01,-7.931103e-01,-8.130860e-01,-8.057216e-01,-7.872086e-01,-7.727968e-01,-7.795278e-01,-7.852099e-01,-7.852108e-01,-7.872751e-01,-7.868321e-01,-7.938905e-01,-8.003955e-01,-8.132165e-01,-8.055795e-01,-8.062775e-01,-7.987617e-01,-7.996469e-01,-7.860172e-01,-7.999858e-01,-8.128610e-01,-7.997792e-01,-8.078572e-01,-7.994350e-01,-8.579609e-01,-8.649229e-01,-9.041814e-01,-8.982416e-01,-9.157481e-01,-9.343973e-01,
-9.669013e-01,-1.001177e+00,-1.035020e+00,-1.054362e+00,-1.103777e+00,-1.165899e+00,-1.242370e+00,-1.402530e+00,1.570700e+00,-1.548391e+00,1.452913e+00,1.338726e+00,1.305717e+00,1.311546e+00,1.320418e+00,1.344484e+00,1.409660e+00,1.513381e+00,1.570700e+00,-1.366357e+00,-1.266098e+00,-1.219803e+00,-1.169841e+00,-1.088400e+00,
-9.622838e-01,-9.618477e-01,-9.621969e-01,-9.589900e-01,-9.387631e-01,-9.004533e-01,-8.391911e-01,-7.920495e-01,-7.322223e-01,-7.192844e-01,-6.743034e-01,-7.142525e-01,-7.285913e-01,-7.200785e-01,-7.207351e-01,-7.191945e-01,-7.137597e-01,-7.310931e-01,-7.628908e-01,-7.791191e-01,-7.792881e-01,-7.991905e-01,-8.058642e-01,-8.402170e-01,-8.733202e-01,-8.910728e-01,-9.312536e-01,-9.331569e-01,
-8.941831e-01,-9.083986e-01,-8.957683e-01,-9.027987e-01,-9.093999e-01,-9.120329e-01,-9.235952e-01,-1.030461e+00,-9.890361e-01,-1.029930e+00,-1.019300e+00,-9.457573e-01,-9.414835e-01,-9.359981e-01,-9.908333e-01,-9.373116e-01,-9.427915e-01,-9.402722e-01,-9.553261e-01,-9.476466e-01,-9.475399e-01,-9.541499e-01,-9.314643e-01,-9.340339e-01,-9.311049e-01,-9.253721e-01,-9.210550e-01,-9.224962e-01,-8.927819e-01,-8.861986e-01,-8.927480e-01,-9.133546e-01,-9.283959e-01,
-8.834181e-01,-8.767318e-01,-8.719782e-01,-8.624972e-01,-8.758091e-01,-8.445021e-01,-8.055837e-01,-8.250358e-01,-7.856326e-01,-8.050997e-01,-7.727548e-01,-7.675219e-01,-7.734247e-01,-7.551228e-01,-7.384019e-01,-7.368825e-01,-7.203851e-01,-7.319844e-01,-7.179976e-01,-7.129163e-01,-7.185476e-01,-7.197089e-01,-7.244862e-01,-7.239869e-01,-7.389941e-01,-7.559751e-01,-7.701932e-01,-7.805470e-01,-7.964216e-01,-9.377554e-01,-1.005673e+00,-9.881589e-01,-9.730332e-01,-9.801921e-01,-9.921640e-01,-9.823080e-01,-9.844527e-01,-9.777873e-01,-9.679623e-01,-9.678531e-01,
-8.641344e-01,-8.260407e-01,-8.115606e-01,-7.907667e-01,-7.959604e-01,-7.919497e-01,-7.958381e-01,-7.753665e-01,-8.025140e-01,-8.130713e-01,-8.207175e-01,-8.290303e-01,-8.428975e-01,-8.191664e-01,-8.240889e-01,-8.090482e-01,-7.965280e-01,-8.297416e-01,-8.392370e-01,-8.232165e-01,-8.009025e-01,-7.950295e-01,
-8.169205e-01,-7.972297e-01,-7.491723e-01,-6.505862e-01,-6.270574e-01,-6.196904e-01,-5.657992e-01,-5.501711e-01,-5.500154e-01,-5.710960e-01,-5.775844e-01,-5.753546e-01,-6.163779e-01,-6.394663e-01,-6.661200e-01,-7.008644e-01,-7.085519e-01,-7.454624e-01,-7.555958e-01,-7.736521e-01,-7.736503e-01,-7.614948e-01,-7.811545e-01,-7.800940e-01,-8.049719e-01,-8.234901e-01,-8.229522e-01,-8.101707e-01,
-9.021814e-01,-8.823258e-01,-8.615151e-01,-8.586874e-01,-8.059276e-01,-7.709275e-01,-7.642567e-01,-7.342122e-01,-6.945269e-01,-6.842267e-01,-6.760150e-01,-6.915832e-01,-6.995926e-01,-6.646972e-01,-6.699705e-01,-6.955830e-01,-7.105114e-01,-7.314356e-01,-8.046234e-01,-8.247333e-01,-8.544112e-01,-8.659334e-01,-8.807319e-01,
-8.988303e-01,-8.993515e-01,-9.012397e-01,-8.617076e-01,-8.861609e-01,-8.385174e-01,-8.242288e-01,-8.006590e-01,-8.013064e-01,-7.861009e-01,-7.870093e-01,-7.853337e-01,-7.857550e-01,-7.866669e-01,-7.944150e-01,-8.001405e-01,-8.020766e-01,-8.092093e-01,-7.992647e-01,-7.789878e-01,-7.739485e-01,-7.972295e-01,-8.203524e-01,
-8.762537e-01,-8.786206e-01,-8.750181e-01,-9.835482e-01,-9.753388e-01,-1.005145e+00,-9.887006e-01,-1.016090e+00,-1.034598e+00,-1.076416e+00,-1.141646e+00,-1.133082e+00,-1.209687e+00,-1.308665e+00,-1.270917e+00,-1.268146e+00,-1.257231e+00,-1.306007e+00,-1.304049e+00,-1.292940e+00,-1.297410e+00,-1.275664e+00,-1.270013e+00,-1.239583e+00,-1.187204e+00,-1.182217e+00,-1.111680e+00,-1.068044e+00,-1.071554e+00,-1.046099e+00,
-9.973146e-01,-9.814250e-01,-9.784454e-01,-9.647824e-01,-9.743125e-01,-9.955242e-01,-1.001276e+00,-1.026484e+00,-1.008269e+00,-1.001108e+00,-9.962929e-01,-9.923016e-01,-9.991447e-01,-9.908697e-01,-1.000896e+00,-1.013737e+00,-1.000594e+00,-9.939418e-01,-9.643027e-01,-9.593729e-01,-9.811028e-01,-9.981157e-01,-1.003752e+00,-9.972349e-01,
-9.017105e-01,-8.907343e-01,-8.796849e-01,-8.885947e-01,-8.947872e-01,-8.942288e-01,-8.725780e-01,-8.731245e-01,-8.824807e-01,-8.715949e-01,-8.774796e-01,-8.858016e-01,-8.940915e-01,-8.827634e-01,-8.780460e-01,-8.828372e-01,-9.189626e-01,-8.825501e-01,-9.149542e-01,-9.061626e-01,-9.036110e-01,-8.154100e-01,-7.537903e-01,-7.257664e-01,-7.309088e-01,-7.132356e-01,-7.736579e-01,-8.222359e-01,-8.394757e-01,-8.327843e-01,-8.453557e-01,-8.398243e-01,-8.320863e-01,-8.276528e-01,-7.970870e-01,-7.700620e-01,-7.279955e-01,-7.142342e-01,-7.388740e-01,
-9.205743e-01,-9.175285e-01,-8.742307e-01,-8.492293e-01,-8.501012e-01,-8.088183e-01,-8.008270e-01,-7.931284e-01,-7.935359e-01,-7.926408e-01,-7.783716e-01,-7.725126e-01,-7.934538e-01,-7.931181e-01,-7.930117e-01,-8.003901e-01,-7.999326e-01,-8.353556e-01,-8.477102e-01,-8.592888e-01,-8.771949e-01,-8.890415e-01,-8.895344e-01,
-8.699953e-01,-8.765996e-01,-8.765044e-01,-8.520044e-01,-8.676162e-01,-8.869385e-01,-8.563095e-01,-8.817345e-01,-8.513927e-01,-8.897829e-01,-8.833568e-01,-8.657151e-01,-8.471473e-01,-8.877910e-01,-8.716986e-01,-8.730823e-01,-8.652401e-01,-8.658040e-01,-8.785257e-01,-9.096471e-01,-8.908631e-01,-9.305261e-01,-9.377699e-01,-9.324691e-01,-8.995014e-01,-8.881109e-01,-9.004865e-01,-9.053731e-01,-9.261808e-01,-9.112368e-01,-9.414609e-01,-9.632555e-01,-9.954259e-01,-1.013928e+00,-1.012503e+00,-9.606494e-01,-9.504814e-01,-9.608325e-01,-9.516430e-01,
-9.776512e-01,-9.880089e-01,-9.717627e-01,-9.549174e-01,-9.538313e-01,-9.327006e-01,-9.269699e-01,-9.388400e-01,-9.159266e-01,-9.220159e-01,-9.135454e-01,-9.215311e-01,-9.233022e-01,-9.266132e-01,-9.344475e-01,-9.340972e-01,-9.287164e-01,-9.342103e-01,-9.657603e-01,-9.361294e-01,-9.385375e-01,-9.444397e-01,-9.303102e-01,-9.514732e-01,-9.485855e-01,-9.581128e-01,-9.761239e-01,
-1.006588e+00,-1.015054e+00,-9.906017e-01,-1.016070e+00,-9.801176e-01,-9.476543e-01,-9.172674e-01,-9.414871e-01,-9.626581e-01,-9.516105e-01,-9.563544e-01,-9.626396e-01,-9.496891e-01,-9.449493e-01,-9.574355e-01,-9.505839e-01,-9.504737e-01,-9.577582e-01,-9.599083e-01,-9.716776e-01,-9.446085e-01,-9.679719e-01,-9.467012e-01,-9.478534e-01,-9.402652e-01,-9.590813e-01,-9.874862e-01,-9.750122e-01,
-9.833345e-01,-9.839301e-01,-9.739960e-01,-9.651826e-01,-9.309486e-01,-9.626448e-01,-9.305083e-01,-9.275827e-01,-9.066187e-01,-9.276044e-01,-9.192839e-01,-9.259352e-01,-9.313209e-01,-9.444387e-01,-9.368129e-01,-9.309993e-01,-9.312044e-01,-9.469985e-01,-9.641340e-01,-8.993213e-01,-8.947048e-01,-8.923684e-01,-9.057707e-01,-9.293576e-01,-9.527634e-01,-9.636014e-01,
-9.077212e-01,-9.123899e-01,-9.334550e-01,-9.269156e-01,-9.407060e-01,-9.075760e-01,-9.203242e-01,-9.103670e-01,-8.854153e-01,-8.968126e-01,-9.099282e-01,-8.980525e-01,-9.316030e-01,-9.590250e-01,-9.386596e-01,-9.245585e-01,-9.249638e-01,-9.181264e-01,-9.238268e-01,-9.161236e-01,-9.104176e-01,-9.044887e-01,-8.783435e-01,-8.669814e-01,-8.773198e-01,-9.013925e-01,
-9.952459e-01,-1.009054e+00,-1.015638e+00,-1.013531e+00,-9.779533e-01,-9.614018e-01,-9.606860e-01,-9.612526e-01,-9.299995e-01,-9.410052e-01,-9.287697e-01,-9.141266e-01,-9.286411e-01,-9.419776e-01,-9.417713e-01,-9.537598e-01,-9.427472e-01,-9.532917e-01,-9.539371e-01,-9.471167e-01,-9.417561e-01,-9.459257e-01,-9.408121e-01,-9.266366e-01,-9.129702e-01,-9.162618e-01,-9.143518e-01,-9.352820e-01,-9.722083e-01,-9.528012e-01,
-8.601102e-01,-8.444744e-01,-8.333215e-01,-8.280236e-01,-7.959309e-01,-7.806520e-01,-7.869107e-01,-7.743159e-01,-8.026687e-01,-8.134804e-01,-8.087285e-01,-8.152496e-01,-8.141443e-01,-7.975340e-01,-8.089656e-01,-7.967395e-01,-7.969273e-01,-8.522294e-01,-8.695968e-01,-8.787005e-01,-8.846142e-01,-8.938958e-01,
-9.997283e-01,-9.946507e-01,-9.967096e-01,-9.637172e-01,-9.413369e-01,-9.596745e-01,-9.603273e-01,-1.004935e+00,-9.707416e-01,-9.825242e-01,-9.896963e-01,-9.975874e-01,-9.947625e-01,-1.005672e+00,-1.005044e+00,-1.010440e+00,-1.000215e+00,-9.828839e-01,-9.691107e-01,-9.784286e-01,-9.902566e-01,-9.891163e-01,-9.722020e-01,
-8.707254e-01,-8.542720e-01,-8.136013e-01,-8.230910e-01,-8.014456e-01,-8.005739e-01,-7.930410e-01,-7.938910e-01,-7.795694e-01,-8.005980e-01,-7.931690e-01,-8.005655e-01,-7.849163e-01,-7.937193e-01,-7.926442e-01,-7.934927e-01,-8.017222e-01,-8.222466e-01,-8.439186e-01,-8.136964e-01,-8.390449e-01,-8.388624e-01,-8.555540e-01,
