-2.643935e+00,-2.673873e+00,-2.767430e+00,7.341003e-02,-1.531326e-01,-2.391467e-01,-4.398736e-01,-3.959434e-01,-2.404470e-01,1.701168e-01,-2.666657e+00,-2.205662e+00,-2.198998e+00,-2.195799e+00,-2.156850e+00,-2.162077e+00,-2.166037e+00,-2.255956e+00,-2.369590e+00,-2.528083e+00,-2.629156e+00,-2.644231e+00,-2.642528e+00,-2.658755e+00,-2.655740e+00,
-2.620517e+00,-2.682855e+00,1.459539e-01,-1.653768e-01,-4.195099e-01,-5.204510e-01,-4.487252e-01,-3.719898e-01,-1.197681e-01,-2.845248e+00,-2.347078e+00,-2.087527e+00,-2.060610e+00,-2.101893e+00,-2.123085e+00,-2.137619e+00,-2.203614e+00,-2.321595e+00,-2.460940e+00,-2.535514e+00,-2.570697e+00,-2.596973e+00,-2.626370e+00,-2.633653e+00,-2.628151e+00,
-2.569607e+00,-2.607123e+00,-2.623672e+00,1.673253e-01,5.650461e-02,-1.238854e-01,-3.076322e-01,-2.757382e-01,1.242054e-02,-2.762364e+00,-2.139736e+00,-1.953246e+00,-1.906501e+00,-1.904140e+00,-1.927472e+00,-1.938388e+00,-1.947160e+00,-2.013515e+00,-2.078289e+00,-2.119841e+00,-2.277595e+00,-2.443443e+00,-2.499726e+00,-2.542049e+00,
-2.553486e+00,-2.557033e+00,-2.558046e+00,-2.581098e+00,-2.637915e+00,-2.700540e+00,-2.737973e+00,2.675302e-01,1.616396e-01,1.526088e-01,1.872563e-01,-2.691633e+00,-2.356113e+00,-2.088336e+00,-1.934589e+00,-1.860759e+00,-1.771145e+00,-1.732901e+00,-1.734661e+00,-1.746833e+00,-1.726267e+00,-1.749101e+00,-1.753638e+00,-1.751041e+00,-1.780299e+00,-1.798641e+00,-1.903319e+00,-2.123637e+00,-2.257203e+00,-2.317412e+00,-2.446415e+00,-2.506741e+00,-2.555396e+00,-2.567777e+00,
-2.563443e+00,-2.550789e+00,-2.557563e+00,-2.494032e+00,-2.504424e+00,-2.600514e+00,-2.705731e+00,-2.637613e+00,-2.303193e+00,-1.968144e+00,-1.911108e+00,-1.942604e+00,-2.021196e+00,-2.123269e+00,-2.359166e+00,-2.489994e+00,-2.546317e+00,-2.588310e+00,-2.600273e+00,-2.594945e+00,-2.582309e+00,
-2.541216e+00,-2.559646e+00,-2.582850e+00,-2.591901e+00,-2.634499e+00,-2.567680e+00,-2.527311e+00,-2.241698e+00,-1.908246e+00,-1.752009e+00,-1.578994e+00,-1.580209e+00,-1.579434e+00,-1.623893e+00,-1.697818e+00,-1.618214e+00,-1.617795e+00,-1.626220e+00,-1.641965e+00,-1.686270e+00,-1.772114e+00,-1.886509e+00,-2.055359e+00,-2.237896e+00,-2.383469e+00,-2.429223e+00,-2.500456e+00,-2.562985e+00,-2.576314e+00,
-2.365219e+00,-2.442637e+00,-2.590122e+00,-2.707774e+00,1.534002e-01,-8.452809e-02,7.520866e-02,-2.740720e+00,-2.301058e+00,-1.997005e+00,-1.919543e+00,-1.920018e+00,-1.956953e+00,-1.992370e+00,-2.053327e+00,-2.256022e+00,-2.362520e+00,-2.434735e+00,-2.476090e+00,-2.476604e+00,-2.507932e+00,-2.558910e+00,-2.575686e+00,
-2.628752e+00,-2.646227e+00,-2.734015e+00,-2.869186e+00,-3.038156e-02,-3.040190e-01,-5.481431e-01,-5.548833e-01,-5.149699e-01,-2.981843e-01,2.372953e-01,-2.296996e+00,-2.067814e+00,-2.039197e+00,-2.048853e+00,-2.057446e+00,-2.085169e+00,-2.170583e+00,-2.324833e+00,-2.525697e+00,-2.545598e+00,
-2.627448e+00,-2.649873e+00,1.173272e-01,-1.042509e-01,-4.843300e-01,-2.846753e-01,-2.757477e+00,-2.032882e+00,-2.009548e+00,-2.014586e+00,-2.055372e+00,-2.024343e+00,-2.049488e+00,-2.246341e+00,-2.413660e+00,-2.607199e+00,-2.663931e+00,-2.653124e+00,-2.627001e+00,
-2.538372e+00,-2.598886e+00,-2.740433e+00,2.506371e-01,1.746991e-01,2.387469e-01,-2.480343e+00,-2.712986e+00,-1.741464e+00,-1.642515e+00,-1.626941e+00,-1.578547e+00,-1.599695e+00,-1.631244e+00,-1.625472e+00,-1.629738e+00,-1.633443e+00,-1.763336e+00,-1.989080e+00,-2.164507e+00,-2.357869e+00,-2.390043e+00,-2.464188e+00,-2.536602e+00,-2.576557e+00,-2.569814e+00,-2.569509e+00,-2.554468e+00,
-2.545878e+00,-2.538068e+00,-2.521054e+00,-2.509295e+00,-2.496098e+00,-2.486687e+00,-2.470917e+00,-2.458535e+00,-2.749926e+00,1.893305e-01,1.020525e-01,1.625096e-01,-2.697676e+00,-2.326907e+00,-2.075030e+00,-1.904390e+00,-1.900441e+00,-1.927316e+00,-1.993004e+00,-2.136550e+00,-2.223829e+00,-2.363154e+00,-2.415997e+00,-2.466447e+00,
-2.539740e+00,-2.548508e+00,-2.587508e+00,-2.627021e+00,-2.686386e+00,-2.714143e+00,-2.680382e+00,-2.629879e+00,-2.369698e+00,-2.045485e+00,-1.858853e+00,-1.708047e+00,-1.691830e+00,-1.690579e+00,-1.686498e+00,-1.696848e+00,-1.701810e+00,-1.705717e+00,-1.715161e+00,-1.716673e+00,-1.707813e+00,-1.709712e+00,-1.741367e+00,-1.821344e+00,-1.864587e+00,-1.970172e+00,-2.088651e+00,-2.184899e+00,-2.361133e+00,-2.411846e+00,-2.474328e+00,-2.532786e+00,-2.549263e+00,-2.578489e+00,
-2.567964e+00,-2.572506e+00,-2.565042e+00,-2.525616e+00,-2.687781e+00,-2.639552e+00,-2.647498e+00,-2.298325e+00,-2.061273e+00,-1.859756e+00,-1.828695e+00,-1.846302e+00,-1.857048e+00,-1.915129e+00,-1.965188e+00,-2.095591e+00,-2.224534e+00,-2.363270e+00,-2.461193e+00,-2.506216e+00,-2.537520e+00,-2.565297e+00,-2.590942e+00,-2.576995e+00,-2.576035e+00,
-2.599312e+00,-2.665994e+00,-2.791206e+00,-1.712012e-02,-2.882426e-01,-4.232130e-01,-5.671651e-01,-5.400313e-01,-3.868230e-01,1.501453e-02,-2.359910e+00,-1.965515e+00,-1.965628e+00,-1.980713e+00,-2.065936e+00,-2.067871e+00,-2.049072e+00,-2.091843e+00,-2.208196e+00,-2.387404e+00,-2.481980e+00,-2.534725e+00,-2.566369e+00,-2.601777e+00,-2.604497e+00,-2.614417e+00,-2.617387e+00,-2.613040e+00,
-2.553378e+00,-2.535106e+00,-2.526557e+00,-2.515603e+00,-2.548878e+00,-2.728135e+00,2.582169e-01,-2.780754e+00,-2.675529e+00,-2.297295e+00,-2.098589e+00,-1.921618e+00,-1.894821e+00,-1.909101e+00,-1.943324e+00,-2.020720e+00,-2.191140e+00,-2.243143e+00,-2.354560e+00,-2.385947e+00,-2.486384e+00,-2.534978e+00,
-2.545264e+00,-2.534006e+00,-2.553209e+00,-2.550270e+00,-2.598815e+00,-2.696085e+00,-2.708585e+00,-2.570077e+00,-2.477591e+00,-2.215882e+00,-2.081832e+00,-2.003011e+00,-2.002174e+00,-2.032854e+00,-2.056332e+00,-2.102388e+00,-2.141950e+00,-2.236898e+00,-2.296406e+00,-2.417590e+00,-2.482373e+00,-2.526091e+00,-2.536310e+00,-2.544255e+00,
-2.969229e+00,-2.969575e+00,-2.970050e+00,-2.961837e+00,-2.912155e+00,-2.911524e+00,-2.894762e+00,-2.874543e+00,-2.795358e+00,-2.608052e+00,-2.487114e+00,-2.446169e+00,-2.470047e+00,-2.518379e+00,-2.599019e+00,-2.652277e+00,-2.820129e+00,-2.825864e+00,-2.658668e+00,-2.420720e+00,-2.263886e+00,-2.245057e+00,-2.254613e+00,-2.292427e+00,-2.335386e+00,-2.469263e+00,-2.691889e+00,-2.841810e+00,-2.911920e+00,-2.904537e+00,-2.929148e+00,-2.942834e+00,
-2.561482e+00,-2.545833e+00,-2.601908e+00,-2.729826e+00,-2.835315e+00,2.158469e-01,2.789860e-01,-2.751724e+00,-2.478951e+00,-2.253101e+00,-2.127429e+00,-2.021075e+00,-2.023053e+00,-2.124891e+00,-2.404873e+00,-2.572529e+00,2.662274e-01,2.171075e-01,-2.732493e+00,-2.454178e+00,-2.333723e+00,-2.144425e+00,-2.083718e+00,-2.101015e+00,-2.224822e+00,-2.478331e+00,-2.636861e+00,-2.838277e+00,2.055494e-01,2.588880e-01,-2.847986e+00,-2.791883e+00,-2.675193e+00,-2.615306e+00,-2.573860e+00,-2.569729e+00,-2.574838e+00,-2.564607e+00,-2.572616e+00,
-2.563529e+00,-2.547309e+00,-2.513468e+00,-2.492030e+00,-2.553063e+00,-2.609714e+00,2.567626e-01,3.233397e-02,9.368777e-03,1.659644e-01,-2.682498e+00,-2.346812e+00,-2.116778e+00,-2.075351e+00,-2.011971e+00,-2.078632e+00,-2.229020e+00,-2.549441e+00,-2.726582e+00,1.469871e-01,1.044719e-01,2.640281e-01,-2.557390e+00,-2.409816e+00,-2.155308e+00,-2.072226e+00,-2.084457e+00,-2.146260e+00,-2.288627e+00,-2.355577e+00,-2.443198e+00,-2.511582e+00,-2.529372e+00,-2.547984e+00,-2.556063e+00,-2.573691e+00,-2.578742e+00,-2.562900e+00,-2.561038e+00,
2.162489e-01,1.976862e-01,8.141792e-02,3.057725e+00,-3.101470e-01,-3.810822e-01,-1.206124e-01,3.355742e-03,-3.028933e+00,-2.741114e+00,-2.594428e+00,7.497599e-01,9.523842e-01,1.060551e+00,1.073432e+00,1.043147e+00,1.030406e+00,1.038266e+00,9.881766e-01,9.560130e-01,7.495745e-01,5.060166e-01,3.774446e-01,2.892997e-01,1.602613e-01,
-2.980906e+00,-2.962338e+00,-2.936669e+00,-2.991411e+00,-3.058038e+00,-4.460061e-02,-1.041516e-01,-1.851690e-02,-3.017967e+00,-2.816920e+00,-2.576448e+00,-2.467520e+00,-2.385254e+00,-2.292438e+00,1.001859e+00,1.064956e+00,1.076084e+00,1.084885e+00,1.068050e+00,1.077091e+00,1.068067e+00,1.079131e+00,9.661365e-01,8.952630e-01,7.102917e-01,5.042986e-01,3.360128e-01,2.423009e-01,-2.936308e+00,-2.958074e+00,-2.951891e+00,
-2.559171e+00,-2.544113e+00,-2.552946e+00,-2.597296e+00,-2.677926e+00,-2.779954e+00,2.020456e-01,2.085387e-01,-2.736597e+00,-2.444615e+00,-2.198017e+00,-2.072984e+00,-2.065128e+00,-2.110297e+00,-2.370239e+00,-2.638157e+00,2.805910e-01,-2.752227e+00,-2.505107e+00,-2.291442e+00,-2.164422e+00,-2.070271e+00,-2.105607e+00,-2.275510e+00,-2.470606e+00,-2.619024e+00,-2.664971e+00,-2.639886e+00,-2.608686e+00,-2.539967e+00,-2.530645e+00,-2.526291e+00,-2.529296e+00,-2.532101e+00,-2.539120e+00,-2.554464e+00,-2.571757e+00,
-2.921504e+00,-2.905365e+00,-2.884171e+00,-2.874590e+00,-2.964141e+00,-3.104996e+00,2.576351e-03,1.244414e-02,-3.027483e+00,-2.698653e+00,-2.355597e+00,8.882683e-01,1.109845e+00,1.111328e+00,1.137365e+00,1.115719e+00,1.088044e+00,1.080737e+00,1.020286e+00,9.429900e-01,8.251650e-01,7.721657e-01,6.394852e-01,4.743268e-01,2.436091e-01,2.108873e-01,
-2.916390e+00,-2.950401e+00,-7.830715e-02,-2.006216e-01,-2.469529e-01,-2.323989e-01,-5.976486e-02,-3.036923e+00,-2.896229e+00,-2.566649e+00,8.821573e-01,1.027148e+00,1.091727e+00,1.088278e+00,1.088089e+00,1.071039e+00,1.069170e+00,-2.092256e+00,-2.118551e+00,-2.182967e+00,-2.369555e+00,-2.589175e+00,-2.796458e+00,-2.885365e+00,-2.904422e+00,
-2.531405e+00,-2.538625e+00,-2.549768e+00,-2.582451e+00,-2.654680e+00,-2.707775e+00,-2.645377e+00,-2.563040e+00,-2.373693e+00,-2.147825e+00,-2.036364e+00,-1.978485e+00,-1.988972e+00,-2.014752e+00,-2.062609e+00,-2.149554e+00,-2.274595e+00,-2.369376e+00,-2.436710e+00,-2.480302e+00,-2.507411e+00,
-2.522673e+00,-2.529644e+00,-2.569293e+00,-2.599214e+00,-2.652221e+00,-2.782613e+00,2.966872e-01,2.628675e-01,2.829099e-01,-2.785365e+00,-2.475493e+00,-2.352813e+00,-2.122797e+00,-2.099250e+00,-2.054116e+00,-2.144842e+00,-2.286695e+00,-2.356129e+00,-2.406280e+00,-2.459058e+00,-2.468164e+00,-2.490207e+00,
-2.574221e+00,-2.568802e+00,-2.555455e+00,-2.565064e+00,-2.581060e+00,-2.591127e+00,3.014106e-01,5.735266e-02,6.803870e-02,1.555759e-01,-2.402287e+00,-2.255888e+00,-2.056503e+00,-1.971274e+00,-1.964891e+00,-2.018094e+00,-2.178297e+00,-2.256104e+00,-2.346785e+00,-2.393989e+00,-2.489849e+00,-2.536653e+00,-2.535194e+00,-2.556066e+00,-2.558905e+00,
-2.574206e+00,-2.570076e+00,-2.562419e+00,-2.549775e+00,-2.540611e+00,-2.602184e+00,-2.702366e+00,2.494417e-01,1.745807e-01,1.794591e-01,-2.774382e+00,-2.433956e+00,-2.183608e+00,-2.081063e+00,-2.018333e+00,-2.071466e+00,-2.289672e+00,-2.632352e+00,2.238195e-01,2.543117e-01,-2.657982e+00,-2.370930e+00,-2.152224e+00,-2.103481e+00,-2.073298e+00,-2.186055e+00,-2.409350e+00,-2.609002e+00,-2.696396e+00,-2.689918e+00,-2.554971e+00,-2.500058e+00,-2.469124e+00,-2.483792e+00,-2.493272e+00,-2.519239e+00,-2.551265e+00,-2.572225e+00,
-2.647289e+00,-2.671791e+00,-2.791135e+00,6.471431e-02,-1.027697e-01,-2.166085e-01,-1.259115e-01,-9.925711e-02,-2.660948e+00,-2.099422e+00,-1.987254e+00,-1.956600e+00,-1.939459e+00,-1.955174e+00,-2.024743e+00,-2.247093e+00,-2.530866e+00,-2.616818e+00,-2.636681e+00,-2.630816e+00,-2.639442e+00,-2.639429e+00,
-2.555980e+00,-2.553072e+00,-2.553391e+00,-2.545930e+00,-2.538356e+00,-2.515228e+00,-2.550478e+00,-2.648783e+00,3.310776e-01,2.532136e-01,2.234502e-01,-2.725121e+00,-2.327632e+00,-2.088761e+00,-1.935135e+00,-1.928624e+00,-1.912435e+00,-1.960187e+00,-2.017181e+00,-2.053590e+00,-2.190041e+00,-2.382567e+00,-2.448358e+00,-2.523139e+00,-2.547452e+00,-2.563167e+00,-2.570996e+00,-2.575303e+00,-2.562563e+00,
-2.827371e+00,-8.359957e-02,-2.522796e-01,-4.313600e-01,-2.783489e+00,-2.255094e+00,-2.081274e+00,-2.103864e+00,-2.152622e+00,-2.168332e+00,-2.227849e+00,-2.366900e+00,-2.451816e+00,-2.562912e+00,-2.617484e+00,-2.627468e+00,-2.637120e+00,-2.634732e+00,-2.630663e+00,-2.631829e+00,-2.638851e+00,-2.636315e+00,-2.634096e+00,
-2.553909e+00,-2.567563e+00,-2.587029e+00,-2.653186e+00,-2.762764e+00,2.108759e-01,5.088449e-02,-1.222163e-01,3.710270e-02,-2.392844e+00,-2.154311e+00,-1.878607e+00,-1.716686e+00,-1.710471e+00,-1.722046e+00,-1.752601e+00,-1.729482e+00,-1.714731e+00,-1.726070e+00,-1.729914e+00,-1.761241e+00,-1.824625e+00,-1.933154e+00,-2.093312e+00,-2.150105e+00,-2.304430e+00,-2.382579e+00,-2.539185e+00,-2.559364e+00,-2.559092e+00,
-2.540701e+00,-2.544265e+00,-2.541012e+00,-2.534185e+00,-2.592195e+00,-2.678756e+00,-2.718005e+00,-2.705435e+00,-2.432890e+00,-2.323285e+00,-2.108922e+00,-1.954523e+00,-1.906917e+00,-1.923684e+00,-1.945191e+00,-1.975621e+00,-2.001714e+00,-2.045308e+00,-2.125036e+00,-2.274349e+00,-2.354470e+00,-2.445429e+00,-2.487800e+00,-2.516371e+00,-2.541965e+00,-2.535059e+00,
-2.526914e+00,-2.522850e+00,-2.545268e+00,-2.553618e+00,-2.609834e+00,-2.673103e+00,-2.601339e+00,-2.451372e+00,-2.098607e+00,-1.998464e+00,-1.988805e+00,-2.015767e+00,-2.044819e+00,-2.097404e+00,-2.195096e+00,-2.312274e+00,-2.408860e+00,-2.470707e+00,-2.506781e+00,-2.534131e+00,
-2.551629e+00,-2.579562e+00,-2.652287e+00,-2.789396e+00,1.498271e-01,-3.081667e-02,-1.481795e-01,2.093029e-02,-2.654029e+00,-1.901779e+00,-1.665786e+00,-1.621217e+00,-1.649150e+00,-1.651806e+00,-1.647740e+00,-1.662093e+00,-1.653555e+00,-1.671494e+00,-1.675121e+00,-1.772418e+00,-1.873572e+00,-2.030319e+00,-2.209789e+00,-2.324553e+00,-2.428247e+00,-2.497612e+00,-2.545382e+00,
-2.575609e+00,-2.595497e+00,-2.641116e+00,-2.718124e+00,2.209949e-01,2.897096e-02,-1.825870e-01,-2.434230e-01,2.347654e-01,-2.525754e+00,-2.110306e+00,-1.906828e+00,-1.884930e+00,-1.891203e+00,-1.870490e+00,-1.870371e+00,-1.821158e+00,-1.832079e+00,-1.813034e+00,-1.870371e+00,-1.928023e+00,-2.046582e+00,-2.265124e+00,-2.613495e+00,-2.510215e+00,-2.594118e+00,-2.597071e+00,-2.562496e+00,
-2.574475e+00,-2.573768e+00,-2.570307e+00,-2.558908e+00,-2.554185e+00,-2.552200e+00,-2.554768e+00,-2.541974e+00,-2.531676e+00,-2.519859e+00,-2.468705e+00,-2.478414e+00,-2.528124e+00,-2.662359e+00,2.831944e-01,1.852531e-01,2.646160e-01,-2.680790e+00,-2.295402e+00,-2.058863e+00,-1.920528e+00,-1.893230e+00,-1.905574e+00,-1.949192e+00,-2.019090e+00,-2.165758e+00,-2.289894e+00,-2.379418e+00,-2.413207e+00,-2.469248e+00,-2.502816e+00,-2.537866e+00,-2.566372e+00,-2.573269e+00,-2.571305e+00,
-2.534129e+00,-2.541389e+00,-2.538955e+00,-2.558432e+00,-2.637298e+00,-2.725946e+00,-2.673140e+00,-2.510419e+00,-2.200923e+00,-2.058191e+00,-1.951295e+00,-1.950650e+00,-1.958233e+00,-1.997159e+00,-2.051846e+00,-2.186040e+00,-2.309232e+00,-2.401771e+00,-2.457712e+00,-2.501529e+00,-2.525091e+00,-2.519420e+00,-2.535219e+00,-2.531762e+00,-2.545798e+00,
-2.520473e+00,-2.469933e+00,-2.434778e+00,-2.459207e+00,-2.594562e+00,-2.808739e+00,1.448632e-01,-1.060537e-01,-1.903268e-01,8.535135e-02,-2.437043e+00,-1.858872e+00,-1.892143e+00,-1.639101e+00,-1.597948e+00,-1.622039e+00,-1.634991e+00,-1.605870e+00,-1.578244e+00,-1.578645e+00,-1.600342e+00,-1.750550e+00,-1.883453e+00,-2.335417e+00,-2.383315e+00,-2.457226e+00,-2.562130e+00,-2.565391e+00,-2.567774e+00,
-2.555850e+00,-2.555051e+00,-2.597478e+00,-2.622081e+00,-2.712272e+00,2.974206e-01,2.074004e-01,8.893716e-02,6.133306e-02,2.522206e-01,-2.659894e+00,-2.424625e+00,-2.103130e+00,-1.644733e+00,-1.656391e+00,-1.647842e+00,-1.648045e+00,-1.638241e+00,-1.650014e+00,-1.651255e+00,-1.657792e+00,-1.623540e+00,-1.681089e+00,-1.735596e+00,-2.064027e+00,-2.248316e+00,-2.429788e+00,-2.540189e+00,-2.575790e+00,-2.599764e+00,-2.620900e+00,-2.619948e+00,-2.610015e+00,
-2.607639e+00,-2.623407e+00,-2.664512e+00,-2.769989e+00,-7.723999e-02,-2.841525e-01,-3.301688e-01,-9.017479e-02,-2.629556e+00,-2.035759e+00,-2.037116e+00,-2.056481e+00,-2.058808e+00,-2.046889e+00,-2.061090e+00,-2.221181e+00,-2.429227e+00,-2.632545e+00,-2.666758e+00,-2.649568e+00,-2.626831e+00,-2.605685e+00,-2.601827e+00,-2.605453e+00,-2.605839e+00,
-2.574289e+00,-2.593822e+00,-2.674254e+00,-2.800524e+00,1.283975e-01,-1.523554e-01,-2.869356e-02,-2.532137e+00,-3.258860e-01,1.558293e-01,-2.636714e+00,-1.918270e+00,-1.627570e+00,-1.542221e+00,-1.526870e+00,-1.573258e+00,-1.592366e+00,-1.597491e+00,-1.599948e+00,-1.598901e+00,-1.598821e+00,-1.648739e+00,-1.682566e+00,-1.695791e+00,-1.796885e+00,-1.858163e+00,-2.012816e+00,-2.203404e+00,-2.326011e+00,-2.468131e+00,-2.570032e+00,
-2.528875e+00,-2.530640e+00,-2.520219e+00,-2.524499e+00,-2.517707e+00,-2.586630e+00,-2.637941e+00,-2.674406e+00,-2.548297e+00,-2.302838e+00,-2.166615e+00,-2.047433e+00,-1.989239e+00,-2.015904e+00,-2.059824e+00,-2.122588e+00,-2.189612e+00,-2.288231e+00,-2.374732e+00,-2.435688e+00,-2.457786e+00,-2.502257e+00,-2.521731e+00,-2.530392e+00,
-2.561572e+00,-2.549924e+00,-2.557725e+00,-2.528583e+00,-2.676705e+00,-2.803063e+00,2.040218e-01,2.676593e-01,-2.794769e+00,-2.338799e+00,-2.176052e+00,-2.028822e+00,-1.967906e+00,-1.950390e+00,-1.985972e+00,-1.999433e+00,-2.093045e+00,-2.207460e+00,-2.320555e+00,-2.362408e+00,-2.451536e+00,-2.513251e+00,-2.553116e+00,-2.563896e+00,-2.573376e+00,
-2.617239e+00,-2.632701e+00,-2.713553e+00,-2.827152e+00,1.553226e-02,-2.759743e-01,-4.453112e-01,-5.105075e-01,-5.140528e-01,-5.099255e-01,-4.514624e-01,-3.884420e-01,-8.661199e-02,-2.558820e+00,-2.092521e+00,-2.062664e+00,-2.064814e+00,-2.056708e+00,-2.065619e+00,-2.061209e+00,-2.078306e+00,-2.121856e+00,-2.244780e+00,-2.322162e+00,-2.531478e+00,-2.633815e+00,-2.673581e+00,-2.666661e+00,-2.642961e+00,-2.625778e+00,-2.625892e+00,
-2.928388e+00,-2.921777e+00,-2.935612e+00,-2.920401e+00,1.972561e-01,-2.996788e+00,-3.071032e+00,-7.119679e-02,-2.270881e-01,-2.264918e-01,-1.418475e-01,-2.975215e+00,-2.531813e+00,9.433755e-01,1.095474e+00,1.106749e+00,1.135965e+00,1.129698e+00,1.104085e+00,1.133142e+00,1.135447e+00,1.136429e+00,1.086093e+00,9.884771e-01,7.669219e-01,5.508784e-01,4.063416e-01,3.011686e-01,-2.900131e+00,-2.917304e+00,-2.920754e+00,
-2.921241e+00,-2.915665e+00,-2.923939e+00,-2.991524e+00,1.738214e-02,-1.591997e-01,-3.030903e-01,-2.651196e-01,-1.557378e-01,-3.071791e+00,-2.926710e+00,-2.557464e+00,9.273936e-01,1.072476e+00,1.089422e+00,1.091341e+00,1.095024e+00,1.115784e+00,1.094464e+00,1.095473e+00,1.071974e+00,9.326238e-01,8.116795e-01,5.631706e-01,3.304132e-01,2.357363e-01,-2.940584e+00,-2.964541e+00,-2.970478e+00,-2.965688e+00,
-2.560677e+00,-2.557034e+00,-2.545035e+00,-2.513561e+00,-2.512097e+00,-2.554127e+00,-2.606622e+00,-2.727463e+00,-2.665602e+00,-2.591121e+00,-2.344784e+00,-2.160357e+00,-2.090232e+00,-2.120503e+00,-2.265928e+00,-2.401516e+00,-2.645017e+00,-2.781413e+00,-2.677775e+00,-2.463483e+00,-2.327502e+00,-2.173639e+00,-2.142657e+00,-2.178455e+00,-2.319498e+00,-2.540358e+00,-2.719693e+00,-2.731545e+00,-2.712779e+00,-2.641306e+00,-2.582393e+00,-2.565524e+00,-2.547061e+00,
-2.564545e+00,-2.560661e+00,-2.582322e+00,-2.653497e+00,-2.715306e+00,2.161051e-01,2.139512e-01,-2.692976e+00,-2.392776e+00,-2.167411e+00,-2.087369e+00,-2.085722e+00,-2.211402e+00,-2.345119e+00,-2.642155e+00,2.204643e-01,1.827323e-01,-2.805721e+00,-2.535179e+00,-2.322797e+00,-2.158443e+00,-2.138736e+00,-2.135166e+00,-2.212465e+00,-2.292497e+00,-2.359235e+00,-2.461280e+00,-2.453265e+00,-2.472807e+00,-2.508171e+00,-2.542717e+00,-2.569095e+00,
-2.482206e+00,-2.458375e+00,-2.522176e+00,-2.615376e+00,-2.831959e+00,9.069252e-02,7.507086e-03,6.128228e-02,-2.820147e+00,-2.480930e+00,-2.353082e+00,-2.119762e+00,-2.053991e+00,-2.077864e+00,-2.246025e+00,-2.576400e+00,-2.743788e+00,1.995246e-01,2.484881e-01,-2.624551e+00,-2.360451e+00,-2.233753e+00,-2.106151e+00,-2.091271e+00,-2.159255e+00,-2.291164e+00,-2.348633e+00,-2.468903e+00,-2.540285e+00,-2.558432e+00,-2.586484e+00,
-2.554781e+00,-2.563478e+00,-2.583064e+00,-2.655190e+00,-2.691070e+00,-2.847607e+00,2.619830e-01,-2.697075e+00,-2.453083e+00,-2.322581e+00,-2.141983e+00,-2.085961e+00,-2.197994e+00,-2.441406e+00,-2.586384e+00,-2.823242e+00,-2.849610e+00,-2.701051e+00,-2.367775e+00,-2.227875e+00,-2.198150e+00,-2.270650e+00,-2.355185e+00,-2.459002e+00,-2.674088e+00,-2.859028e+00,-2.838509e+00,-2.756974e+00,-2.567744e+00,-2.349668e+00,-2.231452e+00,-2.231386e+00,-2.333517e+00,-2.523310e+00,-2.616386e+00,-2.793886e+00,-2.771926e+00,-2.729962e+00,-2.666391e+00,-2.595919e+00,-2.582835e+00,-2.555662e+00,
-2.529974e+00,-2.524983e+00,-2.528581e+00,-2.553204e+00,-2.646962e+00,-2.720442e+00,-2.757717e+00,-2.709402e+00,-2.595744e+00,-2.221037e+00,-2.062408e+00,-1.921521e+00,-1.940343e+00,-1.965552e+00,-2.024055e+00,-2.096494e+00,-2.145055e+00,-2.257517e+00,-2.339442e+00,-2.429951e+00,-2.449965e+00,-2.499784e+00,-2.531710e+00,-2.543293e+00,-2.533748e+00,-2.529220e+00,
-2.893278e+00,-2.890596e+00,-2.899505e+00,-2.917131e+00,-2.975610e+00,2.178335e-02,-5.224848e-02,-1.286798e-01,-1.891935e-01,-2.347558e-01,-7.047665e-02,-3.030824e+00,-2.880414e+00,-2.671803e+00,-2.484527e+00,-2.329409e+00,-2.204562e+00,-2.152838e+00,-2.127646e+00,-2.104291e+00,1.036048e+00,-2.096117e+00,-2.096878e+00,-2.096827e+00,-2.175420e+00,-2.293343e+00,-2.409850e+00,5.566553e-01,3.740685e-01,2.767065e-01,-2.905638e+00,-2.920478e+00,
-2.546600e+00,-2.567053e+00,-2.575530e+00,-2.650930e+00,-2.766185e+00,-2.812044e+00,-2.726613e+00,-2.521977e+00,-2.183691e+00,-2.084986e+00,-2.028237e+00,-2.034832e+00,-2.071195e+00,-2.077353e+00,-2.090613e+00,-2.116335e+00,-2.151933e+00,-2.290987e+00,-2.370803e+00,-2.428255e+00,-2.481862e+00,-2.522805e+00,-2.539260e+00,-2.539978e+00,-2.539403e+00,
-2.931954e+00,-2.922432e+00,-2.912842e+00,-2.973949e+00,-3.075344e+00,-6.102848e-02,-1.595783e-01,-1.649501e-01,-1.029270e-01,-3.034351e+00,-2.726965e+00,-2.383043e+00,-2.165431e+00,1.102639e+00,1.117198e+00,1.106042e+00,1.112593e+00,1.052543e+00,9.448627e-01,6.866730e-01,4.504594e-01,2.523398e-01,2.279669e-01,1.934221e-01,1.451985e-01,2.011886e-01,
-2.513611e+00,-2.483848e+00,-2.525774e+00,-2.567409e+00,-2.728099e+00,2.635469e-01,-2.811007e+00,-2.678518e+00,-2.463549e+00,-2.237357e+00,-2.165340e+00,-2.172150e+00,-2.352216e+00,-2.478181e+00,-2.709435e+00,-2.812065e+00,-2.680432e+00,-2.492263e+00,-2.287127e+00,-2.167443e+00,-2.160403e+00,-2.215583e+00,-2.277463e+00,-2.405617e+00,-2.441472e+00,-2.515165e+00,-2.538915e+00,-2.560030e+00,
-2.552452e+00,-2.523151e+00,-2.519320e+00,-2.551176e+00,-2.491321e+00,-2.497246e+00,-2.440101e+00,-2.318177e+00,-2.125015e+00,-2.050229e+00,-2.072042e+00,-2.226917e+00,-2.473518e+00,-2.797672e+00,1.887188e-01,2.366245e-01,-2.672083e+00,-2.453519e+00,-2.256721e+00,-2.176795e+00,-2.080914e+00,-2.058402e+00,-2.109076e+00,-2.265890e+00,-2.367802e+00,-2.602410e+00,-2.663797e+00,-2.657637e+00,-2.629275e+00,-2.585083e+00,-2.585056e+00,-2.589730e+00,-2.586540e+00,-2.580585e+00,-2.572521e+00,
-2.620896e+00,-2.622188e+00,-2.615766e+00,-2.588280e+00,-2.546196e+00,-2.567400e+00,-2.598995e+00,-2.633626e+00,-2.678241e+00,-2.542664e+00,-2.490619e+00,-2.590013e+00,-2.578037e+00,-2.760484e+00,-2.581037e+00,-2.722139e+00,-2.725623e+00,-2.725991e+00,-2.729763e+00,-2.706383e+00,-2.657463e+00,-2.667247e+00,-2.640487e+00,-2.632931e+00,-2.612580e+00,-2.607268e+00,-2.616914e+00,-2.644212e+00,
-2.588976e+00,-2.589874e+00,-2.489111e+00,-2.504109e+00,-2.461823e+00,-2.347142e+00,-2.324000e+00,-2.235985e+00,-2.194481e+00,-2.194122e+00,-2.208097e+00,-2.376407e+00,-2.334179e+00,-2.265523e+00,-2.276451e+00,-2.319820e+00,-2.316989e+00,-2.305655e+00,-2.329637e+00,-2.277283e+00,-2.266287e+00,-2.253291e+00,-2.226646e+00,-2.204093e+00,-2.205636e+00,-2.277612e+00,-2.356168e+00,-2.414383e+00,-2.458094e+00,-2.516454e+00,-2.526296e+00,-2.513564e+00,-2.547042e+00,-2.560807e+00,-2.559781e+00,
-2.528820e+00,-2.464883e+00,-2.471358e+00,-2.478420e+00,-2.392141e+00,-2.338805e+00,-2.270863e+00,-2.301334e+00,-2.215537e+00,-2.195545e+00,-2.230190e+00,-2.242149e+00,-2.308341e+00,-2.304501e+00,-2.315319e+00,-2.306403e+00,-2.294351e+00,-2.289982e+00,-2.285849e+00,-2.299613e+00,-2.295399e+00,-2.293758e+00,-2.307259e+00,-2.309981e+00,-2.304996e+00,-2.296283e+00,-2.346297e+00,-2.373106e+00,-2.481647e+00,-2.566447e+00,-2.579670e+00,-2.623428e+00,-2.609880e+00,
-2.619161e+00,-2.601174e+00,-2.533958e+00,-2.494494e+00,-2.495608e+00,-2.361613e+00,-2.297503e+00,-2.222593e+00,-2.239449e+00,-2.266235e+00,-2.288748e+00,-2.287284e+00,-2.263168e+00,-2.292481e+00,-2.294697e+00,-2.326714e+00,-2.347886e+00,-2.436489e+00,-2.487237e+00,-2.525251e+00,-2.550818e+00,-2.587545e+00,-2.617316e+00,-2.625465e+00,-2.626300e+00,-2.626701e+00,-2.621238e+00,
-2.585038e+00,-2.557341e+00,-2.439660e+00,-2.478852e+00,-2.252825e+00,-2.157662e+00,-2.110121e+00,-2.100395e+00,-2.090888e+00,-2.122188e+00,-2.132098e+00,-2.218186e+00,-2.269568e+00,-2.363633e+00,-2.388141e+00,-2.518177e+00,-2.558472e+00,
-2.590643e+00,-2.627631e+00,-2.641524e+00,-2.694518e+00,-2.793322e+00,2.555826e-01,2.266952e-01,1.823667e-01,1.216501e-01,5.383062e-02,-3.472745e-02,-1.561761e-02,-5.381083e-02,-9.161687e-02,-1.078204e-01,-1.213936e-01,-1.157569e-01,-1.095634e-01,-1.074500e-01,-1.115700e-01,-1.051941e-01,-1.008843e-01,-1.063490e-01,-1.062435e-01,-1.013834e-01,-7.303441e-02,-3.034413e-02,6.811416e-02,9.604871e-02,-2.854077e+00,-2.766050e+00,-2.688363e+00,-2.625350e+00,-2.602087e+00,-2.567954e+00,
-2.553957e+00,-2.556317e+00,-2.550549e+00,-2.540060e+00,-2.449384e+00,-2.315686e+00,-2.325407e+00,-2.297021e+00,-2.133847e+00,-2.026410e+00,-1.997722e+00,-1.986024e+00,-2.033479e+00,-2.139637e+00,-2.190468e+00,-2.252450e+00,-2.315013e+00,-2.398238e+00,-2.442704e+00,-2.481913e+00,-2.511511e+00,
-2.560157e+00,-2.560386e+00,-2.546449e+00,-2.462604e+00,-2.430083e+00,-2.329341e+00,-2.214966e+00,-2.098757e+00,-2.057606e+00,-2.012232e+00,-2.045344e+00,-2.070659e+00,-2.153469e+00,-2.241068e+00,-2.301701e+00,-2.347734e+00,-2.407725e+00,-2.502491e+00,-2.531940e+00,-2.548981e+00,
-2.550620e+00,-2.553792e+00,-2.552820e+00,-2.527693e+00,-2.420915e+00,-2.344902e+00,-2.296522e+00,-2.271699e+00,-2.140782e+00,-2.079798e+00,-2.056775e+00,-2.047799e+00,-2.065820e+00,-2.165287e+00,-2.244327e+00,-2.327894e+00,-2.395342e+00,-2.495613e+00,-2.509397e+00,
-2.649505e+00,-2.602395e+00,-2.528449e+00,-2.416806e+00,-2.368678e+00,-2.301176e+00,-2.230953e+00,-2.068209e+00,-2.442485e+00,-2.290685e+00,-2.382227e+00,-2.346526e+00,-2.350435e+00,-2.330830e+00,-2.335818e+00,-2.508376e+00,-2.570071e+00,-2.601663e+00,-2.646798e+00,-2.599712e+00,-2.671869e+00,-2.664769e+00,-2.646715e+00,
-2.625059e+00,-2.605133e+00,-2.577237e+00,-2.621800e+00,-2.465937e+00,-2.389816e+00,-2.467916e+00,-2.383942e+00,-2.535488e+00,-2.447207e+00,-2.430588e+00,-2.397830e+00,-2.389131e+00,-2.391152e+00,-2.555767e+00,-2.551215e+00,-2.545623e+00,-2.573449e+00,-2.562416e+00,-2.622579e+00,-2.624268e+00,-2.626869e+00,-2.618419e+00,-2.611698e+00,-2.605227e+00,-2.608304e+00,-2.609939e+00,-2.618659e+00,-2.629872e+00,-2.631108e+00,-2.638631e+00,-2.637356e+00,-2.635773e+00,-2.629859e+00,
-2.541632e+00,-2.563660e+00,-2.556742e+00,-2.491136e+00,-2.478441e+00,-2.404806e+00,-2.357280e+00,-2.344909e+00,-2.365890e+00,-2.415701e+00,-2.518072e+00,-2.530309e+00,-2.548553e+00,-2.560085e+00,-2.546762e+00,-2.560873e+00,-2.562135e+00,-2.553855e+00,-2.543066e+00,-2.566782e+00,-2.544802e+00,-2.562184e+00,-2.568914e+00,-2.553468e+00,-2.557050e+00,-2.572154e+00,-2.587135e+00,-2.573254e+00,-2.592272e+00,-2.613482e+00,-2.633128e+00,-2.613433e+00,-2.623901e+00,-2.658824e+00,-2.642064e+00,-2.637068e+00,-2.652875e+00,-2.723424e+00,-2.678648e+00,-2.662625e+00,-2.648059e+00,-2.639263e+00,-2.619130e+00,
-2.592881e+00,-2.591797e+00,-2.599344e+00,-2.579682e+00,-2.487388e+00,-2.464312e+00,-2.455248e+00,-2.492301e+00,-2.678405e+00,-2.483656e+00,-2.500860e+00,-2.493645e+00,-2.466469e+00,-2.477114e+00,-2.456672e+00,-2.508969e+00,-2.723979e+00,-2.710317e+00,-2.715924e+00,-2.670693e+00,-2.615711e+00,-2.603516e+00,-2.628039e+00,-2.611782e+00,-2.600209e+00,-2.595421e+00,-2.613089e+00,-2.619122e+00,
-2.571339e+00,-2.554187e+00,-2.527569e+00,-2.460048e+00,-2.416248e+00,-2.367799e+00,-2.313677e+00,-2.163865e+00,-2.041947e+00,-1.998282e+00,-2.004964e+00,-1.979316e+00,-1.962804e+00,-1.975572e+00,-2.013751e+00,-2.019068e+00,-2.023915e+00,-2.027062e+00,-2.025241e+00,-2.070652e+00,-2.067544e+00,-2.086727e+00,-2.169836e+00,-2.235786e+00,-2.383889e+00,-2.497081e+00,-2.565235e+00,
-2.853550e+00,3.681014e-01,4.973967e-01,6.026458e-01,6.251754e-01,6.512075e-01,6.268945e-01,-2.510082e+00,6.103992e-01,6.091929e-01,-2.517210e+00,-2.555218e+00,-2.583364e+00,-2.599720e+00,-2.580481e+00,-2.587597e+00,-2.590903e+00,-2.616644e+00,-2.678895e+00,-2.707047e+00,3.452232e-01,2.814506e-01,2.514516e-01,
3.117086e-01,3.998646e-01,5.388780e-01,-2.503668e+00,-2.416736e+00,-2.511148e+00,-2.553968e+00,-2.590683e+00,-2.587846e+00,-2.533685e+00,-2.523913e+00,-2.545654e+00,-2.546271e+00,-2.533044e+00,-2.541886e+00,-2.551907e+00,-2.564882e+00,-2.573349e+00,-2.610497e+00,-2.676534e+00,-2.757716e+00,-2.833476e+00,-2.881538e+00,
-2.826759e+00,4.483238e-01,-2.545852e+00,-2.523296e+00,-2.479252e+00,-2.489848e+00,-2.516165e+00,-2.529917e+00,-2.512936e+00,-2.455462e+00,-2.493722e+00,-2.512417e+00,-2.505733e+00,-2.497215e+00,-2.516893e+00,-2.510208e+00,-2.511701e+00,-2.516725e+00,-2.519395e+00,-2.494459e+00,-2.524783e+00,6.546065e-01,5.000317e-01,3.988868e-01,3.028053e-01,2.425125e-01,
-2.521809e+00,-2.507052e+00,-2.488472e+00,-2.447681e+00,-2.384769e+00,-2.367514e+00,-2.371553e+00,-2.351395e+00,-2.324550e+00,-2.300622e+00,-2.302898e+00,-2.298339e+00,-2.307450e+00,-2.296655e+00,-2.305989e+00,-2.297976e+00,-2.300317e+00,-2.300524e+00,-2.300548e+00,-2.290259e+00,-2.288827e+00,-2.337554e+00,-2.334935e+00,-2.369236e+00,-2.401222e+00,-2.442282e+00,-2.459868e+00,-2.493527e+00,
-2.509554e+00,-2.460010e+00,-2.416879e+00,-2.287328e+00,-2.198220e+00,-2.072127e+00,-1.994637e+00,-1.910452e+00,-1.856205e+00,-1.847502e+00,-1.886603e+00,-1.894313e+00,-1.867093e+00,-1.899383e+00,-1.912000e+00,-1.915182e+00,-1.908478e+00,-1.977334e+00,-2.134634e+00,-2.200476e+00,-2.282756e+00,-2.420557e+00,-2.450358e+00,-2.495621e+00,-2.523918e+00,-2.545980e+00,
-2.532011e+00,-2.531339e+00,-2.515961e+00,-2.462259e+00,-2.388976e+00,-2.338099e+00,-2.288188e+00,-2.177701e+00,-2.078521e+00,-1.988134e+00,-1.957740e+00,-1.971308e+00,-2.033007e+00,-2.099400e+00,-2.112824e+00,-2.194434e+00,-2.270287e+00,-2.315792e+00,-2.415644e+00,-2.477239e+00,-2.516664e+00,
-2.509153e+00,-2.425851e+00,-2.306340e+00,-2.143773e+00,-2.020523e+00,-1.925863e+00,-1.920494e+00,-1.891287e+00,-1.898763e+00,-1.923522e+00,-1.939190e+00,-1.932471e+00,-1.894204e+00,-1.897957e+00,-1.900303e+00,-1.913561e+00,-1.924123e+00,-1.934116e+00,-1.972281e+00,-2.048849e+00,-2.123338e+00,-2.191269e+00,-2.277956e+00,-2.427822e+00,-2.457635e+00,-2.516805e+00,-2.553672e+00,
-2.800839e+00,-2.758300e+00,-2.704709e+00,-2.643231e+00,-2.624646e+00,-2.671249e+00,-2.712687e+00,-2.747068e+00,-2.757080e+00,-2.798365e+00,-2.822728e+00,-2.845291e+00,-2.834969e+00,-2.823032e+00,-2.842926e+00,-2.824467e+00,-2.818287e+00,-2.817027e+00,-2.817334e+00,-2.849737e+00,-2.838858e+00,2.861525e-01,2.346965e-01,
-2.513749e+00,-2.487057e+00,-2.438885e+00,-2.374081e+00,-2.317878e+00,-2.288952e+00,-2.212440e+00,-2.176063e+00,-2.149279e+00,-2.167925e+00,-2.155714e+00,-2.157088e+00,-2.153629e+00,-2.151161e+00,-2.146617e+00,-2.142406e+00,-2.138055e+00,-2.139786e+00,-2.159386e+00,-2.243838e+00,-2.315743e+00,-2.382605e+00,-2.431274e+00,-2.447668e+00,-2.480671e+00,-2.508220e+00,-2.517902e+00,
-2.867191e+00,3.315452e-01,5.027690e-01,5.479245e-01,5.797865e-01,6.467739e-01,6.236811e-01,5.905825e-01,5.376737e-01,5.414953e-01,-2.553292e+00,-2.550951e+00,-2.588501e+00,-2.576138e+00,-2.575882e+00,-2.594494e+00,-2.594512e+00,-2.593539e+00,-2.578042e+00,-2.607831e+00,-2.614904e+00,-2.595573e+00,-2.567539e+00,5.764931e-01,5.981537e-01,3.788896e-01,3.377941e-01,-2.850394e+00,
-2.519780e+00,-2.486081e+00,-2.468912e+00,-2.413954e+00,-2.324883e+00,-2.328387e+00,-2.341082e+00,-2.354624e+00,-2.353233e+00,-2.355494e+00,-2.347068e+00,-2.360098e+00,-2.351092e+00,-2.344544e+00,-2.335622e+00,-2.323951e+00,-2.321234e+00,-2.319514e+00,-2.360023e+00,-2.398509e+00,-2.405719e+00,-2.458847e+00,-2.474207e+00,
-2.388176e+00,-2.405476e+00,-2.376960e+00,-2.334846e+00,-2.322040e+00,-2.277201e+00,-2.208043e+00,-2.155473e+00,-2.130593e+00,-2.073328e+00,-2.072087e+00,-2.121519e+00,-2.141657e+00,-2.179871e+00,-2.186819e+00,-2.198512e+00,-2.260894e+00,-2.311121e+00,
-2.529808e+00,-2.451714e+00,-2.428638e+00,-2.288637e+00,-2.315536e+00,-2.238590e+00,-2.195463e+00,-2.175716e+00,-2.172647e+00,-2.193017e+00,-2.238907e+00,-2.289481e+00,-2.275602e+00,-2.328943e+00,-2.409423e+00,-2.488585e+00,-2.533112e+00,
-2.480187e+00,-2.465415e+00,-2.429926e+00,-2.404679e+00,-2.381332e+00,-2.398320e+00,-2.408822e+00,-2.390500e+00,-2.385636e+00,-2.390362e+00,-2.381059e+00,-2.368719e+00,-2.367335e+00,-2.367620e+00,-2.364440e+00,-2.364345e+00,-2.365856e+00,-2.360884e+00,-2.361363e+00,-2.353948e+00,-2.352025e+00,-2.358663e+00,-2.401547e+00,-2.440667e+00,-2.442815e+00,-2.464007e+00,-2.476039e+00,
-2.626597e+00,-2.603738e+00,-2.559830e+00,-2.552977e+00,-2.464987e+00,-2.359779e+00,-2.244082e+00,-2.279006e+00,-2.345101e+00,-2.332618e+00,-2.360807e+00,-2.357983e+00,-2.340153e+00,-2.332195e+00,-2.372088e+00,-2.404458e+00,-2.484669e+00,-2.561122e+00,-2.572629e+00,-2.592101e+00,-2.594650e+00,-2.600930e+00,-2.602568e+00,-2.603772e+00,-2.615739e+00,-2.615921e+00,
-2.581765e+00,-2.510030e+00,-2.495553e+00,-2.427634e+00,-2.351540e+00,-2.199418e+00,-2.169087e+00,-2.170083e+00,-2.276970e+00,-2.279427e+00,-2.234097e+00,-2.176467e+00,-2.202275e+00,-2.187240e+00,-2.235338e+00,-2.278683e+00,-2.374009e+00,-2.491409e+00,-2.513357e+00,-2.563336e+00,-2.613945e+00,-2.619137e+00,
-2.534175e+00,-2.496395e+00,-2.438025e+00,-2.403461e+00,-2.354194e+00,-2.338628e+00,-2.317177e+00,-2.307598e+00,-2.314971e+00,-2.314751e+00,-2.310218e+00,-2.310126e+00,-2.312559e+00,-2.293764e+00,-2.298402e+00,-2.300604e+00,-2.297181e+00,-2.327762e+00,-2.347905e+00,-2.397179e+00,-2.437440e+00,-2.441036e+00,-2.451770e+00,-2.482289e+00,-2.505354e+00,
-2.510092e+00,-2.429439e+00,-2.307291e+00,-2.215579e+00,-2.195000e+00,-2.101842e+00,-2.064696e+00,-2.022126e+00,-2.015299e+00,-2.007537e+00,-2.023612e+00,-2.021239e+00,-2.001224e+00,-2.011511e+00,-2.014964e+00,-2.013003e+00,-2.015815e+00,-2.005866e+00,-2.043868e+00,-2.128568e+00,-2.225986e+00,-2.338399e+00,-2.364714e+00,-2.442091e+00,-2.488637e+00,-2.504997e+00,-2.536518e+00,-2.565782e+00,
-2.552909e+00,-2.536290e+00,-2.409059e+00,-2.370143e+00,-2.316019e+00,-2.242023e+00,-2.187585e+00,-2.103255e+00,-2.087564e+00,-2.080094e+00,-2.058015e+00,-2.069925e+00,-2.101710e+00,-2.130961e+00,-2.221442e+00,-2.303849e+00,-2.343984e+00,-2.448340e+00,-2.473931e+00,-2.516155e+00,
-2.487317e+00,-2.456634e+00,-2.360788e+00,-2.202798e+00,-2.113282e+00,-2.056975e+00,-1.955284e+00,-1.892928e+00,-1.874862e+00,-1.850111e+00,-1.858475e+00,-1.852199e+00,-1.850793e+00,-1.837688e+00,-1.835386e+00,-1.834930e+00,-1.816410e+00,-1.808332e+00,-1.857873e+00,-1.936889e+00,-1.949529e+00,-2.039674e+00,-2.191356e+00,-2.297875e+00,-2.411466e+00,-2.463595e+00,-2.489968e+00,-2.521586e+00,-2.544781e+00,
-2.562907e+00,-2.565141e+00,-2.559578e+00,-2.553321e+00,-2.492050e+00,-2.463538e+00,-2.435287e+00,-2.370786e+00,-2.256534e+00,-2.166529e+00,-2.146932e+00,-2.107608e+00,-2.071347e+00,-2.043948e+00,-2.064620e+00,-2.083964e+00,-2.056874e+00,-2.064227e+00,-2.062046e+00,-2.058019e+00,-2.055891e+00,-2.067955e+00,-2.059469e+00,-2.053532e+00,-2.053344e+00,-2.055493e+00,-2.084569e+00,-2.095216e+00,-2.131104e+00,-2.161095e+00,-2.228055e+00,-2.305779e+00,-2.431152e+00,-2.478673e+00,-2.559276e+00,-2.572145e+00,
-2.536793e+00,-2.513313e+00,-2.428998e+00,-2.284278e+00,-2.289629e+00,-2.278183e+00,-2.145936e+00,-2.055652e+00,-1.989985e+00,-1.973185e+00,-1.979763e+00,-2.014729e+00,-2.043010e+00,-2.092259e+00,-2.176559e+00,-2.245064e+00,-2.308424e+00,-2.439517e+00,-2.503967e+00,-2.533095e+00,
-2.620001e+00,-2.554039e+00,-2.476995e+00,-2.403047e+00,-2.328536e+00,-2.428903e+00,-2.635030e+00,-2.666214e+00,-2.559948e+00,-2.807490e+00,-2.780833e+00,-2.762530e+00,-2.733265e+00,-2.658620e+00,-2.598246e+00,-2.536595e+00,-2.504420e+00,-2.556529e+00,-2.598801e+00,-2.636691e+00,-2.655233e+00,-2.655443e+00,-2.653666e+00,
-2.551231e+00,-2.499001e+00,-2.393914e+00,-2.324285e+00,-2.244999e+00,-2.094432e+00,-2.024396e+00,-2.019776e+00,-2.025766e+00,-2.040628e+00,-2.093382e+00,-2.163192e+00,-2.230559e+00,-2.272569e+00,-2.344788e+00,-2.362132e+00,-2.487139e+00,
-2.531274e+00,-2.527174e+00,-2.521481e+00,-2.450975e+00,-2.396602e+00,-2.395792e+00,-2.407422e+00,-2.435382e+00,-2.472708e+00,-2.519601e+00,-2.546176e+00,-2.582548e+00,-2.610963e+00,-2.639318e+00,-2.656518e+00,-2.656108e+00,-2.669037e+00,-2.670826e+00,-2.653376e+00,-2.664990e+00,-2.666731e+00,-2.666556e+00,-2.665613e+00,-2.663726e+00,-2.639697e+00,-2.623136e+00,-2.611691e+00,-2.593535e+00,-2.608273e+00,-2.610053e+00,-2.620018e+00,-2.617269e+00,-2.626518e+00,-2.591164e+00,-2.569210e+00,
-2.628541e+00,-2.635465e+00,-2.617948e+00,-2.578103e+00,-2.486203e+00,-2.446399e+00,-2.566537e+00,-2.932826e+00,-7.067692e-02,-4.025242e-01,-3.351160e-01,-3.086004e-01,-3.077267e-01,-3.063563e-01,-3.118619e-01,-3.115355e-01,-3.021358e-01,-3.200963e-01,-2.986438e-01,-7.678032e-03,-2.930884e+00,-2.793953e+00,-2.750569e+00,-2.686007e+00,
-2.625524e+00,-2.629339e+00,-2.617466e+00,-2.556814e+00,-2.399203e+00,-2.348398e+00,-2.239707e+00,-2.172931e+00,-2.136493e+00,-2.107841e+00,-1.799880e+00,-2.154356e+00,-2.193740e+00,-2.197390e+00,-2.192218e+00,-2.172232e+00,-2.144529e+00,-2.122561e+00,-2.098968e+00,-2.066487e+00,-2.178345e+00,-2.271435e+00,-2.309784e+00,-2.356350e+00,-2.470753e+00,-2.536394e+00,-2.592403e+00,-2.605387e+00,
-2.522151e+00,-2.509879e+00,-2.467238e+00,-2.432472e+00,-2.412251e+00,-2.289385e+00,-2.235552e+00,-2.197137e+00,-2.184854e+00,-2.143635e+00,-2.096115e+00,-2.062708e+00,-1.985445e+00,-2.006240e+00,-2.005435e+00,-1.985257e+00,-2.006502e+00,-1.991259e+00,-1.975644e+00,-1.978771e+00,-1.982172e+00,-1.987491e+00,-2.003135e+00,-2.029047e+00,-1.998698e+00,-2.018655e+00,-2.148861e+00,-2.204094e+00,-2.325524e+00,-2.362410e+00,-2.466932e+00,-2.550237e+00,-2.587852e+00,
-2.543230e+00,-2.541430e+00,-2.546307e+00,-2.533720e+00,-2.578324e+00,-2.613241e+00,-2.596386e+00,-2.588912e+00,-2.506077e+00,-2.417046e+00,-2.277279e+00,-2.248692e+00,-2.204006e+00,-2.232896e+00,-2.262320e+00,-2.323342e+00,-2.323246e+00,-2.338077e+00,-2.336193e+00,-2.352179e+00,-2.350242e+00,-2.352057e+00,-2.343361e+00,-2.347741e+00,-2.352707e+00,-2.345383e+00,-2.363386e+00,-2.401313e+00,-2.387189e+00,-2.387088e+00,-2.373881e+00,-2.380905e+00,-2.380436e+00,-2.421198e+00,-2.444426e+00,-2.452655e+00,-2.497998e+00,-2.542129e+00,-2.567526e+00,-2.583859e+00,
-2.854923e+00,3.782102e-01,5.536590e-01,5.797731e-01,5.973201e-01,6.053000e-01,5.845805e-01,5.671308e-01,5.269085e-01,5.034584e-01,4.951259e-01,4.076008e-01,3.754047e-01,3.187743e-01,3.263988e-01,3.269840e-01,3.289078e-01,3.141596e-01,2.997193e-01,2.914733e-01,2.607979e-01,2.581848e-01,
-2.610260e+00,-2.544835e+00,-2.492486e+00,-2.423039e+00,-2.452536e+00,-2.583481e+00,-2.668010e+00,-2.483151e+00,-2.502910e+00,-2.750708e+00,-2.713608e+00,-2.449593e+00,-2.652308e+00,-2.698017e+00,-2.550906e+00,-2.522445e+00,-2.538162e+00,-2.562908e+00,-2.590977e+00,-2.606642e+00,-2.621235e+00,-2.622821e+00,-2.625977e+00,-2.626301e+00,-2.621562e+00,-2.628094e+00,-2.620912e+00,-2.622912e+00,
-2.502455e+00,-2.475178e+00,-2.419629e+00,-2.361094e+00,-2.330572e+00,-2.303714e+00,-2.260985e+00,-2.207595e+00,-2.202340e+00,-2.202100e+00,-2.202464e+00,-2.206647e+00,-2.218517e+00,-2.205841e+00,-2.202685e+00,-2.223516e+00,-2.233807e+00,-2.241183e+00,-2.290820e+00,-2.320520e+00,-2.368718e+00,-2.413435e+00,-2.451378e+00,
-2.517113e+00,-2.487415e+00,-2.455755e+00,-2.359551e+00,-2.334916e+00,-2.275427e+00,-2.277831e+00,-2.265563e+00,-2.265700e+00,-2.270567e+00,-2.270797e+00,-2.272383e+00,-2.256626e+00,-2.257112e+00,-2.256330e+00,-2.251670e+00,-2.260453e+00,-2.309649e+00,-2.321432e+00,-2.394135e+00,-2.439104e+00,-2.469973e+00,-2.496498e+00,
-2.463012e+00,-2.389855e+00,-2.312596e+00,-2.152963e+00,-1.998763e+00,-1.942053e+00,-2.010620e+00,-2.040931e+00,-2.067489e+00,-2.079232e+00,-2.102842e+00,-2.161038e+00,-2.226451e+00,-2.221674e+00,-2.196845e+00,-2.181777e+00,-2.179562e+00,-2.198838e+00,-2.185813e+00,-2.168118e+00,-2.166739e+00,-2.185456e+00,-2.206552e+00,-2.266229e+00,-2.386564e+00,-2.489639e+00,-2.545660e+00,-2.574562e+00,-2.579279e+00,-2.595097e+00,
-2.541208e+00,-2.475981e+00,-2.367009e+00,-2.180446e+00,-2.088484e+00,-2.001991e+00,-1.921867e+00,-1.873733e+00,-1.844322e+00,-1.856679e+00,-1.853552e+00,-1.857084e+00,-1.853495e+00,-1.831944e+00,-1.851165e+00,-1.861492e+00,-1.889376e+00,-1.985437e+00,-2.037974e+00,-2.239318e+00,-2.419683e+00,-2.493419e+00,-2.539980e+00,-2.551202e+00,
-2.966567e+00,1.451079e-01,-2.989523e+00,-2.997828e+00,-2.982454e+00,-3.011351e+00,-3.003858e+00,1.247402e-01,-3.015806e+00,-3.018288e+00,1.255742e-01,1.158382e-01,-3.014429e+00,-3.023364e+00,-3.022388e+00,-3.016881e+00,-3.038203e+00,-3.050510e+00,-3.070692e+00,-3.035463e+00,-2.825040e+00,-2.672549e+00,5.722038e-01,6.492876e-01,7.078069e-01,7.157181e-01,6.552964e-01,6.116066e-01,-2.522443e+00,-2.525729e+00,-2.527519e+00,-2.535645e+00,-2.526479e+00,-2.527308e+00,6.680167e-01,5.979940e-01,4.117008e-01,3.649579e-01,2.560306e-01,
-2.511875e+00,-2.484402e+00,-2.389263e+00,-2.317286e+00,-2.299803e+00,-2.306392e+00,-2.295667e+00,-2.299962e+00,-2.302354e+00,-2.307775e+00,-2.312525e+00,-2.302740e+00,-2.311908e+00,-2.305805e+00,-2.297685e+00,-2.287604e+00,-2.300330e+00,-2.307365e+00,-2.333460e+00,-2.323615e+00,-2.381817e+00,-2.416242e+00,-2.440955e+00,
-2.546202e+00,-2.536912e+00,-2.436123e+00,-2.460895e+00,-2.361040e+00,-2.306023e+00,-2.268141e+00,-2.296891e+00,-2.338133e+00,-2.359918e+00,-2.342535e+00,-2.371628e+00,-2.316425e+00,-2.315824e+00,-2.347530e+00,-2.327169e+00,-2.330497e+00,-2.345599e+00,-2.342072e+00,-2.347421e+00,-2.340035e+00,-2.316164e+00,-2.302287e+00,-2.260690e+00,-2.266648e+00,-2.250378e+00,-2.239266e+00,-2.280411e+00,-2.362505e+00,-2.445876e+00,-2.524718e+00,-2.582298e+00,-2.577200e+00,-2.538254e+00,-2.526894e+00,-2.503119e+00,-2.531574e+00,-2.544950e+00,-2.558056e+00,
-2.552185e+00,-2.501459e+00,-2.425476e+00,-2.374829e+00,-2.241157e+00,-2.060056e+00,-1.939838e+00,-1.893760e+00,-1.853608e+00,-1.764376e+00,-1.717242e+00,-1.729450e+00,-1.706447e+00,-1.704561e+00,-1.738828e+00,-1.747975e+00,-1.762937e+00,-1.814249e+00,-1.887982e+00,-1.961104e+00,-2.126341e+00,-2.296647e+00,-2.357234e+00,-2.448600e+00,-2.492234e+00,-2.530474e+00,-2.542210e+00,
-2.558179e+00,-2.506937e+00,-2.475315e+00,-2.416647e+00,-2.322612e+00,-2.190737e+00,-1.986985e+00,-1.932402e+00,-1.815978e+00,-1.730837e+00,-1.544870e+00,-1.451316e+00,-1.397732e+00,-1.414230e+00,-1.443281e+00,-1.457900e+00,-1.466549e+00,-1.468818e+00,-1.466582e+00,-1.568012e+00,-1.725021e+00,-1.963695e+00,-1.949673e+00,-2.220211e+00,-2.393790e+00,-2.480276e+00,-2.539814e+00,-2.552312e+00,
-2.556289e+00,-2.502439e+00,-2.433822e+00,-2.293591e+00,-2.046497e+00,-1.954788e+00,-1.876879e+00,-1.787752e+00,-1.761256e+00,-1.756820e+00,-1.743262e+00,-1.703341e+00,-1.689687e+00,-1.723991e+00,-1.749669e+00,-1.739495e+00,-1.745802e+00,-1.774350e+00,-1.876062e+00,-1.904953e+00,-2.011917e+00,-2.120782e+00,-2.313481e+00,-2.435595e+00,-2.497948e+00,-2.530287e+00,
-2.939396e+00,-2.899740e+00,-2.847609e+00,-2.708203e+00,-2.607901e+00,-2.579852e+00,-2.603145e+00,-2.569909e+00,-2.517953e+00,-2.495889e+00,-2.436107e+00,-2.392464e+00,-2.354244e+00,-2.423866e+00,-2.453734e+00,-2.441743e+00,-2.445220e+00,-2.440877e+00,-2.442136e+00,-2.446276e+00,-2.464047e+00,6.721885e-01,5.574745e-01,4.187615e-01,3.392601e-01,2.701602e-01,
-2.564163e+00,-2.553533e+00,-2.503028e+00,-2.431419e+00,-2.323869e+00,-2.083637e+00,-2.027294e+00,-1.913502e+00,-1.777986e+00,-1.764146e+00,-1.744105e+00,-1.769106e+00,-1.768320e+00,-1.791780e+00,-1.791979e+00,-1.794114e+00,-1.761917e+00,-1.786889e+00,-1.797915e+00,-1.792400e+00,-1.794816e+00,-1.822994e+00,-1.901844e+00,-2.094734e+00,-2.231134e+00,-2.337713e+00,-2.441563e+00,-2.496012e+00,-2.527994e+00,-2.550013e+00,
3.268864e-01,4.649479e-01,6.082441e-01,5.961855e-01,6.364244e-01,6.167414e-01,5.703465e-01,5.546741e-01,5.276636e-01,5.058945e-01,-2.682081e+00,-2.719393e+00,-2.748419e+00,-2.741909e+00,-2.740055e+00,4.053535e-01,3.891040e-01,3.703390e-01,3.537346e-01,3.265774e-01,-2.855833e+00,-2.870881e+00,
-2.572572e+00,-2.534815e+00,-2.450296e+00,-2.333637e+00,-2.203194e+00,-2.057508e+00,-2.016636e+00,-1.978912e+00,-1.898732e+00,-1.858895e+00,-1.879464e+00,-1.914916e+00,-1.867016e+00,-1.890346e+00,-1.923498e+00,-1.969071e+00,-1.989056e+00,-2.080860e+00,-2.133806e+00,-2.182995e+00,-2.326213e+00,-2.394854e+00,-2.473310e+00,
-2.455406e+00,-2.426865e+00,-2.355496e+00,-2.340252e+00,-2.290766e+00,-2.271287e+00,-2.260396e+00,-2.262497e+00,-2.261032e+00,-2.259578e+00,-2.260536e+00,-2.255485e+00,-2.249800e+00,-2.251522e+00,-2.252882e+00,-2.254160e+00,-2.256698e+00,-2.264122e+00,-2.278028e+00,-2.291270e+00,-2.338439e+00,-2.394540e+00,-2.425079e+00,
