-1.327594e+00,-1.357464e+00,-1.449105e+00,1.395876e+00,1.168326e+00,1.077878e+00,8.705632e-01,9.186801e-01,1.083713e+00,1.501951e+00,-1.324214e+00,-8.481305e-01,-8.427759e-01,-8.499938e-01,-8.223125e-01,-8.316554e-01,-8.358699e-01,-9.271714e-01,-1.035747e+00,-1.184532e+00,-1.271950e+00,-1.281337e+00,-1.280794e+00,-1.302745e+00,-1.306761e+00,
-1.283429e+00,-1.346723e+00,1.470827e+00,1.153869e+00,8.952492e-01,7.854910e-01,8.690553e-01,9.418859e-01,1.191367e+00,-1.532432e+00,-1.017830e+00,-7.543806e-01,-7.312245e-01,-7.737357e-01,-7.993618e-01,-8.126821e-01,-8.764011e-01,-9.876617e-01,-1.113419e+00,-1.187891e+00,-1.218592e+00,-1.250255e+00,-1.282731e+00,-1.295644e+00,-1.296203e+00,
-1.283996e+00,-1.312833e+00,-1.333766e+00,1.450637e+00,1.328866e+00,1.146918e+00,9.684932e-01,1.006229e+00,1.299966e+00,-1.471277e+00,-8.365980e-01,-6.430110e-01,-6.016062e-01,-6.117700e-01,-6.421891e-01,-6.515958e-01,-6.552607e-01,-7.131058e-01,-7.787469e-01,-8.202417e-01,-9.773842e-01,-1.146320e+00,-1.207330e+00,-1.256433e+00,
-1.274887e+00,-1.272655e+00,-1.277378e+00,-1.292087e+00,-1.346615e+00,-1.420808e+00,-1.455960e+00,1.547309e+00,1.435452e+00,1.407800e+00,1.437627e+00,-1.446380e+00,-1.101638e+00,-8.370942e-01,-6.768866e-01,-6.069143e-01,-5.125674e-01,-4.928408e-01,-4.905377e-01,-5.032610e-01,-4.862442e-01,-5.051063e-01,-5.098228e-01,-5.072687e-01,-5.230488e-01,-5.619080e-01,-6.638479e-01,-8.552612e-01,-1.002120e+00,-1.051154e+00,-1.171721e+00,-1.221191e+00,-1.279176e+00,-1.288689e+00,
-1.289861e+00,-1.275286e+00,-1.282112e+00,-1.218420e+00,-1.227432e+00,-1.327902e+00,-1.439169e+00,-1.354134e+00,-1.019632e+00,-6.663893e-01,-6.035617e-01,-6.407059e-01,-7.196975e-01,-8.205172e-01,-1.056840e+00,-1.187083e+00,-1.259932e+00,-1.302932e+00,-1.311849e+00,-1.313206e+00,-1.303908e+00,
-1.272991e+00,-1.273358e+00,-1.272391e+00,-1.276673e+00,-1.270046e+00,-1.259042e+00,-1.261631e+00,-1.254553e+00,-1.256395e+00,-1.268411e+00,-1.273342e+00,-1.285334e+00,-1.287788e+00,-1.289171e+00,-1.284932e+00,-1.283681e+00,-1.278954e+00,-1.282457e+00,-1.280177e+00,-1.279128e+00,-1.278848e+00,-1.284360e+00,-1.287324e+00,-1.290774e+00,-1.289929e+00,-1.297584e+00,-1.288225e+00,-1.269607e+00,-1.270238e+00,
-1.071098e+00,-1.164072e+00,-1.311905e+00,-1.433592e+00,1.410315e+00,1.178297e+00,1.334343e+00,-1.470253e+00,-1.017706e+00,-7.130736e-01,-6.235397e-01,-6.310965e-01,-6.637546e-01,-7.012646e-01,-7.637411e-01,-9.675655e-01,-1.076208e+00,-1.146694e+00,-1.195559e+00,-1.202338e+00,-1.235991e+00,-1.285124e+00,-1.304820e+00,
-1.308655e+00,-1.317648e+00,-1.407836e+00,-1.552341e+00,1.276538e+00,9.757684e-01,7.217674e-01,7.107765e-01,7.545227e-01,9.862288e-01,1.534837e+00,-9.742095e-01,-7.293448e-01,-7.038557e-01,-7.205979e-01,-7.324337e-01,-7.623497e-01,-8.425946e-01,-9.903626e-01,-1.183346e+00,-1.200463e+00,
-1.292760e+00,-1.288812e+00,-1.275846e+00,-1.261590e+00,-1.252265e+00,-1.252218e+00,-1.270488e+00,-1.294644e+00,-1.304035e+00,-1.295968e+00,-1.292135e+00,-1.286552e+00,-1.297394e+00,-1.299904e+00,-1.295275e+00,-1.296553e+00,-1.301637e+00,-1.295578e+00,-1.296624e+00,
-1.265537e+00,-1.260758e+00,-1.273183e+00,-1.254080e+00,-1.233921e+00,-1.217375e+00,-1.208831e+00,-1.202968e+00,-1.218107e+00,-1.224024e+00,-1.231720e+00,-1.212409e+00,-1.203564e+00,-1.225525e+00,-1.225660e+00,-1.233281e+00,-1.230283e+00,-1.241589e+00,-1.259919e+00,-1.268352e+00,-1.278001e+00,-1.272885e+00,-1.282949e+00,-1.285985e+00,-1.285272e+00,-1.283036e+00,-1.291626e+00,-1.280464e+00,
-1.301592e+00,-1.289356e+00,-1.272424e+00,-1.260573e+00,-1.248323e+00,-1.236416e+00,-1.220370e+00,-1.221935e+00,-1.518699e+00,1.420679e+00,1.317278e+00,1.386525e+00,-1.461982e+00,-1.088024e+00,-8.194464e-01,-6.383448e-01,-6.311330e-01,-6.611122e-01,-7.322279e-01,-8.727967e-01,-9.602931e-01,-1.098606e+00,-1.147752e+00,-1.210675e+00,
-1.266227e+00,-1.262290e+00,-1.258341e+00,-1.256924e+00,-1.250456e+00,-1.251849e+00,-1.244685e+00,-1.241971e+00,-1.248504e+00,-1.252970e+00,-1.258911e+00,-1.263621e+00,-1.271764e+00,-1.281612e+00,-1.284412e+00,-1.289815e+00,-1.292755e+00,-1.291812e+00,-1.297808e+00,-1.297274e+00,-1.291314e+00,-1.290454e+00,-1.294615e+00,-1.297092e+00,-1.275642e+00,-1.287882e+00,-1.321537e+00,-1.327030e+00,-1.313979e+00,-1.318284e+00,-1.305818e+00,-1.302271e+00,-1.296350e+00,-1.292740e+00,
-1.301097e+00,-1.296296e+00,-1.285618e+00,-1.247930e+00,-1.425895e+00,-1.378733e+00,-1.376964e+00,-1.019029e+00,-7.702477e-01,-5.668495e-01,-5.340669e-01,-5.517224e-01,-5.712851e-01,-6.213408e-01,-6.755021e-01,-8.099902e-01,-9.365171e-01,-1.080495e+00,-1.178400e+00,-1.221801e+00,-1.263624e+00,-1.286431e+00,-1.305184e+00,-1.302429e+00,-1.298629e+00,
-1.286868e+00,-1.348597e+00,-1.487013e+00,1.281789e+00,1.004777e+00,8.565089e-01,7.056860e-01,7.337810e-01,8.816043e-01,1.310161e+00,-1.049486e+00,-6.415789e-01,-6.335226e-01,-6.506311e-01,-7.407013e-01,-7.465593e-01,-7.251621e-01,-7.590722e-01,-8.678381e-01,-1.051646e+00,-1.137451e+00,-1.193702e+00,-1.227942e+00,-1.261430e+00,-1.273014e+00,-1.282907e+00,-1.286842e+00,-1.290593e+00,
-1.293413e+00,-1.282260e+00,-1.272672e+00,-1.268183e+00,-1.311734e+00,-1.483198e+00,1.502769e+00,-1.545518e+00,-1.436089e+00,-1.056341e+00,-8.396639e-01,-6.562250e-01,-6.186629e-01,-6.312290e-01,-6.745117e-01,-7.492411e-01,-9.200197e-01,-9.728943e-01,-1.082710e+00,-1.117958e+00,-1.218226e+00,-1.282260e+00,
-1.278103e+00,-1.263886e+00,-1.282791e+00,-1.290027e+00,-1.343398e+00,-1.441619e+00,-1.455504e+00,-1.306365e+00,-1.218687e+00,-9.515707e-01,-8.046335e-01,-7.265840e-01,-7.281210e-01,-7.632390e-01,-7.854347e-01,-8.280084e-01,-8.684723e-01,-9.591391e-01,-1.017573e+00,-1.130009e+00,-1.193065e+00,-1.234915e+00,-1.243715e+00,-1.259269e+00,
-1.462049e+00,-1.465051e+00,-1.460013e+00,-1.469428e+00,-1.456131e+00,-1.461899e+00,-1.459396e+00,-1.430667e+00,-1.356858e+00,-1.164167e+00,-1.028564e+00,-9.901118e-01,-1.008672e+00,-1.054351e+00,-1.137622e+00,-1.204573e+00,-1.380574e+00,-1.381895e+00,-1.216555e+00,-9.588791e-01,-7.802005e-01,-7.500297e-01,-7.465503e-01,-7.687413e-01,-8.038424e-01,-9.490942e-01,-1.185113e+00,-1.348690e+00,-1.438269e+00,-1.440635e+00,-1.459908e+00,-1.465215e+00,
-1.242493e+00,-1.225577e+00,-1.293947e+00,-1.435059e+00,-1.534731e+00,1.512512e+00,1.570700e+00,-1.456700e+00,-1.169002e+00,-9.342578e-01,-7.989689e-01,-6.799157e-01,-6.844139e-01,-7.894877e-01,-1.084241e+00,-1.270955e+00,1.563165e+00,1.509863e+00,-1.443547e+00,-1.149670e+00,-1.022873e+00,-8.219462e-01,-7.534755e-01,-7.716480e-01,-9.076492e-01,-1.174920e+00,-1.341384e+00,-1.540960e+00,1.498476e+00,1.542607e+00,-1.557457e+00,-1.488884e+00,-1.377428e+00,-1.312220e+00,-1.269603e+00,-1.271963e+00,-1.267924e+00,-1.264190e+00,-1.263092e+00,
-1.243964e+00,-1.223294e+00,-1.190257e+00,-1.175398e+00,-1.246935e+00,-1.328151e+00,1.525677e+00,1.282898e+00,1.267703e+00,1.431314e+00,-1.397537e+00,-1.049687e+00,-8.035049e-01,-7.531981e-01,-6.791382e-01,-7.603116e-01,-9.150758e-01,-1.250014e+00,-1.434633e+00,1.422960e+00,1.375081e+00,1.537553e+00,-1.259106e+00,-1.110991e+00,-8.439295e-01,-7.600331e-01,-7.596468e-01,-8.253802e-01,-9.700471e-01,-1.034764e+00,-1.131627e+00,-1.202214e+00,-1.222032e+00,-1.238938e+00,-1.247262e+00,-1.264049e+00,-1.268761e+00,-1.257211e+00,-1.257719e+00,
-1.345150e+00,-1.330748e+00,-1.456315e+00,1.492901e+00,1.245747e+00,1.165985e+00,1.435601e+00,1.556717e+00,-1.472578e+00,-1.187716e+00,-1.029382e+00,-7.984859e-01,-5.841802e-01,-4.496370e-01,-4.392945e-01,-4.635881e-01,-4.850263e-01,-4.797454e-01,-5.295534e-01,-5.618304e-01,-7.680817e-01,-1.008317e+00,-1.147206e+00,-1.256734e+00,-1.361310e+00,
-1.430422e+00,-1.420922e+00,-1.422890e+00,-1.446527e+00,-1.524801e+00,1.470625e+00,1.411727e+00,1.503318e+00,-1.492219e+00,-1.283246e+00,-1.033921e+00,-9.164389e-01,-8.228827e-01,-7.217378e-01,-5.577191e-01,-4.860912e-01,-4.637439e-01,-4.662431e-01,-4.858564e-01,-4.880543e-01,-4.970889e-01,-4.803321e-01,-5.904398e-01,-6.586218e-01,-8.491161e-01,-1.055246e+00,-1.226319e+00,-1.322819e+00,-1.382885e+00,-1.401439e+00,-1.389450e+00,
-1.238701e+00,-1.223065e+00,-1.230357e+00,-1.279630e+00,-1.373694e+00,-1.486008e+00,1.480140e+00,1.479611e+00,-1.449458e+00,-1.146435e+00,-8.818544e-01,-7.562033e-01,-7.509601e-01,-7.951192e-01,-1.067564e+00,-1.347932e+00,1.556003e+00,-1.471947e+00,-1.215146e+00,-9.955451e-01,-8.588573e-01,-7.637725e-01,-7.948195e-01,-9.681181e-01,-1.170784e+00,-1.319834e+00,-1.364447e+00,-1.329730e+00,-1.294091e+00,-1.234239e+00,-1.212388e+00,-1.209499e+00,-1.216692e+00,-1.222548e+00,-1.229504e+00,-1.240819e+00,-1.253394e+00,
-1.365257e+00,-1.343288e+00,-1.319259e+00,-1.321342e+00,-1.407769e+00,-1.563007e+00,1.538232e+00,1.545522e+00,-1.491168e+00,-1.147883e+00,-7.848970e-01,-6.796903e-01,-4.349834e-01,-4.137560e-01,-3.869651e-01,-4.201535e-01,-4.509800e-01,-4.640816e-01,-5.302544e-01,-6.046385e-01,-7.198749e-01,-7.786171e-01,-9.170479e-01,-1.090818e+00,-1.304697e+00,-1.334315e+00,
-1.360099e+00,-1.397152e+00,1.457828e+00,1.329887e+00,1.280562e+00,1.283343e+00,1.452990e+00,-1.500429e+00,-1.362653e+00,-1.015802e+00,-6.801628e-01,-5.209934e-01,-4.475837e-01,-4.482557e-01,-4.538517e-01,-4.795911e-01,-4.987431e-01,-5.215561e-01,-5.478513e-01,-6.237003e-01,-8.102373e-01,-1.027006e+00,-1.237256e+00,-1.323313e+00,-1.385252e+00,
-1.243505e+00,-1.259491e+00,-1.268061e+00,-1.309627e+00,-1.381264e+00,-1.437839e+00,-1.375268e+00,-1.284156e+00,-1.100665e+00,-8.532182e-01,-7.378289e-01,-6.763330e-01,-6.866126e-01,-7.166998e-01,-7.557573e-01,-8.398436e-01,-9.671208e-01,-1.055443e+00,-1.120992e+00,-1.161033e+00,-1.199784e+00,
-1.245774e+00,-1.260438e+00,-1.306190e+00,-1.341389e+00,-1.395081e+00,-1.535878e+00,1.540748e+00,1.500565e+00,1.522131e+00,-1.545219e+00,-1.220492e+00,-1.094251e+00,-8.492702e-01,-8.184633e-01,-7.777342e-01,-8.555538e-01,-1.001341e+00,-1.061665e+00,-1.120684e+00,-1.162057e+00,-1.171891e+00,-1.193313e+00,
-1.320529e+00,-1.318103e+00,-1.300377e+00,-1.306127e+00,-1.314268e+00,-1.335189e+00,1.549988e+00,1.299258e+00,1.308406e+00,1.401250e+00,-1.139653e+00,-9.880884e-01,-7.775199e-01,-6.912686e-01,-6.891832e-01,-7.480233e-01,-9.118803e-01,-9.843026e-01,-1.078336e+00,-1.120113e+00,-1.221028e+00,-1.267055e+00,-1.277668e+00,-1.303260e+00,-1.310403e+00,
-1.271833e+00,-1.261585e+00,-1.247977e+00,-1.241033e+00,-1.232272e+00,-1.298580e+00,-1.402017e+00,1.532915e+00,1.453381e+00,1.462770e+00,-1.488537e+00,-1.126613e+00,-8.712903e-01,-7.648284e-01,-7.001216e-01,-7.604533e-01,-9.802896e-01,-1.335360e+00,1.511708e+00,1.540313e+00,-1.364233e+00,-1.068531e+00,-8.311566e-01,-7.817847e-01,-7.604212e-01,-8.744140e-01,-1.107443e+00,-1.317940e+00,-1.411773e+00,-1.402350e+00,-1.269803e+00,-1.199102e+00,-1.156009e+00,-1.166247e+00,-1.176591e+00,-1.203822e+00,-1.236986e+00,-1.256080e+00,
-1.304848e+00,-1.317817e+00,-1.321012e+00,-1.325180e+00,-1.319368e+00,-1.328284e+00,-1.319442e+00,-1.323018e+00,-1.338348e+00,-1.354243e+00,-1.356155e+00,-1.342213e+00,-1.342113e+00,-1.334470e+00,-1.329192e+00,-1.317579e+00,-1.316416e+00,-1.321606e+00,-1.322129e+00,-1.324427e+00,-1.323923e+00,-1.324595e+00,
-1.319296e+00,-1.315554e+00,-1.312853e+00,-1.313025e+00,-1.297064e+00,-1.286361e+00,-1.319110e+00,-1.416276e+00,1.552787e+00,1.469375e+00,1.439721e+00,-1.493235e+00,-1.086863e+00,-8.329672e-01,-6.728104e-01,-6.595922e-01,-6.467124e-01,-6.911893e-01,-7.471198e-01,-7.890241e-01,-9.261112e-01,-1.123135e+00,-1.200318e+00,-1.277421e+00,-1.307417e+00,-1.325649e+00,-1.330087e+00,-1.334401e+00,-1.321182e+00,
-1.466491e+00,1.269896e+00,1.097287e+00,9.164402e-01,-1.439056e+00,-9.031528e-01,-7.341076e-01,-7.736939e-01,-8.323073e-01,-8.468832e-01,-9.023824e-01,-1.038844e+00,-1.115708e+00,-1.232449e+00,-1.278398e+00,-1.295612e+00,-1.307829e+00,-1.305572e+00,-1.297843e+00,-1.299351e+00,-1.301701e+00,-1.299129e+00,-1.300016e+00,
-1.298505e+00,-1.311114e+00,-1.330179e+00,-1.399175e+00,-1.504573e+00,1.469354e+00,1.305075e+00,1.139967e+00,1.326124e+00,-1.070975e+00,-8.311491e-01,-5.682472e-01,-4.259131e-01,-4.377939e-01,-4.575127e-01,-4.909398e-01,-4.693819e-01,-4.663568e-01,-4.510922e-01,-4.534622e-01,-4.889371e-01,-5.505486e-01,-6.584856e-01,-8.198484e-01,-8.716668e-01,-1.030021e+00,-1.106274e+00,-1.258034e+00,-1.274128e+00,-1.278598e+00,
-1.269563e+00,-1.274556e+00,-1.270193e+00,-1.263219e+00,-1.315377e+00,-1.401911e+00,-1.440956e+00,-1.426592e+00,-1.150826e+00,-1.033068e+00,-8.190081e-01,-6.612017e-01,-6.099795e-01,-6.276228e-01,-6.535743e-01,-6.831478e-01,-7.087817e-01,-7.464690e-01,-8.348166e-01,-9.843181e-01,-1.070495e+00,-1.166398e+00,-1.209317e+00,-1.237755e+00,-1.267518e+00,-1.270124e+00,
-1.254190e+00,-1.254324e+00,-1.279496e+00,-1.290017e+00,-1.354054e+00,-1.417702e+00,-1.347442e+00,-1.198350e+00,-8.216466e-01,-7.190729e-01,-7.109035e-01,-7.448205e-01,-7.723958e-01,-8.254648e-01,-9.126667e-01,-1.031452e+00,-1.119510e+00,-1.173845e+00,-1.207625e+00,-1.234347e+00,
-1.299254e+00,-1.284207e+00,-1.270441e+00,-1.260309e+00,-1.258391e+00,-1.249801e+00,-1.246583e+00,-1.260892e+00,-1.255316e+00,-1.275347e+00,-1.289253e+00,-1.307208e+00,-1.309526e+00,-1.305713e+00,-1.304621e+00,-1.309312e+00,-1.304052e+00,-1.306900e+00,-1.308101e+00,-1.308430e+00,-1.308804e+00,-1.316357e+00,-1.325962e+00,-1.321475e+00,-1.326439e+00,-1.322846e+00,-1.311294e+00,
-1.287298e+00,-1.315551e+00,-1.365806e+00,-1.445011e+00,1.478853e+00,1.278854e+00,1.056923e+00,9.916912e-01,1.460315e+00,-1.302174e+00,-8.749626e-01,-6.686531e-01,-6.392345e-01,-6.395277e-01,-6.209810e-01,-6.237158e-01,-5.759914e-01,-5.846778e-01,-5.746609e-01,-6.103978e-01,-6.656501e-01,-7.762161e-01,-9.927952e-01,-1.328776e+00,-1.219654e+00,-1.295275e+00,-1.293303e+00,-1.257962e+00,
-1.314955e+00,-1.314632e+00,-1.307790e+00,-1.308121e+00,-1.306443e+00,-1.299220e+00,-1.297980e+00,-1.287181e+00,-1.278952e+00,-1.264005e+00,-1.214809e+00,-1.227416e+00,-1.280065e+00,-1.418373e+00,1.517886e+00,1.422253e+00,1.502797e+00,-1.427400e+00,-1.040999e+00,-7.908173e-01,-6.500037e-01,-6.146689e-01,-6.316511e-01,-6.736140e-01,-7.411153e-01,-8.859528e-01,-1.012362e+00,-1.107779e+00,-1.136747e+00,-1.201924e+00,-1.240206e+00,-1.279436e+00,-1.310538e+00,-1.319614e+00,-1.322558e+00,
-1.269774e+00,-1.276091e+00,-1.275148e+00,-1.298390e+00,-1.397957e+00,-1.489126e+00,-1.435483e+00,-1.266782e+00,-9.431068e-01,-7.960199e-01,-6.803564e-01,-6.830956e-01,-6.879759e-01,-7.300767e-01,-7.849825e-01,-9.157538e-01,-1.043988e+00,-1.132056e+00,-1.192939e+00,-1.234353e+00,-1.264307e+00,-1.260884e+00,-1.276753e+00,-1.277596e+00,-1.284402e+00,
-1.290957e+00,-1.284311e+00,-1.281768e+00,-1.284791e+00,-1.289858e+00,-1.289583e+00,-1.294854e+00,-1.288656e+00,-1.293374e+00,-1.288208e+00,-1.292889e+00,-1.292330e+00,-1.292567e+00,-1.287916e+00,-1.288713e+00,-1.285483e+00,-1.289955e+00,-1.282135e+00,-1.282494e+00,-1.282243e+00,-1.278289e+00,-1.283829e+00,-1.290412e+00,-1.290706e+00,-1.302293e+00,-1.300136e+00,-1.291484e+00,-1.293681e+00,-1.282550e+00,
-1.290535e+00,-1.296840e+00,-1.344222e+00,-1.376993e+00,-1.467919e+00,1.532892e+00,1.437822e+00,1.317261e+00,1.276530e+00,1.450432e+00,-1.457402e+00,-1.235408e+00,-9.198639e-01,-4.643589e-01,-4.737770e-01,-4.583144e-01,-4.678266e-01,-4.579214e-01,-4.639646e-01,-4.609684e-01,-4.640974e-01,-4.282869e-01,-4.838957e-01,-5.414708e-01,-8.420306e-01,-9.773626e-01,-1.127245e+00,-1.229398e+00,-1.261097e+00,-1.286136e+00,-1.309339e+00,-1.304847e+00,-1.299216e+00,
-1.337596e+00,-1.337430e+00,-1.341820e+00,-1.331864e+00,-1.315238e+00,-1.304594e+00,-1.300745e+00,-1.304191e+00,-1.320459e+00,-1.335960e+00,-1.339931e+00,-1.324403e+00,-1.325890e+00,-1.327365e+00,-1.322360e+00,-1.325045e+00,-1.326539e+00,-1.333441e+00,-1.337875e+00,-1.340858e+00,-1.342868e+00,-1.339912e+00,-1.337054e+00,-1.334942e+00,-1.331011e+00,
-1.288481e+00,-1.310868e+00,-1.392826e+00,-1.524101e+00,1.389447e+00,1.102504e+00,1.215194e+00,-1.297951e+00,9.047410e-01,1.384110e+00,-1.419365e+00,-6.907282e-01,-4.143313e-01,-2.995239e-01,-3.025707e-01,-3.357443e-01,-3.500472e-01,-3.588553e-01,-3.606544e-01,-3.645299e-01,-3.626378e-01,-4.062168e-01,-4.338490e-01,-4.475837e-01,-5.423571e-01,-6.066796e-01,-7.535174e-01,-9.363495e-01,-1.053920e+00,-1.192515e+00,-1.296363e+00,
-1.280277e+00,-1.264195e+00,-1.250400e+00,-1.254486e+00,-1.248255e+00,-1.312734e+00,-1.357281e+00,-1.396308e+00,-1.268832e+00,-1.019987e+00,-8.809465e-01,-7.637473e-01,-7.104920e-01,-7.382072e-01,-7.863816e-01,-8.458895e-01,-9.189873e-01,-1.016183e+00,-1.105607e+00,-1.178247e+00,-1.204712e+00,-1.255298e+00,-1.280742e+00,-1.295243e+00,
-1.312170e+00,-1.305689e+00,-1.304325e+00,-1.279220e+00,-1.431848e+00,-1.562023e+00,1.451988e+00,1.504283e+00,-1.559813e+00,-1.079012e+00,-9.229001e-01,-7.642850e-01,-7.038753e-01,-6.854606e-01,-7.205654e-01,-7.368852e-01,-8.304447e-01,-9.537243e-01,-1.064296e+00,-1.107111e+00,-1.202933e+00,-1.267534e+00,-1.312068e+00,-1.328245e+00,-1.331294e+00,
-1.329742e+00,-1.333206e+00,-1.334539e+00,-1.329312e+00,-1.317745e+00,-1.306993e+00,-1.301448e+00,-1.290235e+00,-1.288681e+00,-1.286364e+00,-1.273502e+00,-1.269499e+00,-1.268814e+00,-1.279038e+00,-1.292543e+00,-1.286910e+00,-1.273752e+00,-1.271096e+00,-1.274695e+00,-1.275518e+00,-1.277894e+00,-1.276198e+00,-1.272607e+00,-1.274969e+00,-1.277211e+00,-1.283895e+00,-1.287997e+00,-1.286066e+00,-1.285089e+00,-1.283348e+00,-1.288455e+00,
-1.366634e+00,-1.366133e+00,-1.367837e+00,-1.364756e+00,-1.367651e+00,-1.428907e+00,-1.506032e+00,1.461096e+00,1.302380e+00,1.303815e+00,1.385348e+00,-1.433089e+00,-9.898206e-01,-6.245797e-01,-4.582825e-01,-4.327466e-01,-4.145816e-01,-4.209343e-01,-4.495282e-01,-4.232188e-01,-4.237848e-01,-4.198627e-01,-4.702467e-01,-5.677894e-01,-7.894338e-01,-1.011298e+00,-1.155859e+00,-1.263846e+00,-1.335205e+00,-1.372953e+00,-1.382114e+00,
-1.384450e+00,-1.375455e+00,-1.380403e+00,-1.426651e+00,1.564180e+00,1.363440e+00,1.220298e+00,1.249632e+00,1.358999e+00,-1.556344e+00,-1.396595e+00,-1.000907e+00,-6.405501e-01,-4.695635e-01,-4.326811e-01,-4.277969e-01,-4.296869e-01,-4.203144e-01,-4.330831e-01,-4.378866e-01,-4.610792e-01,-6.149095e-01,-7.271859e-01,-9.904671e-01,-1.237534e+00,-1.332210e+00,-1.405337e+00,-1.425594e+00,-1.434186e+00,-1.429597e+00,
-1.237079e+00,-1.229799e+00,-1.208159e+00,-1.177381e+00,-1.179264e+00,-1.231726e+00,-1.300789e+00,-1.437923e+00,-1.379552e+00,-1.295378e+00,-1.043423e+00,-8.336161e-01,-7.537398e-01,-7.732337e-01,-9.295388e-01,-1.074328e+00,-1.333047e+00,-1.482135e+00,-1.378055e+00,-1.155068e+00,-1.010124e+00,-8.442210e-01,-8.026167e-01,-8.381278e-01,-9.990156e-01,-1.242293e+00,-1.429954e+00,-1.446507e+00,-1.427530e+00,-1.351081e+00,-1.293108e+00,-1.266658e+00,-1.250430e+00,
-1.244864e+00,-1.243368e+00,-1.273591e+00,-1.351797e+00,-1.419341e+00,1.506899e+00,1.502678e+00,-1.401644e+00,-1.085418e+00,-8.565151e-01,-7.742321e-01,-7.729756e-01,-9.089525e-01,-1.032726e+00,-1.351381e+00,1.504438e+00,1.465964e+00,-1.517096e+00,-1.237840e+00,-1.013315e+00,-8.492839e-01,-8.285304e-01,-8.199898e-01,-9.000239e-01,-9.806836e-01,-1.046862e+00,-1.148825e+00,-1.145523e+00,-1.162957e+00,-1.194691e+00,-1.226745e+00,-1.252723e+00,
-1.172879e+00,-1.154418e+00,-1.230443e+00,-1.332855e+00,-1.564546e+00,1.349327e+00,1.257129e+00,1.317993e+00,-1.553293e+00,-1.187832e+00,-1.048651e+00,-7.989104e-01,-7.181249e-01,-7.482797e-01,-9.268157e-01,-1.274948e+00,-1.453833e+00,1.472647e+00,1.524646e+00,-1.335608e+00,-1.048895e+00,-9.223323e-01,-7.850212e-01,-7.633402e-01,-8.393071e-01,-9.738769e-01,-1.035220e+00,-1.153477e+00,-1.229690e+00,-1.257629e+00,-1.279952e+00,
-1.244226e+00,-1.253387e+00,-1.278440e+00,-1.361505e+00,-1.395107e+00,-1.564674e+00,1.540749e+00,-1.409587e+00,-1.155717e+00,-1.014728e+00,-8.181497e-01,-7.603050e-01,-8.704100e-01,-1.123897e+00,-1.266082e+00,-1.521512e+00,-1.556698e+00,-1.393593e+00,-1.057814e+00,-9.076125e-01,-8.711473e-01,-9.514549e-01,-1.039622e+00,-1.149436e+00,-1.368165e+00,-1.563997e+00,-1.543425e+00,-1.458800e+00,-1.260549e+00,-1.045188e+00,-9.151801e-01,-9.147558e-01,-1.025551e+00,-1.226311e+00,-1.312050e+00,-1.498195e+00,-1.484524e+00,-1.438219e+00,-1.368249e+00,-1.304087e+00,-1.286253e+00,-1.265530e+00,
-1.271489e+00,-1.270300e+00,-1.270799e+00,-1.309622e+00,-1.407238e+00,-1.484370e+00,-1.520086e+00,-1.478164e+00,-1.360358e+00,-9.666758e-01,-8.105854e-01,-6.607620e-01,-6.835961e-01,-7.087238e-01,-7.735358e-01,-8.325088e-01,-8.904613e-01,-1.004331e+00,-1.082240e+00,-1.173117e+00,-1.193390e+00,-1.249459e+00,-1.284314e+00,-1.286761e+00,-1.286318e+00,-1.283977e+00,
-1.367400e+00,-1.358954e+00,-1.368111e+00,-1.394859e+00,-1.446453e+00,1.553971e+00,1.471086e+00,1.397666e+00,1.325980e+00,1.277524e+00,1.445062e+00,-1.506041e+00,-1.358320e+00,-1.146757e+00,-9.480869e-01,-7.932298e-01,-6.685878e-01,-5.992714e-01,-5.713412e-01,-5.363801e-01,-5.318550e-01,-5.254171e-01,-5.261776e-01,-5.261269e-01,-6.075237e-01,-7.226432e-01,-8.391504e-01,-9.995781e-01,-1.184950e+00,-1.282194e+00,-1.349999e+00,-1.361586e+00,
-1.301089e+00,-1.305660e+00,-1.318420e+00,-1.385775e+00,-1.503189e+00,-1.552980e+00,-1.470553e+00,-1.254696e+00,-9.106625e-01,-7.997527e-01,-7.523760e-01,-7.690321e-01,-7.985946e-01,-8.074336e-01,-8.251024e-01,-8.457741e-01,-8.775955e-01,-1.017689e+00,-1.095755e+00,-1.150399e+00,-1.203694e+00,-1.244844e+00,-1.275339e+00,-1.281000e+00,-1.285925e+00,
-1.388129e+00,-1.397499e+00,-1.372285e+00,-1.417854e+00,-1.522008e+00,1.468271e+00,1.370196e+00,1.365076e+00,1.427414e+00,-1.498504e+00,-1.191154e+00,-8.267410e-01,-5.947314e-01,-4.509103e-01,-4.276252e-01,-4.416665e-01,-4.407745e-01,-4.951999e-01,-6.114911e-01,-8.554398e-01,-1.088312e+00,-1.274960e+00,-1.296543e+00,-1.347729e+00,-1.365970e+00,-1.346092e+00,
-1.177499e+00,-1.138936e+00,-1.199264e+00,-1.258870e+00,-1.442408e+00,1.527968e+00,-1.547549e+00,-1.410946e+00,-1.177191e+00,-9.237220e-01,-8.352305e-01,-8.299402e-01,-1.022857e+00,-1.158183e+00,-1.399629e+00,-1.509548e+00,-1.377819e+00,-1.184706e+00,-9.665198e-01,-8.430611e-01,-8.312954e-01,-8.849641e-01,-9.533286e-01,-1.081597e+00,-1.126274e+00,-1.204974e+00,-1.232775e+00,-1.262866e+00,
-1.267681e+00,-1.235825e+00,-1.219053e+00,-1.263005e+00,-1.208534e+00,-1.215415e+00,-1.148039e+00,-1.018105e+00,-8.222446e-01,-7.473170e-01,-7.643946e-01,-9.387662e-01,-1.195218e+00,-1.525184e+00,1.454605e+00,1.502839e+00,-1.409474e+00,-1.175734e+00,-9.695396e-01,-8.791655e-01,-7.818294e-01,-7.523868e-01,-8.076724e-01,-9.716076e-01,-1.081725e+00,-1.327647e+00,-1.389918e+00,-1.380116e+00,-1.345785e+00,-1.304499e+00,-1.295096e+00,-1.297061e+00,-1.286164e+00,-1.282563e+00,-1.281255e+00,
-1.270234e+00,-1.264662e+00,-1.256084e+00,-1.223607e+00,-1.172400e+00,-1.189606e+00,-1.220356e+00,-1.254579e+00,-1.301344e+00,-1.167358e+00,-1.115695e+00,-1.214152e+00,-1.200121e+00,-1.381360e+00,-1.211100e+00,-1.350746e+00,-1.359907e+00,-1.354588e+00,-1.367208e+00,-1.351140e+00,-1.303254e+00,-1.330820e+00,-1.308301e+00,-1.291103e+00,-1.277818e+00,-1.262527e+00,-1.265796e+00,-1.287211e+00,
-1.278129e+00,-1.280363e+00,-1.272050e+00,-1.264767e+00,-1.261905e+00,-1.248878e+00,-1.246473e+00,-1.246206e+00,-1.234380e+00,-1.238688e+00,-1.230368e+00,-1.243061e+00,-1.232806e+00,-1.234546e+00,-1.243960e+00,-1.239304e+00,-1.238651e+00,-1.246967e+00,-1.233535e+00,-1.228130e+00,-1.228371e+00,-1.229645e+00,-1.239475e+00,-1.238653e+00,-1.240974e+00,-1.249256e+00,-1.275013e+00,-1.295913e+00,-1.301360e+00,-1.308363e+00,-1.306781e+00,-1.296761e+00,-1.299515e+00,-1.297245e+00,-1.302730e+00,
-1.252522e+00,-1.192248e+00,-1.203290e+00,-1.210452e+00,-1.135635e+00,-1.094551e+00,-1.038989e+00,-1.081397e+00,-9.880881e-01,-9.933498e-01,-1.038240e+00,-1.054998e+00,-1.116755e+00,-1.106964e+00,-1.124925e+00,-1.111586e+00,-1.098793e+00,-1.090895e+00,-1.086601e+00,-1.103437e+00,-1.093902e+00,-1.097959e+00,-1.111865e+00,-1.112132e+00,-1.102568e+00,-1.078626e+00,-1.115321e+00,-1.103838e+00,-1.184888e+00,-1.268522e+00,-1.279890e+00,-1.318399e+00,-1.307477e+00,
-1.302759e+00,-1.275411e+00,-1.201935e+00,-1.156262e+00,-1.141805e+00,-1.008513e+00,-9.454723e-01,-8.672149e-01,-8.876518e-01,-9.109895e-01,-9.309311e-01,-9.330882e-01,-9.216586e-01,-9.547547e-01,-9.644776e-01,-9.956228e-01,-1.017800e+00,-1.104507e+00,-1.158414e+00,-1.196211e+00,-1.231337e+00,-1.268807e+00,-1.300915e+00,-1.315131e+00,-1.314667e+00,-1.321191e+00,-1.321754e+00,
-1.309140e+00,-1.282986e+00,-1.166414e+00,-1.200111e+00,-9.693276e-01,-8.735133e-01,-8.329396e-01,-8.220983e-01,-8.075219e-01,-8.367280e-01,-8.465021e-01,-9.273825e-01,-9.805716e-01,-1.076869e+00,-1.109042e+00,-1.230737e+00,-1.267982e+00,
-1.271865e+00,-1.267265e+00,-1.260770e+00,-1.266262e+00,-1.262132e+00,-1.259814e+00,-1.248689e+00,-1.248169e+00,-1.244967e+00,-1.238142e+00,-1.236304e+00,-1.220291e+00,-1.208487e+00,-1.224660e+00,-1.220938e+00,-1.218193e+00,-1.221638e+00,-1.222908e+00,-1.222013e+00,-1.222528e+00,-1.223484e+00,-1.222947e+00,-1.233319e+00,-1.251234e+00,-1.264671e+00,-1.295135e+00,-1.306280e+00,-1.313661e+00,-1.318729e+00,-1.331639e+00,-1.338294e+00,-1.349040e+00,-1.352431e+00,-1.350528e+00,-1.354579e+00,
-1.297375e+00,-1.299798e+00,-1.294284e+00,-1.285765e+00,-1.188125e+00,-1.061694e+00,-1.071845e+00,-1.039709e+00,-8.844565e-01,-7.774925e-01,-7.478051e-01,-7.425829e-01,-7.887664e-01,-8.932074e-01,-9.471182e-01,-1.002640e+00,-1.065776e+00,-1.141669e+00,-1.194462e+00,-1.239854e+00,-1.269655e+00,
-1.311142e+00,-1.314149e+00,-1.296117e+00,-1.214410e+00,-1.187398e+00,-1.084457e+00,-9.780095e-01,-8.612192e-01,-8.210853e-01,-7.735277e-01,-8.019528e-01,-8.342608e-01,-9.152614e-01,-9.953744e-01,-1.050267e+00,-1.097703e+00,-1.158206e+00,-1.252632e+00,-1.283917e+00,-1.304628e+00,
-1.295746e+00,-1.298137e+00,-1.293058e+00,-1.264173e+00,-1.165440e+00,-1.077966e+00,-1.034310e+00,-1.006102e+00,-8.805509e-01,-8.281791e-01,-8.118672e-01,-8.012187e-01,-8.186210e-01,-9.068962e-01,-9.839789e-01,-1.066552e+00,-1.129063e+00,-1.229567e+00,-1.246135e+00,
-1.300946e+00,-1.250397e+00,-1.171733e+00,-1.042483e+00,-9.929412e-01,-9.346470e-01,-8.901768e-01,-7.391104e-01,-1.148262e+00,-9.469753e-01,-1.050630e+00,-1.007589e+00,-1.015050e+00,-9.961887e-01,-1.008462e+00,-1.182522e+00,-1.237662e+00,-1.260428e+00,-1.306205e+00,-1.262180e+00,-1.331618e+00,-1.328722e+00,-1.311019e+00,
-1.285635e+00,-1.266086e+00,-1.237485e+00,-1.276227e+00,-1.118048e+00,-1.047049e+00,-1.134836e+00,-1.058201e+00,-1.211531e+00,-1.107571e+00,-1.086496e+00,-1.055317e+00,-1.056493e+00,-1.066383e+00,-1.219371e+00,-1.227892e+00,-1.220655e+00,-1.247236e+00,-1.239244e+00,-1.299504e+00,-1.303868e+00,-1.311856e+00,-1.301774e+00,-1.296613e+00,-1.300294e+00,-1.302304e+00,-1.305083e+00,-1.305348e+00,-1.309140e+00,-1.308474e+00,-1.309747e+00,-1.307759e+00,-1.305050e+00,-1.305278e+00,
-1.263992e+00,-1.270266e+00,-1.266932e+00,-1.257615e+00,-1.248308e+00,-1.242942e+00,-1.238986e+00,-1.233138e+00,-1.224974e+00,-1.226641e+00,-1.231003e+00,-1.231909e+00,-1.230918e+00,-1.230330e+00,-1.220350e+00,-1.216438e+00,-1.215410e+00,-1.214386e+00,-1.212323e+00,-1.204254e+00,-1.214188e+00,-1.207854e+00,-1.208088e+00,-1.211213e+00,-1.212255e+00,-1.213011e+00,-1.211433e+00,-1.212999e+00,-1.216584e+00,-1.220424e+00,-1.228486e+00,-1.248091e+00,-1.276366e+00,-1.271400e+00,-1.270042e+00,-1.279501e+00,-1.290328e+00,-1.300713e+00,-1.307375e+00,-1.309499e+00,-1.291030e+00,-1.304671e+00,-1.307810e+00,
-1.293278e+00,-1.290133e+00,-1.295036e+00,-1.275855e+00,-1.186771e+00,-1.161267e+00,-1.145400e+00,-1.181949e+00,-1.367756e+00,-1.167167e+00,-1.175026e+00,-1.170540e+00,-1.152026e+00,-1.167412e+00,-1.151789e+00,-1.209079e+00,-1.425269e+00,-1.409030e+00,-1.413150e+00,-1.367543e+00,-1.301185e+00,-1.285588e+00,-1.310022e+00,-1.287022e+00,-1.284063e+00,-1.284360e+00,-1.303470e+00,-1.309122e+00,
-1.335125e+00,-1.315817e+00,-1.290044e+00,-1.219315e+00,-1.168744e+00,-1.119003e+00,-1.062636e+00,-9.075503e-01,-7.793334e-01,-7.437607e-01,-7.477705e-01,-7.339099e-01,-7.140180e-01,-7.169486e-01,-7.503675e-01,-7.566474e-01,-7.563991e-01,-7.599955e-01,-7.599234e-01,-7.986520e-01,-8.049625e-01,-8.204768e-01,-8.979419e-01,-9.654144e-01,-1.115779e+00,-1.233479e+00,-1.299040e+00,
-1.292055e+00,-1.175107e+00,-1.051876e+00,-9.436364e-01,-9.212598e-01,-9.042915e-01,-9.408247e-01,-9.393820e-01,-9.573147e-01,-9.584789e-01,-9.654908e-01,-9.938767e-01,-1.028318e+00,-1.047676e+00,-1.022194e+00,-1.029298e+00,-1.035625e+00,-1.058337e+00,-1.114298e+00,-1.148733e+00,-1.222520e+00,-1.265579e+00,-1.272260e+00,
-1.256059e+00,-1.156015e+00,-1.017042e+00,-9.389297e-01,-8.580810e-01,-9.583974e-01,-1.001199e+00,-1.040929e+00,-1.035241e+00,-9.844741e-01,-9.844335e-01,-1.009074e+00,-1.012723e+00,-1.008908e+00,-1.005430e+00,-1.012037e+00,-1.025104e+00,-1.029997e+00,-1.054772e+00,-1.139690e+00,-1.208182e+00,-1.268697e+00,-1.326106e+00,
-1.258899e+00,-1.119529e+00,-9.780115e-01,-9.525957e-01,-9.113724e-01,-9.337829e-01,-9.721306e-01,-9.799557e-01,-9.630678e-01,-9.027065e-01,-9.470973e-01,-9.873929e-01,-9.799715e-01,-9.782571e-01,-9.915800e-01,-9.818985e-01,-9.801609e-01,-9.822176e-01,-9.790570e-01,-9.572713e-01,-9.600375e-01,-9.131456e-01,-1.028787e+00,-1.103728e+00,-1.171054e+00,-1.249553e+00,
-1.235360e+00,-1.232753e+00,-1.219040e+00,-1.181778e+00,-1.135422e+00,-1.125837e+00,-1.125512e+00,-1.112230e+00,-1.089317e+00,-1.064754e+00,-1.063911e+00,-1.057938e+00,-1.064158e+00,-1.055162e+00,-1.059923e+00,-1.055625e+00,-1.063201e+00,-1.058615e+00,-1.061991e+00,-1.049072e+00,-1.037005e+00,-1.071658e+00,-1.054715e+00,-1.078045e+00,-1.110729e+00,-1.146402e+00,-1.163071e+00,-1.199776e+00,
-1.193846e+00,-1.141275e+00,-1.101564e+00,-9.760984e-01,-8.773369e-01,-7.661261e-01,-6.859084e-01,-6.007318e-01,-5.438889e-01,-5.393316e-01,-5.809032e-01,-5.834308e-01,-5.573570e-01,-5.921218e-01,-5.954561e-01,-6.002319e-01,-5.908116e-01,-6.568384e-01,-8.030730e-01,-8.734353e-01,-9.513897e-01,-1.093320e+00,-1.123924e+00,-1.177077e+00,-1.203875e+00,-1.228238e+00,
-1.307268e+00,-1.305705e+00,-1.290201e+00,-1.239998e+00,-1.159643e+00,-1.111660e+00,-1.064840e+00,-9.523047e-01,-8.416491e-01,-7.630176e-01,-7.325433e-01,-7.524276e-01,-7.984972e-01,-8.626370e-01,-8.828139e-01,-9.583104e-01,-1.040199e+00,-1.082345e+00,-1.176359e+00,-1.239762e+00,-1.276220e+00,
-1.191402e+00,-1.108960e+00,-9.923653e-01,-8.257698e-01,-7.080941e-01,-6.114935e-01,-5.964010e-01,-5.651616e-01,-5.741907e-01,-5.999323e-01,-6.156806e-01,-6.114300e-01,-5.756953e-01,-5.842453e-01,-5.784882e-01,-5.948150e-01,-6.054755e-01,-6.152025e-01,-6.485898e-01,-7.265704e-01,-7.984223e-01,-8.606776e-01,-9.530070e-01,-1.097345e+00,-1.133229e+00,-1.187033e+00,-1.234288e+00,
-1.253615e+00,-1.213773e+00,-1.151306e+00,-1.090042e+00,-1.086603e+00,-1.124221e+00,-1.165670e+00,-1.199966e+00,-1.215701e+00,-1.256878e+00,-1.284465e+00,-1.315879e+00,-1.299316e+00,-1.293358e+00,-1.301434e+00,-1.283166e+00,-1.279866e+00,-1.278686e+00,-1.273027e+00,-1.296445e+00,-1.285517e+00,-1.273120e+00,-1.330265e+00,
-1.242134e+00,-1.212461e+00,-1.173309e+00,-1.106349e+00,-1.042965e+00,-1.018579e+00,-9.498201e-01,-9.099171e-01,-8.896843e-01,-9.116945e-01,-9.055026e-01,-9.111302e-01,-9.083446e-01,-9.046567e-01,-8.978803e-01,-8.945990e-01,-8.897704e-01,-8.908629e-01,-8.964241e-01,-9.673329e-01,-1.029466e+00,-1.085121e+00,-1.132738e+00,-1.151054e+00,-1.192446e+00,-1.224686e+00,-1.250247e+00,
-1.299426e+00,-1.198155e+00,-1.035512e+00,-9.906691e-01,-9.504425e-01,-8.827712e-01,-9.145080e-01,-9.536832e-01,-1.015526e+00,-1.014714e+00,-9.854455e-01,-1.000723e+00,-1.073797e+00,-1.075957e+00,-1.079366e+00,-1.082694e+00,-1.082558e+00,-1.078622e+00,-1.063722e+00,-1.087486e+00,-1.079368e+00,-1.054044e+00,-1.014838e+00,-9.760484e-01,-9.663410e-01,-1.179169e+00,-1.217133e+00,-1.289109e+00,
-1.219388e+00,-1.195072e+00,-1.182283e+00,-1.137772e+00,-1.052547e+00,-1.057706e+00,-1.074104e+00,-1.085524e+00,-1.075263e+00,-1.077955e+00,-1.073769e+00,-1.083402e+00,-1.083297e+00,-1.079452e+00,-1.073332e+00,-1.057856e+00,-1.054363e+00,-1.037967e+00,-1.061784e+00,-1.093251e+00,-1.101371e+00,-1.141806e+00,-1.164675e+00,
-1.101063e+00,-1.117647e+00,-1.087578e+00,-1.034920e+00,-1.022026e+00,-9.804295e-01,-9.158391e-01,-8.607083e-01,-8.408839e-01,-7.894949e-01,-7.893263e-01,-8.375916e-01,-8.536986e-01,-8.930616e-01,-8.962756e-01,-9.066921e-01,-9.708917e-01,-1.012187e+00,
-1.275689e+00,-1.198682e+00,-1.170953e+00,-1.030370e+00,-1.054716e+00,-9.814721e-01,-9.390939e-01,-9.151845e-01,-9.151217e-01,-9.417194e-01,-9.812603e-01,-1.027147e+00,-1.016691e+00,-1.069912e+00,-1.155797e+00,-1.232750e+00,-1.269694e+00,
-1.200999e+00,-1.190212e+00,-1.159953e+00,-1.148456e+00,-1.138537e+00,-1.164354e+00,-1.180081e+00,-1.169988e+00,-1.172423e+00,-1.169520e+00,-1.163310e+00,-1.150353e+00,-1.149225e+00,-1.144938e+00,-1.141506e+00,-1.141454e+00,-1.140923e+00,-1.133018e+00,-1.124423e+00,-1.115192e+00,-1.111980e+00,-1.094937e+00,-1.124331e+00,-1.152184e+00,-1.152181e+00,-1.170162e+00,-1.181823e+00,
-1.314951e+00,-1.285432e+00,-1.242681e+00,-1.232288e+00,-1.141696e+00,-1.033699e+00,-9.159222e-01,-9.428184e-01,-1.008511e+00,-9.923178e-01,-1.025753e+00,-1.031956e+00,-1.025065e+00,-1.006846e+00,-1.038490e+00,-1.064932e+00,-1.143441e+00,-1.220515e+00,-1.236537e+00,-1.260422e+00,-1.274685e+00,-1.287356e+00,-1.287374e+00,-1.291355e+00,-1.292624e+00,-1.293751e+00,
-1.237422e+00,-1.161069e+00,-1.134172e+00,-1.060507e+00,-9.856690e-01,-8.505819e-01,-8.365240e-01,-8.119007e-01,-9.299043e-01,-9.141667e-01,-8.662642e-01,-8.102327e-01,-8.557621e-01,-8.385952e-01,-8.857763e-01,-9.262782e-01,-1.028757e+00,-1.155806e+00,-1.188246e+00,-1.244718e+00,-1.297003e+00,-1.304978e+00,
-1.269155e+00,-1.232719e+00,-1.179030e+00,-1.147229e+00,-1.097592e+00,-1.074344e+00,-1.057909e+00,-1.049031e+00,-1.062157e+00,-1.063066e+00,-1.063081e+00,-1.061445e+00,-1.056199e+00,-1.035262e+00,-1.045838e+00,-1.044254e+00,-1.037596e+00,-1.065341e+00,-1.076318e+00,-1.119515e+00,-1.150776e+00,-1.156583e+00,-1.159046e+00,-1.194025e+00,-1.221056e+00,
-1.189811e+00,-1.112770e+00,-9.947864e-01,-8.938983e-01,-8.841309e-01,-7.896739e-01,-7.489887e-01,-7.086228e-01,-6.945590e-01,-6.904250e-01,-7.031658e-01,-7.061247e-01,-6.945024e-01,-6.987833e-01,-7.097496e-01,-7.087812e-01,-7.119148e-01,-7.022564e-01,-7.402669e-01,-8.172020e-01,-9.137069e-01,-1.015815e+00,-1.040484e+00,-1.112770e+00,-1.161430e+00,-1.189959e+00,-1.221435e+00,-1.248024e+00,
-1.310328e+00,-1.291094e+00,-1.168128e+00,-1.124796e+00,-1.064678e+00,-9.890530e-01,-9.369780e-01,-8.655200e-01,-8.461441e-01,-8.394599e-01,-8.120805e-01,-8.247051e-01,-8.512349e-01,-8.826962e-01,-9.712613e-01,-1.049270e+00,-1.091995e+00,-1.189600e+00,-1.223802e+00,-1.264244e+00,
-1.180321e+00,-1.149160e+00,-1.047832e+00,-8.931491e-01,-8.143398e-01,-7.650195e-01,-6.548246e-01,-5.919830e-01,-5.773246e-01,-5.513932e-01,-5.586809e-01,-5.536605e-01,-5.504697e-01,-5.438905e-01,-5.382344e-01,-5.367355e-01,-5.242816e-01,-5.139391e-01,-5.611106e-01,-6.406353e-01,-6.471705e-01,-7.371459e-01,-8.825788e-01,-9.893780e-01,-1.099031e+00,-1.152315e+00,-1.177948e+00,-1.206806e+00,-1.231920e+00,
-1.262898e+00,-1.266285e+00,-1.260972e+00,-1.261011e+00,-1.206729e+00,-1.184046e+00,-1.160826e+00,-1.091230e+00,-9.844618e-01,-8.939044e-01,-8.797889e-01,-8.310481e-01,-7.960906e-01,-7.651633e-01,-7.855003e-01,-8.083215e-01,-7.824260e-01,-7.855922e-01,-7.712743e-01,-7.650372e-01,-7.683607e-01,-7.728655e-01,-7.742863e-01,-7.720184e-01,-7.639115e-01,-7.738744e-01,-7.927217e-01,-8.030451e-01,-8.449126e-01,-8.728780e-01,-9.436827e-01,-1.016589e+00,-1.136561e+00,-1.172521e+00,-1.251672e+00,-1.271379e+00,
-1.279022e+00,-1.255957e+00,-1.171714e+00,-1.026592e+00,-1.027763e+00,-1.016986e+00,-8.812233e-01,-7.932552e-01,-7.400710e-01,-7.249165e-01,-7.300166e-01,-7.576718e-01,-7.890396e-01,-8.259652e-01,-9.096242e-01,-9.757505e-01,-1.034776e+00,-1.170268e+00,-1.245453e+00,-1.274120e+00,
-1.272953e+00,-1.198248e+00,-1.116057e+00,-1.039638e+00,-9.539581e-01,-1.044269e+00,-1.254257e+00,-1.288646e+00,-1.188738e+00,-1.443893e+00,-1.433118e+00,-1.423294e+00,-1.388553e+00,-1.312019e+00,-1.245603e+00,-1.176859e+00,-1.136066e+00,-1.192562e+00,-1.231985e+00,-1.265124e+00,-1.277301e+00,-1.274449e+00,-1.280308e+00,
-1.330331e+00,-1.268017e+00,-1.167578e+00,-1.097548e+00,-1.015860e+00,-8.659056e-01,-7.937871e-01,-7.888879e-01,-7.936307e-01,-8.111889e-01,-8.563845e-01,-9.293689e-01,-9.864405e-01,-1.029839e+00,-1.097250e+00,-1.127365e+00,-1.237880e+00,
-1.285233e+00,-1.275552e+00,-1.276959e+00,-1.273730e+00,-1.269800e+00,-1.266976e+00,-1.272702e+00,-1.268994e+00,-1.271225e+00,-1.260448e+00,-1.255424e+00,-1.256248e+00,-1.258369e+00,-1.262119e+00,-1.258579e+00,-1.258320e+00,-1.258470e+00,-1.260267e+00,-1.259763e+00,-1.259326e+00,-1.259889e+00,-1.256513e+00,-1.259727e+00,-1.258753e+00,-1.256215e+00,-1.256966e+00,-1.256827e+00,-1.264055e+00,-1.265175e+00,-1.273071e+00,-1.277816e+00,-1.282253e+00,-1.280071e+00,-1.285428e+00,-1.294896e+00,
-1.321904e+00,-1.325824e+00,-1.335392e+00,-1.339029e+00,-1.348732e+00,-1.360726e+00,-1.371602e+00,-1.390227e+00,-1.394681e+00,-1.423796e+00,-1.434978e+00,-1.447472e+00,-1.480182e+00,-1.486549e+00,-1.489172e+00,-1.482336e+00,-1.462496e+00,-1.446427e+00,-1.428438e+00,-1.404146e+00,-1.383884e+00,-1.373103e+00,-1.359900e+00,-1.344254e+00,
-1.333027e+00,-1.337825e+00,-1.321725e+00,-1.263662e+00,-1.099665e+00,-1.045301e+00,-9.310084e-01,-8.616675e-01,-8.314093e-01,-7.958231e-01,-4.980165e-01,-8.687399e-01,-9.061614e-01,-9.090615e-01,-9.012020e-01,-8.822330e-01,-8.550991e-01,-8.414737e-01,-8.187537e-01,-7.865265e-01,-8.883154e-01,-9.799983e-01,-1.014501e+00,-1.058535e+00,-1.178277e+00,-1.240715e+00,-1.293481e+00,-1.307291e+00,
-1.225437e+00,-1.215783e+00,-1.182393e+00,-1.150997e+00,-1.127652e+00,-1.013295e+00,-9.586543e-01,-9.210176e-01,-9.045520e-01,-8.677350e-01,-8.184061e-01,-7.849724e-01,-7.280611e-01,-7.404985e-01,-7.429132e-01,-7.261400e-01,-7.475905e-01,-7.351909e-01,-7.229069e-01,-7.203758e-01,-7.202646e-01,-7.250466e-01,-7.422128e-01,-7.679068e-01,-7.327068e-01,-7.507142e-01,-8.768450e-01,-9.312373e-01,-1.046365e+00,-1.078205e+00,-1.175130e+00,-1.256302e+00,-1.301233e+00,
-1.272041e+00,-1.269868e+00,-1.268442e+00,-1.265839e+00,-1.268781e+00,-1.255668e+00,-1.250161e+00,-1.252216e+00,-1.241823e+00,-1.238036e+00,-1.227884e+00,-1.217442e+00,-1.216333e+00,-1.213391e+00,-1.202333e+00,-1.195929e+00,-1.191903e+00,-1.197518e+00,-1.193552e+00,-1.190679e+00,-1.193355e+00,-1.191466e+00,-1.190803e+00,-1.190456e+00,-1.196981e+00,-1.197572e+00,-1.199204e+00,-1.198180e+00,-1.202301e+00,-1.249889e+00,-1.277880e+00,-1.272783e+00,-1.272475e+00,-1.270853e+00,-1.274314e+00,-1.281393e+00,-1.272701e+00,-1.270943e+00,-1.270754e+00,-1.272514e+00,
-1.287074e+00,-1.174883e+00,-9.906230e-01,-9.644908e-01,-9.440136e-01,-9.389537e-01,-9.537732e-01,-9.741309e-01,-1.020249e+00,-1.041093e+00,-1.055076e+00,-1.142837e+00,-1.189560e+00,-1.249090e+00,-1.238606e+00,-1.235014e+00,-1.230090e+00,-1.236444e+00,-1.247899e+00,-1.247525e+00,-1.280732e+00,-1.285838e+00,
-1.258792e+00,-1.186863e+00,-1.136654e+00,-1.053212e+00,-1.076928e+00,-1.206074e+00,-1.298775e+00,-1.123495e+00,-1.134428e+00,-1.389952e+00,-1.363008e+00,-1.107656e+00,-1.310015e+00,-1.361574e+00,-1.200983e+00,-1.177548e+00,-1.187846e+00,-1.208101e+00,-1.241173e+00,-1.259371e+00,-1.274573e+00,-1.278817e+00,-1.289338e+00,-1.284225e+00,-1.293866e+00,-1.294563e+00,-1.292645e+00,-1.294946e+00,
-1.253146e+00,-1.221453e+00,-1.170604e+00,-1.105519e+00,-1.069678e+00,-1.038734e+00,-1.004615e+00,-9.517666e-01,-9.515813e-01,-9.549615e-01,-9.490088e-01,-9.543661e-01,-9.623376e-01,-9.479142e-01,-9.481247e-01,-9.621436e-01,-9.679770e-01,-9.736758e-01,-1.020113e+00,-1.048409e+00,-1.100511e+00,-1.142768e+00,-1.187768e+00,
-1.246241e+00,-1.219695e+00,-1.196454e+00,-1.102167e+00,-1.088756e+00,-1.038353e+00,-1.041479e+00,-1.024752e+00,-1.032602e+00,-1.035602e+00,-1.032563e+00,-1.037896e+00,-1.019166e+00,-1.019088e+00,-1.015455e+00,-1.013746e+00,-1.021478e+00,-1.065233e+00,-1.071617e+00,-1.117515e+00,-1.142759e+00,-1.172472e+00,-1.196389e+00,
-1.183838e+00,-1.115883e+00,-1.045352e+00,-8.959885e-01,-7.559019e-01,-7.098030e-01,-7.804492e-01,-8.215547e-01,-8.514222e-01,-8.651231e-01,-9.116264e-01,-1.004059e+00,-1.077873e+00,-1.113240e+00,-1.089283e+00,-1.076891e+00,-1.087253e+00,-1.107808e+00,-1.090917e+00,-1.075947e+00,-1.068496e+00,-1.082307e+00,-1.094102e+00,-1.132110e+00,-1.233941e+00,-1.298731e+00,-1.316377e+00,-1.316599e+00,-1.315485e+00,-1.322113e+00,
-1.224523e+00,-1.162390e+00,-1.059195e+00,-8.792318e-01,-7.897252e-01,-7.016429e-01,-6.251594e-01,-5.751624e-01,-5.545356e-01,-5.638629e-01,-5.606427e-01,-5.580175e-01,-5.533493e-01,-5.342829e-01,-5.515726e-01,-5.644463e-01,-5.980061e-01,-6.900485e-01,-7.420441e-01,-9.303904e-01,-1.108909e+00,-1.179263e+00,-1.224570e+00,-1.241178e+00,
-1.416796e+00,-1.416956e+00,-1.424667e+00,-1.435906e+00,-1.426544e+00,-1.440651e+00,-1.442076e+00,-1.443105e+00,-1.450928e+00,-1.447588e+00,-1.442257e+00,-1.451992e+00,-1.449579e+00,-1.452664e+00,-1.457514e+00,-1.457904e+00,-1.482246e+00,-1.491664e+00,-1.514618e+00,-1.479609e+00,-1.263185e+00,-1.104781e+00,-9.895811e-01,-9.033680e-01,-8.293282e-01,-8.087798e-01,-8.819422e-01,-9.561224e-01,-9.638353e-01,-9.669849e-01,-9.687583e-01,-9.768671e-01,-9.677377e-01,-9.595250e-01,-8.937792e-01,-9.459810e-01,-1.108511e+00,-1.143665e+00,-1.239341e+00,
-1.259902e+00,-1.233674e+00,-1.137937e+00,-1.066768e+00,-1.045411e+00,-1.055347e+00,-1.048755e+00,-1.046940e+00,-1.058194e+00,-1.060495e+00,-1.062541e+00,-1.052855e+00,-1.057930e+00,-1.055609e+00,-1.046660e+00,-1.037361e+00,-1.048335e+00,-1.051511e+00,-1.068008e+00,-1.054441e+00,-1.108073e+00,-1.143674e+00,-1.174162e+00,
-1.265195e+00,-1.264434e+00,-1.255614e+00,-1.254533e+00,-1.256672e+00,-1.260263e+00,-1.253691e+00,-1.257972e+00,-1.257040e+00,-1.257841e+00,-1.258443e+00,-1.258593e+00,-1.252213e+00,-1.254059e+00,-1.257652e+00,-1.255974e+00,-1.256501e+00,-1.256837e+00,-1.253735e+00,-1.262401e+00,-1.260547e+00,-1.267438e+00,-1.265648e+00,-1.264892e+00,-1.266098e+00,-1.263733e+00,-1.263878e+00,-1.261532e+00,-1.271008e+00,-1.273546e+00,-1.279350e+00,-1.281973e+00,-1.287380e+00,-1.292434e+00,-1.291294e+00,-1.278205e+00,-1.282525e+00,-1.278459e+00,-1.279696e+00,
-1.240974e+00,-1.194454e+00,-1.116356e+00,-1.063384e+00,-9.351672e-01,-7.481493e-01,-6.330314e-01,-5.866309e-01,-5.380286e-01,-4.580110e-01,-4.079736e-01,-4.105229e-01,-3.988110e-01,-3.996719e-01,-4.289041e-01,-4.403764e-01,-4.546979e-01,-4.977543e-01,-5.789772e-01,-6.500288e-01,-8.060000e-01,-9.724125e-01,-1.027487e+00,-1.119460e+00,-1.176073e+00,-1.215051e+00,-1.238546e+00,
-1.268555e+00,-1.212336e+00,-1.182509e+00,-1.110145e+00,-1.012829e+00,-8.914418e-01,-6.770895e-01,-6.265778e-01,-5.073897e-01,-4.252378e-01,-2.470467e-01,-1.491463e-01,-9.821294e-02,-1.150916e-01,-1.387587e-01,-1.530026e-01,-1.617109e-01,-1.641222e-01,-1.653588e-01,-2.656572e-01,-4.136474e-01,-6.505435e-01,-6.379336e-01,-9.078561e-01,-1.087247e+00,-1.175812e+00,-1.229670e+00,-1.242249e+00,
-1.248596e+00,-1.203274e+00,-1.131859e+00,-9.929066e-01,-7.440056e-01,-6.686097e-01,-5.858176e-01,-4.985674e-01,-4.667233e-01,-4.580033e-01,-4.527232e-01,-4.151560e-01,-4.024080e-01,-4.331971e-01,-4.608517e-01,-4.516142e-01,-4.578070e-01,-4.852061e-01,-5.881062e-01,-6.045470e-01,-7.125226e-01,-8.151373e-01,-1.008200e+00,-1.129805e+00,-1.186657e+00,-1.225080e+00,
-1.389067e+00,-1.367498e+00,-1.297032e+00,-1.166235e+00,-1.063120e+00,-1.032189e+00,-1.049617e+00,-1.022335e+00,-9.615965e-01,-9.395617e-01,-8.654066e-01,-8.217636e-01,-7.863325e-01,-8.674666e-01,-8.973126e-01,-8.852571e-01,-8.887214e-01,-8.815610e-01,-8.770729e-01,-8.840994e-01,-8.933466e-01,-8.957157e-01,-9.933373e-01,-1.120570e+00,-1.200140e+00,-1.286010e+00,
-1.262983e+00,-1.244932e+00,-1.194362e+00,-1.122332e+00,-1.013545e+00,-7.697828e-01,-7.201608e-01,-6.113462e-01,-4.672119e-01,-4.521464e-01,-4.378061e-01,-4.607914e-01,-4.647709e-01,-4.799806e-01,-4.829477e-01,-4.850340e-01,-4.636802e-01,-4.753939e-01,-4.880316e-01,-4.827665e-01,-4.857929e-01,-5.139874e-01,-5.933175e-01,-7.881020e-01,-9.147956e-01,-1.015788e+00,-1.125162e+00,-1.176742e+00,-1.220182e+00,-1.246409e+00,
-1.229041e+00,-1.102856e+00,-9.595721e-01,-9.598219e-01,-9.284045e-01,-9.391863e-01,-9.855705e-01,-9.981565e-01,-1.030992e+00,-1.052945e+00,-1.114303e+00,-1.148692e+00,-1.180580e+00,-1.174075e+00,-1.169355e+00,-1.156543e+00,-1.169868e+00,-1.197478e+00,-1.205207e+00,-1.241316e+00,-1.287969e+00,-1.317843e+00,
-1.257156e+00,-1.230329e+00,-1.141852e+00,-1.028368e+00,-9.027359e-01,-7.594721e-01,-7.194273e-01,-6.817484e-01,-5.937334e-01,-5.535203e-01,-5.749942e-01,-6.078112e-01,-5.693518e-01,-5.900780e-01,-6.235871e-01,-6.649263e-01,-6.902782e-01,-7.779772e-01,-8.252971e-01,-8.744751e-01,-1.019895e+00,-1.089164e+00,-1.164274e+00,
-1.196231e+00,-1.173043e+00,-1.102796e+00,-1.089259e+00,-1.048471e+00,-1.024194e+00,-1.011276e+00,-1.015613e+00,-1.013715e+00,-1.013252e+00,-1.015946e+00,-1.005378e+00,-1.004723e+00,-1.008415e+00,-1.004912e+00,-1.005679e+00,-1.006813e+00,-1.013048e+00,-1.027217e+00,-1.035388e+00,-1.076267e+00,-1.126027e+00,-1.153073e+00,
