1.284030e+00,1.238061e+00,1.249430e+00,1.286831e+00,1.348358e+00,1.379723e+00,1.398611e+00,1.417396e+00,1.318961e+00,1.247026e+00,1.215819e+00,1.259429e+00,1.248356e+00,1.233300e+00,1.230227e+00,1.218546e+00,1.205791e+00,1.207719e+00,1.210646e+00,1.208958e+00,1.230662e+00,1.237467e+00,1.222623e+00,1.230401e+00,1.232085e+00,
1.323829e+00,1.361815e+00,1.368316e+00,1.402221e+00,1.399346e+00,1.397146e+00,1.385792e+00,1.379765e+00,1.362176e+00,1.335276e+00,1.341175e+00,1.303588e+00,1.369658e+00,1.365423e+00,1.368673e+00,1.366063e+00,1.363244e+00,1.327534e+00,1.326974e+00,1.335605e+00,1.263222e+00,1.349210e+00,1.345426e+00,1.330403e+00,1.333602e+00,1.325210e+00,1.309481e+00,1.304460e+00,1.312755e+00,
1.225068e+00,1.247340e+00,1.276445e+00,1.227695e+00,1.258604e+00,1.318614e+00,1.398491e+00,1.403303e+00,1.296157e+00,1.208106e+00,1.188215e+00,1.207381e+00,1.228341e+00,1.245983e+00,1.249659e+00,1.240155e+00,1.239313e+00,1.248803e+00,1.254537e+00,1.249378e+00,1.253719e+00,1.268364e+00,1.269822e+00,1.256323e+00,1.241385e+00,
1.262021e+00,1.278292e+00,1.267355e+00,1.276479e+00,1.263389e+00,1.250708e+00,1.244261e+00,1.251952e+00,1.263848e+00,1.264473e+00,1.271930e+00,1.262797e+00,1.263817e+00,1.251199e+00,1.251524e+00,1.236556e+00,1.267190e+00,1.326423e+00,1.408069e+00,1.416010e+00,1.408477e+00,1.404937e+00,1.405681e+00,1.398991e+00,1.331390e+00,1.310807e+00,1.281949e+00,1.266606e+00,1.278692e+00,1.276592e+00,1.268450e+00,1.260363e+00,1.258825e+00,1.274724e+00,
1.280130e+00,1.258463e+00,1.266668e+00,1.246111e+00,1.249257e+00,1.275719e+00,1.348537e+00,1.303796e+00,1.258694e+00,1.248694e+00,1.267943e+00,1.278566e+00,1.273118e+00,1.283625e+00,1.288779e+00,1.279158e+00,1.282250e+00,1.287143e+00,1.270055e+00,1.268905e+00,1.272769e+00,1.282621e+00,1.299811e+00,1.307594e+00,
1.120930e+00,1.130995e+00,1.109879e+00,1.094717e+00,1.112581e+00,1.103749e+00,1.106766e+00,1.070105e+00,1.043386e+00,1.050703e+00,1.062246e+00,1.082342e+00,1.053895e+00,1.064668e+00,1.087580e+00,1.115363e+00,1.141599e+00,1.153328e+00,1.149411e+00,1.109189e+00,1.093592e+00,
1.051100e+00,1.056346e+00,1.063924e+00,1.068447e+00,1.062939e+00,1.082647e+00,1.086408e+00,1.065904e+00,1.055260e+00,1.082998e+00,1.108256e+00,1.119625e+00,1.113972e+00,1.100857e+00,1.090138e+00,1.093884e+00,1.079026e+00,1.069564e+00,1.053487e+00,1.060370e+00,1.092265e+00,1.115238e+00,1.131775e+00,
1.221823e+00,1.216621e+00,1.234495e+00,1.219104e+00,1.299289e+00,1.220385e+00,1.310490e+00,1.337687e+00,1.407655e+00,1.316315e+00,1.266020e+00,1.222045e+00,1.242684e+00,1.237965e+00,1.236802e+00,1.230889e+00,1.222972e+00,1.211267e+00,1.227183e+00,1.239549e+00,1.223070e+00,
1.318269e+00,1.297723e+00,1.244144e+00,1.193957e+00,1.172435e+00,1.256233e+00,1.283067e+00,1.303811e+00,1.295478e+00,1.303239e+00,1.286729e+00,1.293238e+00,1.297061e+00,1.292632e+00,1.276989e+00,1.267392e+00,1.279370e+00,1.284246e+00,1.296071e+00,
1.205288e+00,1.173236e+00,1.181605e+00,1.191426e+00,1.199644e+00,1.216809e+00,1.253572e+00,1.239243e+00,1.261626e+00,1.227168e+00,1.142756e+00,1.149939e+00,1.135813e+00,1.122726e+00,1.120667e+00,1.190145e+00,1.268148e+00,1.267480e+00,1.308623e+00,1.304327e+00,1.276503e+00,1.276039e+00,1.258646e+00,1.261621e+00,1.267939e+00,1.281605e+00,1.266016e+00,1.260090e+00,
1.113730e+00,1.105033e+00,1.094755e+00,1.096365e+00,1.098938e+00,1.097994e+00,1.086334e+00,1.087170e+00,1.082033e+00,1.069233e+00,1.074376e+00,1.075281e+00,1.085851e+00,1.098070e+00,1.083268e+00,1.086416e+00,1.107283e+00,1.118527e+00,1.122466e+00,1.091349e+00,1.070236e+00,1.083310e+00,1.093533e+00,1.094766e+00,
1.149270e+00,1.105448e+00,1.074604e+00,1.056940e+00,1.071094e+00,1.097223e+00,1.083437e+00,1.039484e+00,1.040650e+00,1.060913e+00,1.069888e+00,1.065877e+00,1.060596e+00,1.048144e+00,1.052606e+00,1.051217e+00,1.054499e+00,1.099020e+00,1.137798e+00,1.147825e+00,1.161316e+00,1.166082e+00,1.135421e+00,1.109531e+00,1.106688e+00,
1.251323e+00,1.213956e+00,1.239201e+00,1.301410e+00,1.356869e+00,1.293861e+00,1.241126e+00,1.213655e+00,1.222196e+00,1.233987e+00,1.246666e+00,1.246961e+00,1.250900e+00,1.240678e+00,1.254376e+00,1.261611e+00,1.250071e+00,1.239606e+00,1.238124e+00,1.242760e+00,1.244749e+00,1.252348e+00,1.251766e+00,1.251450e+00,1.248879e+00,1.244417e+00,1.253030e+00,1.249951e+00,
1.179974e+00,1.143243e+00,1.125674e+00,1.131734e+00,1.127803e+00,1.117895e+00,1.101978e+00,1.110452e+00,1.112128e+00,1.103217e+00,1.092569e+00,1.095019e+00,1.080676e+00,1.079492e+00,1.082792e+00,1.077938e+00,1.081227e+00,1.081411e+00,1.087062e+00,1.074228e+00,1.124530e+00,1.162947e+00,
1.315809e+00,1.322228e+00,1.331433e+00,1.337714e+00,1.348992e+00,1.352412e+00,1.358457e+00,1.357378e+00,1.349177e+00,1.344628e+00,1.342030e+00,1.338099e+00,1.334944e+00,1.335549e+00,1.311220e+00,1.314336e+00,1.313269e+00,1.329281e+00,1.326890e+00,1.325610e+00,1.324664e+00,1.322034e+00,1.317931e+00,1.327711e+00,1.318849e+00,1.308776e+00,1.300905e+00,1.294052e+00,1.291591e+00,1.288476e+00,1.289264e+00,1.291764e+00,1.282901e+00,1.275814e+00,
1.080566e+00,1.083414e+00,1.081295e+00,1.078583e+00,1.075258e+00,1.076989e+00,1.072822e+00,1.072600e+00,1.070165e+00,1.069648e+00,1.069491e+00,1.071538e+00,1.070987e+00,1.076522e+00,1.076581e+00,1.081718e+00,1.087713e+00,1.086440e+00,1.091899e+00,1.085787e+00,1.081724e+00,1.102435e+00,1.116633e+00,1.124195e+00,1.100415e+00,1.096164e+00,1.098418e+00,1.113149e+00,1.147943e+00,1.166174e+00,1.162211e+00,1.143810e+00,
1.204488e+00,1.219433e+00,1.226072e+00,1.220362e+00,1.220282e+00,1.224905e+00,1.227936e+00,1.232530e+00,1.237544e+00,1.238779e+00,1.232076e+00,1.231296e+00,1.233181e+00,1.228537e+00,1.223064e+00,1.222343e+00,1.224431e+00,1.224846e+00,1.221851e+00,1.213902e+00,1.225056e+00,1.230152e+00,1.230518e+00,1.230307e+00,
3.821354e-01,3.733175e-01,3.521703e-01,3.163556e-01,3.093841e-01,3.063150e-01,3.011742e-01,3.059911e-01,3.132057e-01,3.165006e-01,3.356124e-01,3.453197e-01,3.491543e-01,3.475935e-01,3.387263e-01,3.248247e-01,3.221664e-01,3.252843e-01,3.275269e-01,3.349454e-01,3.429652e-01,3.470623e-01,3.494169e-01,3.538693e-01,3.483831e-01,3.407378e-01,3.310499e-01,3.204955e-01,3.186690e-01,3.174049e-01,3.113998e-01,3.105993e-01,3.229009e-01,3.395087e-01,3.595423e-01,3.666453e-01,3.814302e-01,4.004942e-01,4.133236e-01,
3.828467e-01,3.906927e-01,3.720576e-01,3.488962e-01,3.173397e-01,2.981858e-01,2.943097e-01,2.945612e-01,3.053523e-01,3.072552e-01,3.165844e-01,3.230673e-01,3.256539e-01,3.216880e-01,3.254478e-01,3.260802e-01,3.178645e-01,3.107940e-01,3.034706e-01,3.144334e-01,3.192171e-01,3.231708e-01,3.266251e-01,3.424916e-01,3.461120e-01,3.425708e-01,3.401352e-01,3.352939e-01,3.341131e-01,3.267781e-01,3.297775e-01,3.486044e-01,3.599972e-01,3.762653e-01,3.682333e-01,3.797481e-01,3.848855e-01,3.892260e-01,3.953872e-01,
1.163120e+00,1.151909e+00,1.214048e+00,1.190928e+00,1.197312e+00,1.165837e+00,1.183819e+00,1.185273e+00,1.183771e+00,1.169194e+00,1.163453e+00,1.174402e+00,1.194479e+00,1.184295e+00,1.176279e+00,1.161409e+00,1.158465e+00,1.161188e+00,1.175717e+00,1.188603e+00,1.201928e+00,1.182165e+00,1.170576e+00,1.188560e+00,1.210360e+00,
1.164387e+00,1.161132e+00,1.147650e+00,1.150932e+00,1.193286e+00,1.196226e+00,1.178421e+00,1.137992e+00,1.131705e+00,1.137621e+00,1.141385e+00,1.153625e+00,1.167343e+00,1.192331e+00,1.194595e+00,1.204980e+00,1.207990e+00,1.212931e+00,1.215829e+00,1.217241e+00,1.214402e+00,1.211631e+00,1.213147e+00,1.211466e+00,1.212901e+00,1.204872e+00,1.194010e+00,1.180608e+00,1.178609e+00,1.178681e+00,1.181706e+00,
3.417971e-01,3.483931e-01,3.473842e-01,3.325000e-01,3.028011e-01,2.806474e-01,2.877796e-01,2.895426e-01,3.000179e-01,3.072009e-01,3.155100e-01,3.249857e-01,3.284502e-01,3.191198e-01,3.125753e-01,3.100295e-01,3.095224e-01,3.166872e-01,3.297949e-01,3.260542e-01,3.336412e-01,3.336281e-01,3.293233e-01,3.215823e-01,3.091095e-01,2.967719e-01,2.989863e-01,2.901873e-01,2.985857e-01,3.361169e-01,3.650787e-01,3.636546e-01,3.787593e-01,3.848300e-01,3.826055e-01,3.924704e-01,4.076729e-01,
1.170667e+00,1.165153e+00,1.156416e+00,1.134470e+00,1.134300e+00,1.133743e+00,1.134480e+00,1.134354e+00,1.135412e+00,1.120389e+00,1.115656e+00,1.119685e+00,1.123614e+00,1.134748e+00,1.154921e+00,1.160751e+00,1.159612e+00,1.135657e+00,1.148780e+00,1.162833e+00,1.166945e+00,1.137963e+00,1.117765e+00,1.119018e+00,1.152118e+00,1.169739e+00,
1.136758e+00,1.126623e+00,1.125399e+00,1.196543e+00,1.193876e+00,1.172193e+00,1.128649e+00,1.128127e+00,1.121240e+00,1.128882e+00,1.137891e+00,1.144408e+00,1.162146e+00,1.138829e+00,1.149781e+00,1.141096e+00,1.155992e+00,1.167547e+00,1.171930e+00,1.164249e+00,1.163169e+00,1.168382e+00,1.167888e+00,1.166681e+00,1.168892e+00,
1.236879e+00,1.244357e+00,1.242071e+00,1.239203e+00,1.237804e+00,1.246795e+00,1.253294e+00,1.259575e+00,1.241249e+00,1.212440e+00,1.192654e+00,1.213406e+00,1.231141e+00,1.246617e+00,1.244497e+00,1.244668e+00,1.248208e+00,1.249708e+00,1.250442e+00,1.257204e+00,1.258744e+00,
1.253743e+00,1.260313e+00,1.264312e+00,1.263148e+00,1.263657e+00,1.262771e+00,1.257738e+00,1.252458e+00,1.243951e+00,1.242328e+00,1.238658e+00,1.241268e+00,1.227733e+00,1.212828e+00,1.230426e+00,1.246625e+00,1.256832e+00,1.266277e+00,1.263366e+00,1.270207e+00,1.281109e+00,1.287958e+00,
1.156257e+00,1.160651e+00,1.159406e+00,1.135788e+00,1.096119e+00,1.077944e+00,1.088104e+00,1.112819e+00,1.123332e+00,1.112852e+00,1.085882e+00,1.082834e+00,1.104453e+00,1.128254e+00,1.125453e+00,1.135271e+00,1.132356e+00,1.113073e+00,1.103594e+00,1.095667e+00,1.102242e+00,1.105429e+00,1.107861e+00,1.111779e+00,1.115571e+00,
3.394217e-01,3.317084e-01,3.363704e-01,3.362305e-01,3.150947e-01,3.295400e-01,2.892076e-01,2.862135e-01,2.943268e-01,2.955508e-01,2.957658e-01,3.049849e-01,3.074825e-01,3.142321e-01,3.227742e-01,3.202962e-01,3.122046e-01,3.054852e-01,3.021765e-01,3.031625e-01,3.137988e-01,3.160626e-01,3.159607e-01,3.187182e-01,3.264548e-01,3.267148e-01,3.120376e-01,3.101521e-01,3.077565e-01,3.110185e-01,3.031330e-01,3.072756e-01,3.100854e-01,3.341505e-01,3.234580e-01,3.516087e-01,3.870790e-01,3.939901e-01,
1.358394e+00,1.345456e+00,1.337841e+00,1.344146e+00,1.342680e+00,1.338937e+00,1.332541e+00,1.321784e+00,1.302975e+00,1.293013e+00,1.284964e+00,1.288453e+00,1.297968e+00,1.302283e+00,1.306919e+00,1.308433e+00,1.299732e+00,1.306675e+00,1.328394e+00,1.339191e+00,1.340339e+00,1.349416e+00,
1.088859e+00,1.086625e+00,1.088942e+00,1.089906e+00,1.077291e+00,1.067285e+00,1.057170e+00,1.056404e+00,1.058020e+00,1.058567e+00,1.060643e+00,1.064754e+00,1.067291e+00,1.070138e+00,1.061726e+00,1.061109e+00,1.061831e+00,1.058757e+00,1.062251e+00,1.049828e+00,1.066139e+00,1.077030e+00,1.088721e+00,1.089674e+00,1.092825e+00,1.092388e+00,1.091912e+00,1.090747e+00,1.088730e+00,
1.279013e+00,1.275432e+00,1.275524e+00,1.279834e+00,1.298635e+00,1.362509e+00,1.385478e+00,1.423552e+00,1.421571e+00,1.394725e+00,1.353654e+00,1.365237e+00,1.292675e+00,1.259941e+00,1.285912e+00,1.263200e+00,1.240828e+00,1.181047e+00,1.179025e+00,1.076858e+00,1.146224e+00,1.224310e+00,1.332797e+00,1.338013e+00,1.327107e+00,1.333604e+00,1.333368e+00,1.324022e+00,1.300457e+00,1.292303e+00,
1.245721e+00,1.322087e+00,1.369571e+00,1.282413e+00,1.231624e+00,1.199817e+00,1.219891e+00,1.225504e+00,1.229035e+00,1.212549e+00,1.206050e+00,1.194205e+00,1.224676e+00,1.258931e+00,1.267532e+00,1.288285e+00,1.287785e+00,1.297132e+00,1.300873e+00,1.294096e+00,1.295515e+00,1.296211e+00,1.297346e+00,
1.300687e+00,1.284790e+00,1.269538e+00,1.258567e+00,1.248718e+00,1.229562e+00,1.211223e+00,1.214275e+00,1.210685e+00,1.206153e+00,1.214370e+00,1.209942e+00,1.233761e+00,1.255156e+00,1.278153e+00,1.281235e+00,1.283619e+00,1.272010e+00,1.267762e+00,1.276062e+00,
1.267059e+00,1.272776e+00,1.271868e+00,1.271182e+00,1.267532e+00,1.272203e+00,1.271728e+00,1.270949e+00,1.273500e+00,1.278027e+00,1.276762e+00,1.275506e+00,1.279041e+00,1.284596e+00,1.287943e+00,1.289911e+00,1.280912e+00,1.280704e+00,1.277077e+00,1.278065e+00,1.280582e+00,1.279225e+00,1.288455e+00,1.285956e+00,1.283253e+00,1.280542e+00,
1.319772e+00,1.319633e+00,1.291404e+00,1.315789e+00,1.305510e+00,1.315383e+00,1.314374e+00,1.250710e+00,1.255355e+00,1.298258e+00,1.314842e+00,1.320644e+00,1.324446e+00,1.293531e+00,1.265276e+00,1.301007e+00,1.229616e+00,1.230189e+00,1.299545e+00,1.300235e+00,1.274388e+00,1.287701e+00,1.262153e+00,1.268693e+00,1.269468e+00,1.256248e+00,1.253688e+00,
1.271438e+00,1.281532e+00,1.263597e+00,1.260932e+00,1.266650e+00,1.271903e+00,1.258025e+00,1.269135e+00,1.291839e+00,1.306830e+00,1.303047e+00,1.305738e+00,1.304038e+00,1.296895e+00,1.298170e+00,1.309586e+00,1.354996e+00,1.342415e+00,1.319213e+00,1.282775e+00,1.278844e+00,1.297038e+00,1.302961e+00,1.303097e+00,1.308247e+00,1.306356e+00,1.288710e+00,1.293145e+00,
1.119694e+00,1.118820e+00,1.104827e+00,1.117004e+00,1.108790e+00,1.096633e+00,1.076737e+00,1.055777e+00,1.055711e+00,1.048319e+00,1.048948e+00,1.075086e+00,1.083643e+00,1.084085e+00,1.102832e+00,1.118630e+00,1.113167e+00,1.092225e+00,1.078082e+00,1.080159e+00,1.092897e+00,1.105434e+00,1.109183e+00,1.103558e+00,1.108884e+00,1.100199e+00,1.106804e+00,1.091019e+00,1.115981e+00,1.121899e+00,1.133728e+00,1.135424e+00,1.137869e+00,1.113894e+00,1.105335e+00,
1.272413e+00,1.269507e+00,1.271216e+00,1.268903e+00,1.267279e+00,1.266678e+00,1.266657e+00,1.273081e+00,1.271179e+00,1.275998e+00,1.279814e+00,1.271782e+00,1.247828e+00,1.240595e+00,1.256193e+00,1.270322e+00,1.279510e+00,1.286321e+00,1.278332e+00,1.273816e+00,1.270905e+00,1.271264e+00,1.270934e+00,1.281302e+00,1.290200e+00,
1.364067e+00,1.348421e+00,1.335601e+00,1.326326e+00,1.322581e+00,1.275277e+00,1.231657e+00,1.272127e+00,1.263235e+00,1.241812e+00,1.209953e+00,1.267294e+00,1.239872e+00,1.295323e+00,1.233941e+00,1.154503e+00,1.171361e+00,1.155529e+00,1.167167e+00,1.179958e+00,1.187191e+00,1.286459e+00,1.316077e+00,1.355798e+00,1.310645e+00,1.320622e+00,1.315021e+00,1.271913e+00,1.275432e+00,
1.245411e+00,1.246101e+00,1.230879e+00,1.251959e+00,1.243450e+00,1.292073e+00,1.282066e+00,1.221465e+00,1.231491e+00,1.280091e+00,1.289473e+00,1.329118e+00,1.360418e+00,1.394690e+00,1.360399e+00,1.244540e+00,1.269586e+00,1.254736e+00,1.361406e+00,1.394217e+00,1.448799e+00,1.442603e+00,1.369413e+00,1.342008e+00,1.318557e+00,1.321683e+00,1.314980e+00,1.308634e+00,1.298518e+00,1.292938e+00,1.304396e+00,1.295727e+00,1.305080e+00,
1.203184e+00,1.224430e+00,1.241067e+00,1.245153e+00,1.249916e+00,1.253889e+00,1.234102e+00,1.236797e+00,1.225294e+00,1.222261e+00,1.209477e+00,1.199542e+00,1.192399e+00,1.192971e+00,1.202671e+00,1.233656e+00,1.237874e+00,1.245426e+00,1.244216e+00,1.234960e+00,1.228692e+00,1.225225e+00,1.246575e+00,1.253200e+00,
1.305882e+00,1.313617e+00,1.312407e+00,1.315270e+00,1.319209e+00,1.327024e+00,1.277877e+00,1.294351e+00,1.291179e+00,1.307804e+00,1.308761e+00,1.303579e+00,1.310504e+00,1.313610e+00,1.314479e+00,1.313960e+00,1.304207e+00,1.293348e+00,1.303628e+00,1.320784e+00,1.325903e+00,1.315428e+00,1.307141e+00,1.304339e+00,1.313887e+00,
1.291571e+00,1.292935e+00,1.295035e+00,1.284794e+00,1.276301e+00,1.278362e+00,1.291582e+00,1.294155e+00,1.302819e+00,1.310984e+00,1.296137e+00,1.292585e+00,1.281651e+00,1.319390e+00,1.384103e+00,1.430244e+00,1.357485e+00,1.307111e+00,1.268483e+00,1.283126e+00,1.291694e+00,1.295452e+00,1.297731e+00,1.300734e+00,1.283324e+00,1.299985e+00,1.310122e+00,1.295720e+00,1.290647e+00,1.292397e+00,1.290010e+00,
1.103354e+00,1.083984e+00,1.094376e+00,1.114330e+00,1.130065e+00,1.140034e+00,1.140058e+00,1.142050e+00,1.125831e+00,1.098163e+00,1.092830e+00,1.109208e+00,1.116170e+00,1.103453e+00,1.087198e+00,1.084320e+00,1.080683e+00,1.079291e+00,1.080430e+00,1.090370e+00,1.097704e+00,1.107916e+00,1.110778e+00,1.114456e+00,1.114685e+00,
1.252163e+00,1.286862e+00,1.291999e+00,1.256072e+00,1.258449e+00,1.199965e+00,1.242358e+00,1.261368e+00,1.239216e+00,1.188518e+00,1.224310e+00,1.189974e+00,1.262832e+00,1.279360e+00,1.267306e+00,1.252727e+00,1.246230e+00,1.211179e+00,1.216566e+00,1.216250e+00,1.255570e+00,1.263137e+00,1.256711e+00,1.269160e+00,1.271846e+00,1.262230e+00,1.253338e+00,1.283979e+00,1.289760e+00,1.301256e+00,1.317920e+00,
1.165832e+00,1.151271e+00,1.165053e+00,1.171527e+00,1.162314e+00,1.142316e+00,1.170327e+00,1.246021e+00,1.224015e+00,1.158164e+00,1.112109e+00,1.103045e+00,1.111209e+00,1.137672e+00,1.149964e+00,1.172422e+00,1.176057e+00,1.165186e+00,1.159361e+00,1.129178e+00,1.125377e+00,1.127669e+00,1.127670e+00,1.137989e+00,1.142969e+00,1.137742e+00,1.128093e+00,1.155001e+00,1.178172e+00,1.194615e+00,1.193349e+00,
1.188562e+00,1.183519e+00,1.175231e+00,1.147754e+00,1.131111e+00,1.132223e+00,1.194235e+00,1.206781e+00,1.180315e+00,1.142826e+00,1.146404e+00,1.144486e+00,1.159056e+00,1.172277e+00,1.183120e+00,1.181517e+00,1.159939e+00,1.159338e+00,1.151662e+00,1.151213e+00,1.150858e+00,1.145671e+00,1.147778e+00,1.156382e+00,1.168586e+00,1.175688e+00,1.177633e+00,1.172075e+00,1.174691e+00,1.170513e+00,
3.404277e-01,3.415430e-01,3.506598e-01,3.473318e-01,3.342686e-01,3.022799e-01,2.678634e-01,2.756294e-01,2.808435e-01,2.894756e-01,2.957959e-01,2.999949e-01,3.039335e-01,3.114365e-01,3.063760e-01,2.950661e-01,2.970226e-01,2.977102e-01,3.040191e-01,3.123070e-01,3.213439e-01,3.204616e-01,3.294144e-01,3.255425e-01,3.224641e-01,3.216500e-01,3.216084e-01,3.311321e-01,3.331814e-01,3.325675e-01,3.490370e-01,3.566641e-01,3.469251e-01,
3.832425e-01,3.723753e-01,3.898093e-01,3.625939e-01,3.415110e-01,3.159022e-01,3.131542e-01,3.221447e-01,3.283251e-01,3.292730e-01,3.331479e-01,3.441860e-01,3.342547e-01,3.259521e-01,3.180633e-01,3.192822e-01,3.312040e-01,3.374772e-01,3.375051e-01,3.408684e-01,3.421499e-01,3.411181e-01,3.399203e-01,3.377708e-01,3.396628e-01,3.406678e-01,3.467058e-01,3.741222e-01,3.901498e-01,4.009624e-01,3.936657e-01,3.949305e-01,
3.784182e-01,3.628276e-01,3.396438e-01,3.196962e-01,3.255753e-01,3.326309e-01,3.368984e-01,3.367871e-01,3.349814e-01,3.391983e-01,3.467634e-01,3.444759e-01,3.471814e-01,3.518505e-01,3.475617e-01,3.413060e-01,3.405600e-01,3.429719e-01,3.444072e-01,3.525428e-01,3.519945e-01,3.488122e-01,3.503892e-01,3.558393e-01,3.519718e-01,3.485877e-01,3.422278e-01,3.428037e-01,3.623951e-01,3.756674e-01,3.905659e-01,
1.236946e+00,1.241607e+00,1.238678e+00,1.235339e+00,1.229693e+00,1.224784e+00,1.225358e+00,1.197472e+00,1.201645e+00,1.196342e+00,1.206283e+00,1.200911e+00,1.219824e+00,1.237376e+00,1.245217e+00,1.251373e+00,1.262916e+00,1.260456e+00,1.265926e+00,1.265813e+00,1.258125e+00,1.257439e+00,1.254149e+00,1.255074e+00,1.245765e+00,1.236041e+00,
3.521986e-01,3.342921e-01,3.055925e-01,2.852234e-01,2.836257e-01,2.739228e-01,2.780080e-01,2.777561e-01,2.815306e-01,2.905275e-01,2.893746e-01,2.867055e-01,2.890646e-01,2.796925e-01,2.647035e-01,2.964276e-01,2.953396e-01,2.955864e-01,3.124439e-01,3.073632e-01,3.091189e-01,3.134430e-01,3.115171e-01,3.062206e-01,3.090549e-01,3.062351e-01,2.982457e-01,2.939602e-01,2.847915e-01,2.931005e-01,3.162051e-01,3.238708e-01,3.033310e-01,2.986426e-01,3.159272e-01,3.089297e-01,3.120785e-01,3.126704e-01,3.025692e-01,3.335909e-01,3.339363e-01,3.377186e-01,
1.244359e+00,1.246692e+00,1.241575e+00,1.242484e+00,1.249759e+00,1.256297e+00,1.260944e+00,1.236979e+00,1.233589e+00,1.212790e+00,1.203883e+00,1.217191e+00,1.216430e+00,1.214394e+00,1.216688e+00,1.217625e+00,1.239418e+00,1.257236e+00,1.266087e+00,1.267717e+00,1.276584e+00,1.270959e+00,1.262980e+00,1.262410e+00,1.265317e+00,
1.227009e+00,1.204749e+00,1.166376e+00,1.129351e+00,1.157084e+00,1.205101e+00,1.264361e+00,1.278855e+00,1.290968e+00,1.233191e+00,1.161905e+00,1.118876e+00,1.136440e+00,1.139206e+00,1.149044e+00,1.158606e+00,1.178504e+00,1.185543e+00,1.191426e+00,1.187404e+00,1.170900e+00,1.160319e+00,1.174994e+00,1.186394e+00,1.202034e+00,1.199237e+00,1.185537e+00,1.167681e+00,1.161727e+00,1.170287e+00,1.166785e+00,1.156857e+00,
1.170627e+00,1.160037e+00,1.157114e+00,1.149351e+00,1.205674e+00,1.198330e+00,1.262961e+00,1.214580e+00,1.194162e+00,1.144624e+00,1.145007e+00,1.146904e+00,1.157465e+00,1.159247e+00,1.160356e+00,1.173696e+00,1.167904e+00,1.167063e+00,1.160412e+00,1.162994e+00,1.176553e+00,1.194619e+00,1.221589e+00,1.222936e+00,1.222681e+00,1.198906e+00,
3.952356e-01,3.871493e-01,3.633037e-01,3.282650e-01,3.093295e-01,3.119792e-01,3.113764e-01,3.231749e-01,3.403893e-01,3.370888e-01,3.558513e-01,3.538097e-01,3.423523e-01,3.349684e-01,3.290945e-01,3.288969e-01,3.436206e-01,3.881491e-01,3.918785e-01,4.285284e-01,4.407646e-01,4.324300e-01,3.956078e-01,3.587882e-01,3.862289e-01,3.995932e-01,4.178819e-01,4.217536e-01,
3.897008e-01,3.926345e-01,3.789749e-01,3.576445e-01,3.353538e-01,3.372036e-01,3.447425e-01,3.529773e-01,3.564837e-01,3.550388e-01,3.582363e-01,3.611145e-01,3.508005e-01,3.443573e-01,3.501647e-01,3.551377e-01,3.608192e-01,3.660913e-01,3.649037e-01,3.687286e-01,3.817045e-01,3.860641e-01,3.880615e-01,3.836808e-01,3.836169e-01,3.885179e-01,3.937048e-01,3.950639e-01,4.084860e-01,4.318731e-01,4.512617e-01,4.581375e-01,4.694476e-01,5.280803e-01,5.917007e-01,
1.327542e+00,1.302678e+00,1.291722e+00,1.296434e+00,1.293692e+00,1.306023e+00,1.293658e+00,1.286143e+00,1.295713e+00,1.303120e+00,1.305883e+00,1.309298e+00,1.293083e+00,1.281315e+00,1.269069e+00,1.280020e+00,1.265282e+00,1.260945e+00,1.266623e+00,1.267240e+00,1.272499e+00,1.281191e+00,1.298579e+00,1.304787e+00,1.308123e+00,1.306004e+00,1.328802e+00,1.342980e+00,
1.260861e+00,1.287999e+00,1.303846e+00,1.317416e+00,1.329656e+00,1.329113e+00,1.324565e+00,1.319827e+00,1.322268e+00,1.322448e+00,1.324358e+00,1.340487e+00,1.352996e+00,1.361204e+00,1.365022e+00,1.364411e+00,1.365418e+00,1.361685e+00,1.357623e+00,1.356982e+00,1.360835e+00,1.361752e+00,1.363431e+00,1.365112e+00,1.362378e+00,1.353103e+00,1.350200e+00,1.346921e+00,1.336651e+00,1.334925e+00,1.357862e+00,1.348625e+00,1.340209e+00,1.316336e+00,1.311137e+00,
1.290865e+00,1.289526e+00,1.291743e+00,1.292155e+00,1.286636e+00,1.290409e+00,1.291363e+00,1.288017e+00,1.294229e+00,1.297211e+00,1.290729e+00,1.286956e+00,1.283736e+00,1.288571e+00,1.289220e+00,1.281296e+00,1.285543e+00,1.291338e+00,1.284222e+00,1.281142e+00,1.285097e+00,1.285658e+00,1.290997e+00,1.289762e+00,1.293610e+00,1.302746e+00,1.303198e+00,1.301367e+00,1.290374e+00,1.285685e+00,1.286448e+00,1.289877e+00,1.290921e+00,
1.216931e+00,1.220123e+00,1.218024e+00,1.207402e+00,1.201252e+00,1.193514e+00,1.188628e+00,1.190606e+00,1.199524e+00,1.201503e+00,1.195753e+00,1.190026e+00,1.191984e+00,1.190719e+00,1.194205e+00,1.189811e+00,1.200472e+00,1.205913e+00,1.205815e+00,1.209710e+00,1.212824e+00,1.213591e+00,1.226030e+00,1.227483e+00,1.219190e+00,1.230384e+00,1.235525e+00,
1.144745e+00,1.144996e+00,1.133194e+00,1.099852e+00,1.063051e+00,1.063447e+00,1.055987e+00,1.047991e+00,1.058885e+00,1.050410e+00,1.051286e+00,1.061448e+00,1.072993e+00,1.067777e+00,1.099044e+00,1.131468e+00,1.139681e+00,
1.315121e+00,1.327573e+00,1.337619e+00,1.356690e+00,1.374944e+00,1.366670e+00,1.367388e+00,1.354720e+00,1.343183e+00,1.351886e+00,1.360389e+00,1.373304e+00,1.374372e+00,1.353284e+00,1.298273e+00,1.294776e+00,1.285895e+00,1.281675e+00,1.283384e+00,1.283094e+00,1.289127e+00,1.281693e+00,1.270702e+00,1.311407e+00,1.345533e+00,1.375327e+00,1.371830e+00,1.366178e+00,1.353339e+00,1.352744e+00,1.341279e+00,1.341788e+00,1.333875e+00,1.331635e+00,1.322660e+00,
1.136124e+00,1.112177e+00,1.093578e+00,1.077659e+00,1.061415e+00,1.058057e+00,1.059960e+00,1.060582e+00,1.068705e+00,1.093744e+00,1.097099e+00,1.088008e+00,1.068744e+00,1.072711e+00,1.079797e+00,1.099783e+00,1.100732e+00,1.073349e+00,1.060660e+00,1.099346e+00,1.129969e+00,
1.116150e+00,1.130211e+00,1.119387e+00,1.122124e+00,1.105735e+00,1.107564e+00,1.086262e+00,1.104503e+00,1.114335e+00,1.113184e+00,1.095044e+00,1.091055e+00,1.080681e+00,1.076557e+00,1.072365e+00,1.080901e+00,1.084925e+00,1.095170e+00,1.101452e+00,1.103416e+00,
1.118420e+00,1.106951e+00,1.119934e+00,1.116891e+00,1.114554e+00,1.104987e+00,1.086143e+00,1.088539e+00,1.101048e+00,1.107961e+00,1.121933e+00,1.106948e+00,1.102078e+00,1.084864e+00,1.088428e+00,1.096575e+00,1.101714e+00,1.101851e+00,1.104530e+00,
1.291530e+00,1.299204e+00,1.308741e+00,1.319217e+00,1.323598e+00,1.328050e+00,1.326531e+00,1.328640e+00,1.329316e+00,1.322566e+00,1.328508e+00,1.337197e+00,1.350381e+00,1.356095e+00,1.363616e+00,1.363906e+00,1.367165e+00,1.368878e+00,1.371307e+00,1.373901e+00,1.377051e+00,1.376573e+00,1.374334e+00,1.369942e+00,1.368474e+00,1.366540e+00,1.366659e+00,1.366047e+00,1.367404e+00,1.358325e+00,1.343730e+00,1.336370e+00,1.337085e+00,1.336225e+00,1.334719e+00,1.324246e+00,1.318194e+00,1.319580e+00,1.321100e+00,1.324165e+00,1.319346e+00,1.313803e+00,1.303247e+00,
1.267573e+00,1.248568e+00,1.233513e+00,1.220814e+00,1.217224e+00,1.213954e+00,1.215812e+00,1.241156e+00,1.262915e+00,1.269696e+00,1.260835e+00,1.255716e+00,1.258008e+00,1.259412e+00,1.247470e+00,1.244729e+00,1.237138e+00,1.233348e+00,1.240926e+00,1.245677e+00,1.263944e+00,1.268529e+00,1.262928e+00,
1.306278e+00,1.276696e+00,1.246187e+00,1.227916e+00,1.221290e+00,1.214914e+00,1.217205e+00,1.229004e+00,1.237052e+00,1.241625e+00,1.237826e+00,1.229662e+00,1.226523e+00,1.224714e+00,1.222919e+00,1.222733e+00,1.228249e+00,1.229889e+00,1.241093e+00,1.240385e+00,1.243076e+00,1.236343e+00,1.235115e+00,1.235827e+00,1.240433e+00,1.242722e+00,1.260019e+00,1.277784e+00,1.303999e+00,1.316033e+00,1.320016e+00,1.319895e+00,1.314494e+00,1.297947e+00,
1.147433e+00,1.149573e+00,1.150666e+00,1.151658e+00,1.145210e+00,1.128145e+00,1.118454e+00,1.116308e+00,1.137225e+00,1.147947e+00,1.133975e+00,1.120165e+00,1.097037e+00,1.090943e+00,1.087860e+00,1.089522e+00,1.083128e+00,1.080171e+00,1.074240e+00,1.076126e+00,1.077266e+00,1.078109e+00,1.073744e+00,1.096055e+00,1.126156e+00,1.155698e+00,1.153631e+00,
1.224372e+00,1.227475e+00,1.237511e+00,1.235782e+00,1.217883e+00,1.208407e+00,1.205896e+00,1.204583e+00,1.208112e+00,1.218535e+00,1.222419e+00,1.229822e+00,1.229992e+00,1.234758e+00,1.232581e+00,1.229140e+00,1.244778e+00,1.242120e+00,1.233960e+00,1.229116e+00,1.228874e+00,1.224527e+00,1.234890e+00,1.232633e+00,1.230784e+00,1.249847e+00,1.251934e+00,1.238418e+00,
1.235312e+00,1.224360e+00,1.221713e+00,1.203867e+00,1.206981e+00,1.196528e+00,1.208661e+00,1.204200e+00,1.194550e+00,1.178476e+00,1.186381e+00,1.186217e+00,1.187809e+00,1.181986e+00,1.180049e+00,1.184515e+00,1.188706e+00,1.190906e+00,1.186618e+00,1.184271e+00,1.201828e+00,1.220462e+00,1.235968e+00,
1.216380e+00,1.202815e+00,1.183141e+00,1.186371e+00,1.181002e+00,1.177750e+00,1.153881e+00,1.150994e+00,1.147981e+00,1.159534e+00,1.167953e+00,1.175536e+00,1.172446e+00,1.173396e+00,1.169964e+00,1.168334e+00,1.169669e+00,1.165961e+00,1.168951e+00,1.168694e+00,1.171643e+00,1.173575e+00,1.175944e+00,
1.155041e+00,1.142964e+00,1.125781e+00,1.129057e+00,1.133569e+00,1.136317e+00,1.145820e+00,1.143704e+00,1.138025e+00,1.135886e+00,1.129935e+00,1.136478e+00,1.137722e+00,1.124339e+00,1.118847e+00,1.115992e+00,1.114558e+00,1.117706e+00,1.118965e+00,1.123524e+00,1.123166e+00,1.120272e+00,1.116093e+00,1.121037e+00,1.149929e+00,1.172783e+00,
3.621548e-01,3.444273e-01,3.187286e-01,2.999677e-01,2.784837e-01,2.763176e-01,2.692479e-01,2.633584e-01,2.643916e-01,2.651212e-01,2.684978e-01,2.702651e-01,2.738751e-01,2.780102e-01,2.776766e-01,2.701984e-01,2.830231e-01,2.862013e-01,2.909418e-01,3.067984e-01,3.309716e-01,3.513830e-01,3.655717e-01,3.804915e-01,3.967646e-01,4.098395e-01,
1.278803e+00,1.272995e+00,1.266819e+00,1.260880e+00,1.241658e+00,1.238441e+00,1.248536e+00,1.251958e+00,1.263058e+00,1.262202e+00,1.252759e+00,1.260932e+00,1.259080e+00,1.255179e+00,1.259591e+00,1.261699e+00,1.265568e+00,1.269467e+00,1.269144e+00,1.256450e+00,1.260661e+00,1.253755e+00,1.249099e+00,1.256704e+00,1.263452e+00,1.270907e+00,1.275902e+00,1.280416e+00,
1.163371e+00,1.164840e+00,1.143762e+00,1.111169e+00,1.111189e+00,1.103369e+00,1.107587e+00,1.096300e+00,1.087810e+00,1.070832e+00,1.072041e+00,1.081018e+00,1.081932e+00,1.074124e+00,1.072795e+00,1.103439e+00,1.113583e+00,1.113104e+00,1.094906e+00,1.099702e+00,1.101878e+00,
3.817162e-01,3.495480e-01,3.117867e-01,2.923561e-01,2.844849e-01,2.799955e-01,2.746268e-01,2.771376e-01,2.790255e-01,2.776124e-01,2.763751e-01,2.677577e-01,2.717431e-01,2.783149e-01,2.845181e-01,2.893950e-01,2.899545e-01,2.946670e-01,3.016366e-01,2.965633e-01,2.903134e-01,3.181503e-01,3.414347e-01,3.519071e-01,3.574864e-01,3.668237e-01,3.807504e-01,
1.206602e+00,1.197947e+00,1.198952e+00,1.191777e+00,1.202196e+00,1.196533e+00,1.179362e+00,1.168782e+00,1.171758e+00,1.189081e+00,1.198852e+00,1.182782e+00,1.162814e+00,1.161102e+00,1.158563e+00,1.159070e+00,1.158322e+00,1.160655e+00,1.161813e+00,1.177202e+00,1.191418e+00,1.207596e+00,1.213056e+00,
1.229118e+00,1.216518e+00,1.203329e+00,1.184508e+00,1.183951e+00,1.186982e+00,1.192332e+00,1.208255e+00,1.206168e+00,1.209741e+00,1.207402e+00,1.205800e+00,1.189629e+00,1.192103e+00,1.186728e+00,1.184525e+00,1.182563e+00,1.175718e+00,1.171973e+00,1.172805e+00,1.177789e+00,1.169046e+00,1.167472e+00,1.163862e+00,1.164232e+00,1.163493e+00,1.180029e+00,1.196849e+00,
1.271394e+00,1.267170e+00,1.270500e+00,1.270638e+00,1.266906e+00,1.265804e+00,1.262636e+00,1.267092e+00,1.255254e+00,1.268343e+00,1.265317e+00,1.252566e+00,1.233153e+00,1.221721e+00,1.225131e+00,1.247367e+00,1.266996e+00,1.281918e+00,1.268520e+00,1.264980e+00,1.267069e+00,1.275741e+00,1.257764e+00,1.237367e+00,1.232743e+00,1.257969e+00,1.262155e+00,
1.295634e+00,1.289885e+00,1.280592e+00,1.265749e+00,1.257300e+00,1.252138e+00,1.251369e+00,1.251423e+00,1.258362e+00,1.256229e+00,1.252091e+00,1.245736e+00,1.244377e+00,1.245658e+00,1.245934e+00,1.240571e+00,1.239038e+00,1.245130e+00,1.246822e+00,1.247670e+00,1.262218e+00,1.264278e+00,1.263729e+00,
1.033527e+00,1.043284e+00,1.055889e+00,1.073557e+00,1.076985e+00,1.064183e+00,1.057679e+00,1.074594e+00,1.081193e+00,1.069924e+00,1.058135e+00,1.036849e+00,1.037664e+00,1.043079e+00,1.046630e+00,1.061872e+00,1.074991e+00,1.085691e+00,
1.067285e+00,1.057676e+00,1.049863e+00,1.035833e+00,1.041085e+00,1.051504e+00,1.066482e+00,1.074539e+00,1.063841e+00,1.064870e+00,1.063500e+00,1.067562e+00,1.053844e+00,1.061285e+00,1.069002e+00,1.075708e+00,1.076390e+00,
1.245425e+00,1.229033e+00,1.210608e+00,1.204887e+00,1.197597e+00,1.195408e+00,1.214023e+00,1.223429e+00,1.233822e+00,1.235740e+00,1.231040e+00,1.229602e+00,1.229296e+00,1.212485e+00,1.194437e+00,1.200846e+00,1.202059e+00,1.193297e+00,1.200823e+00,1.209311e+00,1.214494e+00,1.206235e+00,1.208527e+00,1.198793e+00,1.211227e+00,1.206568e+00,
1.191253e+00,1.218090e+00,1.244615e+00,1.257149e+00,1.254411e+00,1.255384e+00,1.255558e+00,1.251214e+00,1.250362e+00,1.247470e+00,1.241639e+00,1.245827e+00,1.234398e+00,1.228691e+00,1.228208e+00,1.233362e+00,1.245860e+00,1.247703e+00,1.247605e+00,1.247627e+00,1.242855e+00,1.234149e+00,1.224539e+00,1.216986e+00,1.225982e+00,1.238477e+00,1.259002e+00,
1.211958e+00,1.201311e+00,1.193561e+00,1.196364e+00,1.188917e+00,1.187455e+00,1.197353e+00,1.204555e+00,1.205551e+00,1.205407e+00,1.216980e+00,1.224303e+00,1.224286e+00,1.220178e+00,1.217181e+00,1.211144e+00,1.207149e+00,1.204868e+00,1.209215e+00,1.219623e+00,1.236004e+00,1.248330e+00,
1.225719e+00,1.229403e+00,1.237832e+00,1.231609e+00,1.243959e+00,1.241709e+00,1.249219e+00,1.247845e+00,1.248693e+00,1.241140e+00,1.249053e+00,1.245052e+00,1.247732e+00,1.236384e+00,1.252683e+00,1.239122e+00,1.252862e+00,1.246353e+00,1.235883e+00,1.235551e+00,1.228446e+00,1.204769e+00,1.210078e+00,1.213927e+00,1.223784e+00,
3.102298e-01,3.020630e-01,2.912995e-01,2.771538e-01,2.724592e-01,2.695244e-01,2.646255e-01,2.598593e-01,2.607063e-01,2.543043e-01,2.522390e-01,2.512171e-01,2.547610e-01,2.629419e-01,2.617936e-01,2.549139e-01,2.490298e-01,2.595626e-01,2.701381e-01,2.701087e-01,2.788186e-01,2.935325e-01,3.250548e-01,3.339762e-01,3.524243e-01,3.632642e-01,3.633136e-01,3.715524e-01,
1.098925e+00,1.096521e+00,1.087011e+00,1.076879e+00,1.068405e+00,1.073029e+00,1.081208e+00,1.084342e+00,1.076480e+00,1.080643e+00,1.089833e+00,1.099340e+00,1.098554e+00,1.096395e+00,1.090546e+00,1.090841e+00,1.089170e+00,1.094314e+00,1.097424e+00,1.097274e+00,
3.506106e-01,3.344885e-01,3.106366e-01,2.905554e-01,2.831871e-01,2.783268e-01,2.746263e-01,2.719109e-01,2.731608e-01,2.615506e-01,2.633018e-01,2.585348e-01,2.555805e-01,2.590539e-01,2.606909e-01,2.633109e-01,2.606756e-01,2.649749e-01,2.687591e-01,2.763563e-01,2.782245e-01,2.831753e-01,3.005136e-01,3.214667e-01,3.339301e-01,3.528051e-01,3.711452e-01,3.782902e-01,3.911430e-01,
1.315507e+00,1.276448e+00,1.255184e+00,1.251458e+00,1.251995e+00,1.262300e+00,1.277646e+00,1.278979e+00,1.289278e+00,1.294864e+00,1.285113e+00,1.282548e+00,1.275884e+00,1.262864e+00,1.256731e+00,1.265369e+00,1.273587e+00,1.292963e+00,1.317051e+00,1.311887e+00,1.302445e+00,1.306989e+00,1.322345e+00,
1.289268e+00,1.286478e+00,1.288284e+00,1.284921e+00,1.283142e+00,1.285638e+00,1.287615e+00,1.284531e+00,1.280838e+00,1.275523e+00,1.278164e+00,1.277183e+00,1.278752e+00,1.271461e+00,1.273433e+00,1.278616e+00,1.276903e+00,1.282162e+00,1.281315e+00,1.282321e+00,1.287399e+00,1.292888e+00,1.283806e+00,1.282424e+00,1.281573e+00,1.288731e+00,1.292048e+00,1.279208e+00,1.274306e+00,1.273588e+00,1.275896e+00,1.281834e+00,1.287983e+00,1.282215e+00,1.288981e+00,1.297907e+00,
1.060278e+00,1.044941e+00,1.053806e+00,1.062348e+00,1.055170e+00,1.062097e+00,1.059319e+00,1.061820e+00,1.087618e+00,1.105657e+00,1.108409e+00,1.097698e+00,1.083444e+00,1.083381e+00,1.071335e+00,1.069591e+00,1.071532e+00,1.077375e+00,1.088634e+00,1.092091e+00,
1.067335e+00,1.059257e+00,1.062177e+00,1.048833e+00,1.049858e+00,1.056090e+00,1.057437e+00,1.056820e+00,1.058127e+00,1.056252e+00,1.052305e+00,1.054839e+00,1.050680e+00,1.046841e+00,1.044557e+00,1.035635e+00,1.028425e+00,
1.352088e+00,1.354109e+00,1.350739e+00,1.354105e+00,1.354796e+00,1.356844e+00,1.358205e+00,1.358971e+00,1.357842e+00,1.358884e+00,1.354174e+00,1.359085e+00,1.367117e+00,1.365324e+00,1.366832e+00,1.369279e+00,1.368436e+00,1.360708e+00,1.353494e+00,1.355928e+00,1.349910e+00,1.340527e+00,1.331440e+00,1.332992e+00,1.339193e+00,1.340279e+00,1.335494e+00,1.329266e+00,1.320255e+00,1.313275e+00,1.308571e+00,1.309493e+00,1.306307e+00,1.298279e+00,1.290308e+00,
1.297045e+00,1.311961e+00,1.323234e+00,1.331625e+00,1.328574e+00,1.331759e+00,1.323780e+00,1.316360e+00,1.314672e+00,1.246229e+00,1.168151e+00,1.195617e+00,1.243864e+00,1.300130e+00,1.290968e+00,1.293640e+00,1.298359e+00,1.297281e+00,1.300080e+00,1.302697e+00,1.297153e+00,1.309614e+00,1.297532e+00,1.286159e+00,
1.332912e+00,1.319777e+00,1.288383e+00,1.288337e+00,1.278399e+00,1.265861e+00,1.250758e+00,1.240440e+00,1.239236e+00,1.227386e+00,1.233530e+00,1.256602e+00,1.274105e+00,1.287244e+00,1.347703e+00,1.354972e+00,1.305432e+00,1.270812e+00,1.240992e+00,1.239661e+00,1.241589e+00,1.249286e+00,1.252820e+00,1.255131e+00,1.255107e+00,1.273044e+00,1.266058e+00,1.242504e+00,
1.278041e+00,1.270899e+00,1.265556e+00,1.267053e+00,1.273692e+00,1.270174e+00,1.263285e+00,1.256825e+00,1.255897e+00,1.254651e+00,1.253172e+00,1.260693e+00,1.264675e+00,1.280555e+00,1.279305e+00,1.284314e+00,1.278461e+00,1.287248e+00,1.283078e+00,1.279821e+00,1.286859e+00,1.286209e+00,1.284145e+00,1.287509e+00,1.290943e+00,1.286826e+00,1.288161e+00,1.288834e+00,1.281795e+00,1.290994e+00,1.292031e+00,1.293466e+00,1.284337e+00,
1.318144e+00,1.333261e+00,1.343994e+00,1.355302e+00,1.360747e+00,1.368313e+00,1.371359e+00,1.371846e+00,1.373623e+00,1.375233e+00,1.369303e+00,1.365254e+00,1.366416e+00,1.374711e+00,1.379767e+00,1.380422e+00,1.381774e+00,1.387568e+00,1.389540e+00,1.382105e+00,1.381319e+00,1.378551e+00,1.372907e+00,1.378486e+00,1.380618e+00,1.372958e+00,1.370926e+00,1.373439e+00,1.361006e+00,1.344125e+00,1.337285e+00,1.334090e+00,1.335220e+00,1.336474e+00,1.334422e+00,1.335820e+00,1.336966e+00,1.332557e+00,1.325354e+00,1.317998e+00,
1.241528e+00,1.251179e+00,1.244332e+00,1.228386e+00,1.227715e+00,1.229813e+00,1.239291e+00,1.239198e+00,1.242419e+00,1.248221e+00,1.248832e+00,1.243143e+00,1.256055e+00,1.248321e+00,1.244714e+00,1.248342e+00,1.257310e+00,1.263920e+00,1.279495e+00,1.296437e+00,1.293620e+00,1.296028e+00,1.306854e+00,1.312775e+00,1.294552e+00,1.285920e+00,1.295947e+00,1.312035e+00,
1.303838e+00,1.289493e+00,1.287416e+00,1.275940e+00,1.287376e+00,1.287529e+00,1.283268e+00,1.283869e+00,1.285674e+00,1.283899e+00,1.280478e+00,1.264974e+00,1.264918e+00,1.276469e+00,1.287410e+00,1.279904e+00,1.276042e+00,1.275981e+00,1.276208e+00,1.279816e+00,1.271168e+00,1.267750e+00,1.280789e+00,
1.218300e+00,1.204339e+00,1.189866e+00,1.166764e+00,1.155834e+00,1.159147e+00,1.171397e+00,1.178468e+00,1.162876e+00,1.146658e+00,1.158712e+00,1.157402e+00,1.159374e+00,1.156423e+00,1.155952e+00,1.151763e+00,1.153567e+00,1.153881e+00,1.157108e+00,1.160814e+00,1.174457e+00,1.189967e+00,
1.210412e+00,1.224492e+00,1.238625e+00,1.243772e+00,1.229862e+00,1.234638e+00,1.230171e+00,1.213293e+00,1.208578e+00,1.208048e+00,1.198826e+00,1.177734e+00,1.182320e+00,1.182147e+00,1.192433e+00,1.207221e+00,1.215830e+00,1.215470e+00,1.208262e+00,1.188944e+00,1.181181e+00,1.187768e+00,1.200048e+00,
1.321050e+00,1.322331e+00,1.329250e+00,1.331742e+00,1.335213e+00,1.339830e+00,1.346323e+00,1.351351e+00,1.356419e+00,1.354907e+00,1.354156e+00,1.357615e+00,1.361098e+00,1.360934e+00,1.356137e+00,1.361077e+00,1.364762e+00,1.366922e+00,1.363827e+00,1.360921e+00,1.361638e+00,1.359191e+00,1.363210e+00,1.361763e+00,1.361795e+00,1.359588e+00,1.353852e+00,1.350327e+00,1.345920e+00,1.347985e+00,
3.549805e-01,3.402555e-01,3.218775e-01,2.847998e-01,2.743649e-01,2.665728e-01,2.614572e-01,2.603603e-01,2.607036e-01,2.610176e-01,2.674868e-01,2.666943e-01,2.671264e-01,2.671822e-01,2.740683e-01,2.814941e-01,2.882425e-01,2.968943e-01,3.029525e-01,3.271129e-01,3.453706e-01,3.659210e-01,3.836942e-01,3.997593e-01,
1.192301e+00,1.200954e+00,1.219388e+00,1.227174e+00,1.245975e+00,1.241041e+00,1.223064e+00,1.223865e+00,1.219190e+00,1.229999e+00,1.234075e+00,1.229110e+00,1.216155e+00,1.189062e+00,1.185604e+00,1.180099e+00,1.191243e+00,1.208505e+00,1.215025e+00,1.204478e+00,1.190805e+00,1.182859e+00,1.187048e+00,
1.153004e+00,1.148741e+00,1.142426e+00,1.140048e+00,1.140613e+00,1.142931e+00,1.144184e+00,1.144272e+00,1.148063e+00,1.149320e+00,1.144675e+00,1.144909e+00,1.144476e+00,1.145298e+00,1.137870e+00,1.144292e+00,1.137190e+00,1.138262e+00,1.136107e+00,1.133968e+00,1.128741e+00,1.130116e+00,1.140447e+00,1.152523e+00,1.156495e+00,1.160442e+00,1.144904e+00,1.145508e+00,1.144475e+00,1.145752e+00,1.149271e+00,1.154166e+00,1.152319e+00,1.153733e+00,1.148701e+00,1.166937e+00,1.187088e+00,1.194475e+00,1.180501e+00,
1.305493e+00,1.315297e+00,1.332014e+00,1.334704e+00,1.338497e+00,1.336897e+00,1.331482e+00,1.332262e+00,1.335770e+00,1.340764e+00,1.357620e+00,1.372223e+00,1.366977e+00,1.370186e+00,1.372037e+00,1.376334e+00,1.379098e+00,1.378334e+00,1.375192e+00,1.375041e+00,1.375443e+00,1.371461e+00,1.364314e+00,1.362513e+00,1.358203e+00,1.353806e+00,1.344817e+00,1.337692e+00,1.332802e+00,1.327616e+00,1.328856e+00,1.325478e+00,1.323869e+00,1.317094e+00,1.311169e+00,1.305606e+00,1.304019e+00,1.299969e+00,1.290050e+00,
3.557675e-01,3.559296e-01,3.330868e-01,2.970198e-01,2.860898e-01,2.591844e-01,2.581586e-01,2.503140e-01,2.443879e-01,2.386597e-01,2.343938e-01,2.371064e-01,2.330767e-01,2.450827e-01,2.448275e-01,2.543618e-01,2.540461e-01,2.643054e-01,2.611670e-01,2.584639e-01,2.748915e-01,2.889893e-01,3.157771e-01,3.252068e-01,3.540995e-01,3.597907e-01,3.708141e-01,
4.187270e-01,4.021299e-01,3.876581e-01,3.615535e-01,3.397536e-01,3.253653e-01,3.082794e-01,3.005924e-01,2.906504e-01,2.785678e-01,2.723871e-01,2.710736e-01,2.740902e-01,2.754678e-01,2.825281e-01,2.879933e-01,2.944483e-01,3.023977e-01,3.112492e-01,3.211308e-01,3.335269e-01,3.489495e-01,3.579434e-01,3.931515e-01,4.265591e-01,4.631192e-01,5.482131e-01,6.311724e-01,
3.523727e-01,3.388696e-01,3.184363e-01,2.965093e-01,2.798815e-01,2.793167e-01,2.726692e-01,2.692379e-01,2.674658e-01,2.652114e-01,2.580848e-01,2.599083e-01,2.545373e-01,2.587886e-01,2.660486e-01,2.721102e-01,2.719634e-01,2.766953e-01,2.840711e-01,2.841539e-01,2.925786e-01,3.353751e-01,3.725677e-01,3.891191e-01,3.954441e-01,3.965838e-01,
3.638426e-01,3.689963e-01,3.503722e-01,3.284021e-01,2.903841e-01,2.783327e-01,2.742548e-01,2.732385e-01,2.770427e-01,2.786871e-01,2.795159e-01,2.850535e-01,2.859912e-01,2.856975e-01,2.895144e-01,2.933202e-01,3.067548e-01,3.113226e-01,3.205966e-01,3.296552e-01,3.389779e-01,3.611704e-01,3.772763e-01,
1.188717e+00,1.177396e+00,1.163817e+00,1.165935e+00,1.160010e+00,1.152671e+00,1.146066e+00,1.136622e+00,1.137025e+00,1.143759e+00,1.155414e+00,1.161245e+00,1.169483e+00,1.166325e+00,1.163937e+00,1.159755e+00,1.153207e+00,1.149726e+00,1.149859e+00,1.152258e+00,1.154200e+00,1.152119e+00,
1.225854e+00,1.227182e+00,1.213031e+00,1.197103e+00,1.171025e+00,1.179058e+00,1.186149e+00,1.187551e+00,1.180039e+00,1.178726e+00,1.189339e+00,1.181960e+00,1.160872e+00,1.161595e+00,1.154247e+00,1.151318e+00,1.152023e+00,1.150071e+00,1.156455e+00,1.164396e+00,1.164013e+00,1.179066e+00,1.194148e+00,1.219147e+00,1.222237e+00,1.224131e+00,
3.529966e-01,3.470629e-01,3.477983e-01,3.229065e-01,3.102741e-01,2.837963e-01,2.694475e-01,2.631354e-01,2.499022e-01,2.456074e-01,2.425708e-01,2.390740e-01,2.332390e-01,2.346482e-01,2.347906e-01,2.406238e-01,2.490416e-01,2.513102e-01,2.547971e-01,2.562956e-01,2.596604e-01,2.639765e-01,2.678937e-01,2.648382e-01,2.862662e-01,3.114751e-01,3.307266e-01,3.470662e-01,3.588698e-01,3.767765e-01,
1.218105e+00,1.229230e+00,1.229889e+00,1.240101e+00,1.241576e+00,1.240370e+00,1.280290e+00,1.328389e+00,1.318763e+00,1.280469e+00,1.241187e+00,1.235623e+00,1.251215e+00,1.256587e+00,1.265918e+00,1.285876e+00,1.319990e+00,1.284024e+00,1.246303e+00,1.237012e+00,1.245613e+00,1.254973e+00,1.269944e+00,
