-1.976603e+00,-1.858905e+00,-1.893708e+00,-1.934023e+00,-2.078306e+00,-2.183493e+00,-2.241165e+00,-2.326572e+00,-2.153130e+00,-1.986351e+00,-1.977143e+00,-1.972808e+00,-1.979296e+00,-1.984931e+00,-1.988513e+00,-1.974543e+00,-1.971896e+00,-2.012720e+00,-2.039034e+00,-2.081747e+00,-2.026700e+00,-2.048405e+00,-2.052802e+00,-2.110539e+00,-2.107590e+00,
-1.825029e+00,-1.859980e+00,-1.892449e+00,-1.971228e+00,-1.985441e+00,-1.988955e+00,-1.974690e+00,-1.974005e+00,-1.963920e+00,-1.781443e+00,-1.781811e+00,-1.765246e+00,-1.986099e+00,-1.984156e+00,-2.034789e+00,-2.024155e+00,-2.013551e+00,-2.017459e+00,-1.813912e+00,-1.852559e+00,-1.878531e+00,-1.944200e+00,-1.926417e+00,-2.055462e+00,-2.093741e+00,-2.019511e+00,-2.024008e+00,-1.927086e+00,-1.996802e+00,
-2.135198e+00,-2.121120e+00,-2.079333e+00,-2.002703e+00,-1.984887e+00,-2.116686e+00,-2.292736e+00,-2.335132e+00,-2.110879e+00,-2.009946e+00,-1.907630e+00,-1.873201e+00,-1.851725e+00,-1.870567e+00,-1.932433e+00,-1.906717e+00,-1.923257e+00,-1.942649e+00,-1.970720e+00,-1.983073e+00,-2.000117e+00,-1.984363e+00,-1.903733e+00,-1.852324e+00,-1.777108e+00,
-2.174191e+00,-2.162798e+00,-2.112267e+00,-2.151350e+00,-2.171515e+00,-2.241673e+00,-2.139954e+00,-2.073296e+00,-2.135359e+00,-2.187377e+00,-2.100196e+00,-2.089294e+00,-2.081321e+00,-2.160104e+00,-2.223234e+00,-2.206522e+00,-2.222233e+00,-2.305247e+00,-2.320549e+00,-2.229718e+00,-2.154229e+00,-2.161089e+00,-2.188218e+00,-2.261080e+00,-2.135453e+00,-2.060973e+00,-2.010776e+00,-2.048872e+00,-1.937932e+00,-1.945616e+00,-1.944140e+00,-2.030262e+00,-2.052393e+00,-2.069928e+00,
-1.593207e+00,-1.601075e+00,-1.691017e+00,-1.676210e+00,-1.694444e+00,-1.720883e+00,-1.823257e+00,-1.797980e+00,-1.718627e+00,-1.707206e+00,-1.744930e+00,-1.762214e+00,-1.728582e+00,-1.725150e+00,-1.767256e+00,-1.779172e+00,-1.781227e+00,-1.819986e+00,-1.864563e+00,-1.861961e+00,-1.856413e+00,-1.854641e+00,-1.827721e+00,-1.836237e+00,
-1.595317e+00,-1.657120e+00,-1.685716e+00,-1.751950e+00,-1.815934e+00,-1.935065e+00,-1.825770e+00,-1.701789e+00,-1.578975e+00,-1.558011e+00,-1.584544e+00,-1.583322e+00,-1.571870e+00,-1.685171e+00,-1.689595e+00,-1.768358e+00,-1.743573e+00,-1.775050e+00,-1.666173e+00,-1.587670e+00,-1.520979e+00,
-1.540608e+00,-1.543153e+00,-1.569875e+00,-1.606406e+00,-1.615901e+00,-1.657503e+00,-1.647423e+00,-1.606034e+00,-1.520091e+00,-1.519910e+00,-1.562037e+00,-1.616873e+00,-1.637465e+00,-1.656525e+00,-1.641123e+00,-1.634336e+00,-1.620374e+00,-1.581329e+00,-1.575418e+00,-1.574909e+00,-1.628912e+00,-1.662763e+00,-1.705317e+00,
-1.665979e+00,-1.675189e+00,-1.814832e+00,-1.693844e+00,-1.903271e+00,-1.790980e+00,-2.055527e+00,-2.139826e+00,-2.291807e+00,-2.151653e+00,-2.005887e+00,-1.989998e+00,-1.916864e+00,-1.900543e+00,-1.934677e+00,-1.974449e+00,-1.982919e+00,-1.946210e+00,-1.984915e+00,-2.050323e+00,-2.096030e+00,
-1.901982e+00,-1.655823e+00,-1.424621e+00,-1.521749e+00,-1.602799e+00,-1.390063e+00,-1.611850e+00,-1.915555e+00,-1.912652e+00,-1.942101e+00,-1.949978e+00,-1.897237e+00,-1.837972e+00,-1.820798e+00,-1.900343e+00,-1.975062e+00,-1.934402e+00,-1.937221e+00,-1.923888e+00,
-1.856692e+00,-1.773947e+00,-1.783000e+00,-1.796842e+00,-1.803949e+00,-1.803104e+00,-1.872019e+00,-1.916003e+00,-1.835721e+00,-1.834463e+00,-1.937283e+00,-1.923326e+00,-1.925279e+00,-1.930972e+00,-1.928022e+00,-1.836529e+00,-1.792480e+00,-1.895365e+00,-1.855118e+00,-1.777887e+00,-1.769139e+00,-1.760307e+00,-1.705704e+00,-1.711520e+00,-1.758863e+00,-1.852343e+00,-1.817602e+00,-1.762353e+00,
-1.649067e+00,-1.623492e+00,-1.607159e+00,-1.610065e+00,-1.609135e+00,-1.600462e+00,-1.611905e+00,-1.632731e+00,-1.665287e+00,-1.625438e+00,-1.606105e+00,-1.583246e+00,-1.583727e+00,-1.591027e+00,-1.573617e+00,-1.579074e+00,-1.604079e+00,-1.625141e+00,-1.621814e+00,-1.574811e+00,-1.572097e+00,-1.576147e+00,-1.584657e+00,-1.563458e+00,
-1.912589e+00,-1.913393e+00,-1.820037e+00,-1.839760e+00,-1.881574e+00,-1.837567e+00,-1.830807e+00,-1.700887e+00,-1.717084e+00,-1.746927e+00,-1.786068e+00,-1.748344e+00,-1.709456e+00,-1.700276e+00,-1.696781e+00,-1.700478e+00,-1.687998e+00,-1.776546e+00,-1.853958e+00,-1.956726e+00,-1.941716e+00,-1.816266e+00,-1.718972e+00,-1.614302e+00,-1.606817e+00,
-1.685680e+00,-1.670918e+00,-1.749063e+00,-1.878152e+00,-2.099139e+00,-2.045630e+00,-1.941677e+00,-1.895317e+00,-1.860559e+00,-1.788437e+00,-1.802128e+00,-1.834867e+00,-1.884200e+00,-1.860938e+00,-1.862260e+00,-1.893083e+00,-1.904871e+00,-1.950496e+00,-1.940777e+00,-1.947856e+00,-1.947172e+00,-1.958472e+00,-1.971481e+00,-1.960129e+00,-1.968775e+00,-1.956688e+00,-1.965786e+00,-1.953729e+00,
-2.034192e+00,-1.945861e+00,-1.973249e+00,-2.021149e+00,-2.113226e+00,-2.087428e+00,-2.047916e+00,-2.040458e+00,-1.950910e+00,-1.902444e+00,-1.780617e+00,-1.823064e+00,-1.846978e+00,-1.871602e+00,-1.871856e+00,-1.850788e+00,-1.857034e+00,-1.828180e+00,-1.821179e+00,-1.795020e+00,-1.886949e+00,-1.967138e+00,
-1.819341e+00,-1.874639e+00,-1.932101e+00,-1.947698e+00,-1.955643e+00,-1.934458e+00,-1.954155e+00,-1.963282e+00,-1.987971e+00,-2.016445e+00,-2.029774e+00,-2.048619e+00,-2.062625e+00,-2.053452e+00,-1.969860e+00,-2.000791e+00,-1.990365e+00,-2.050820e+00,-2.061371e+00,-2.068778e+00,-2.075163e+00,-2.078281e+00,-2.075183e+00,-1.832812e+00,-1.888338e+00,-1.857058e+00,-2.074376e+00,-2.100514e+00,-2.110637e+00,-2.132311e+00,-2.121113e+00,-2.103212e+00,-1.992525e+00,-2.003307e+00,
-1.471803e+00,-1.465842e+00,-1.466868e+00,-1.468721e+00,-1.476575e+00,-1.488639e+00,-1.489010e+00,-1.482280e+00,-1.470795e+00,-1.463024e+00,-1.453273e+00,-1.451088e+00,-1.451751e+00,-1.457964e+00,-1.466424e+00,-1.475098e+00,-1.488677e+00,-1.487294e+00,-1.484235e+00,-1.474430e+00,-1.476656e+00,-1.481323e+00,-1.482875e+00,-1.480836e+00,-1.479723e+00,-1.489671e+00,-1.511157e+00,-1.531043e+00,-1.511384e+00,-1.563522e+00,-1.554141e+00,-1.578362e+00,
-1.600248e+00,-1.622958e+00,-1.651529e+00,-1.658169e+00,-1.669746e+00,-1.665531e+00,-1.661626e+00,-1.657801e+00,-1.663403e+00,-1.660255e+00,-1.664963e+00,-1.669929e+00,-1.657707e+00,-1.635636e+00,-1.646013e+00,-1.650695e+00,-1.655027e+00,-1.656372e+00,-1.647306e+00,-1.643865e+00,-1.628861e+00,-1.616627e+00,-1.604289e+00,-1.599098e+00,
-1.936176e+00,-1.939497e+00,-1.935927e+00,-1.914370e+00,-1.909993e+00,-1.914256e+00,-1.906642e+00,-1.902187e+00,-1.899557e+00,-1.901524e+00,-1.919760e+00,-1.924798e+00,-1.924644e+00,-1.921896e+00,-1.919037e+00,-1.919476e+00,-1.920609e+00,-1.919894e+00,-1.919184e+00,-1.911664e+00,-1.913145e+00,-1.911262e+00,-1.911742e+00,-1.916634e+00,-1.917656e+00,-1.923527e+00,-1.927308e+00,-1.929336e+00,-1.935789e+00,-1.946860e+00,-1.931491e+00,-1.929430e+00,-1.927385e+00,-1.920497e+00,-1.921249e+00,-1.923307e+00,-1.915241e+00,-1.913693e+00,-1.919128e+00,
-1.948850e+00,-1.939536e+00,-1.938967e+00,-1.948717e+00,-1.950773e+00,-1.940531e+00,-1.932262e+00,-1.935654e+00,-1.934256e+00,-1.907169e+00,-1.888451e+00,-1.888600e+00,-1.904850e+00,-1.926148e+00,-1.922761e+00,-1.926770e+00,-1.933900e+00,-1.936454e+00,-1.936657e+00,-1.940745e+00,-1.941986e+00,-1.920920e+00,-1.924345e+00,-1.916269e+00,-1.932155e+00,-1.928916e+00,-1.928085e+00,-1.929966e+00,-1.937528e+00,-1.950850e+00,-1.942260e+00,-1.946247e+00,-1.948849e+00,-1.963337e+00,-1.974099e+00,-1.978494e+00,-1.967194e+00,-1.964728e+00,-1.973998e+00,
-1.624305e+00,-1.628116e+00,-1.749813e+00,-1.725260e+00,-1.794749e+00,-1.676545e+00,-1.676989e+00,-1.639707e+00,-1.629243e+00,-1.621831e+00,-1.614017e+00,-1.598755e+00,-1.604485e+00,-1.601357e+00,-1.620035e+00,-1.620520e+00,-1.625141e+00,-1.624329e+00,-1.624385e+00,-1.624323e+00,-1.620729e+00,-1.634558e+00,-1.645167e+00,-1.643787e+00,-1.632565e+00,
-1.509714e+00,-1.497439e+00,-1.474602e+00,-1.490786e+00,-1.581572e+00,-1.436908e+00,-1.465501e+00,-1.380378e+00,-1.448171e+00,-1.459047e+00,-1.466473e+00,-1.499104e+00,-1.514985e+00,-1.515207e+00,-1.472449e+00,-1.469569e+00,-1.477400e+00,-1.504378e+00,-1.496928e+00,-1.495553e+00,-1.504589e+00,-1.513789e+00,-1.518599e+00,-1.512964e+00,-1.501100e+00,-1.495358e+00,-1.506912e+00,-1.511663e+00,-1.490747e+00,-1.475798e+00,-1.470087e+00,
-1.946247e+00,-1.929333e+00,-1.942592e+00,-1.958945e+00,-1.957531e+00,-1.947261e+00,-1.950218e+00,-1.939739e+00,-1.936527e+00,-1.933894e+00,-1.930773e+00,-1.931727e+00,-1.931606e+00,-1.934318e+00,-1.943596e+00,-1.951619e+00,-1.949195e+00,-1.948856e+00,-1.939314e+00,-1.940086e+00,-1.935781e+00,-1.935606e+00,-1.935540e+00,-1.944725e+00,-1.945435e+00,-1.943755e+00,-1.941017e+00,-1.928119e+00,-1.933526e+00,-1.904465e+00,-1.901663e+00,-1.898874e+00,-1.934715e+00,-1.953903e+00,-1.955761e+00,-1.967192e+00,-1.973193e+00,
-1.549874e+00,-1.561519e+00,-1.572584e+00,-1.568496e+00,-1.567664e+00,-1.560081e+00,-1.557331e+00,-1.553063e+00,-1.549932e+00,-1.547760e+00,-1.553038e+00,-1.551391e+00,-1.545246e+00,-1.547286e+00,-1.552521e+00,-1.560269e+00,-1.565607e+00,-1.561694e+00,-1.568739e+00,-1.578055e+00,-1.571966e+00,-1.561436e+00,-1.558992e+00,-1.569189e+00,-1.565793e+00,-1.566820e+00,
-1.639149e+00,-1.622718e+00,-1.624784e+00,-1.731095e+00,-1.703252e+00,-1.711556e+00,-1.592373e+00,-1.590512e+00,-1.596448e+00,-1.613845e+00,-1.608430e+00,-1.603891e+00,-1.589111e+00,-1.594267e+00,-1.600082e+00,-1.605663e+00,-1.593966e+00,-1.593700e+00,-1.600981e+00,-1.605134e+00,-1.597551e+00,-1.616370e+00,-1.611574e+00,-1.626427e+00,-1.618525e+00,
-1.568653e+00,-1.578198e+00,-1.616591e+00,-1.636236e+00,-1.664342e+00,-1.657357e+00,-1.646844e+00,-1.642372e+00,-1.616839e+00,-1.590121e+00,-1.582303e+00,-1.608685e+00,-1.633737e+00,-1.648793e+00,-1.661219e+00,-1.661418e+00,-1.650562e+00,-1.624394e+00,-1.607827e+00,-1.596569e+00,-1.599513e+00,
-1.695122e+00,-1.703439e+00,-1.715982e+00,-1.709567e+00,-1.706256e+00,-1.719916e+00,-1.725237e+00,-1.731977e+00,-1.704119e+00,-1.703436e+00,-1.687429e+00,-1.681511e+00,-1.649369e+00,-1.645810e+00,-1.676420e+00,-1.716544e+00,-1.726048e+00,-1.716881e+00,-1.694634e+00,-1.664368e+00,-1.661146e+00,-1.647983e+00,
-1.801043e+00,-1.779794e+00,-1.762246e+00,-1.766390e+00,-1.743704e+00,-1.735888e+00,-1.771708e+00,-1.840835e+00,-1.901879e+00,-1.797199e+00,-1.714615e+00,-1.629263e+00,-1.654674e+00,-1.684084e+00,-1.675810e+00,-1.667123e+00,-1.672356e+00,-1.640649e+00,-1.609009e+00,-1.585729e+00,-1.555332e+00,-1.552834e+00,-1.553980e+00,-1.547460e+00,-1.539267e+00,
-1.882760e+00,-1.898128e+00,-1.895404e+00,-1.795671e+00,-1.812300e+00,-1.827399e+00,-1.876104e+00,-1.885983e+00,-1.892031e+00,-1.886034e+00,-1.878542e+00,-1.878464e+00,-1.845854e+00,-1.855043e+00,-1.865821e+00,-1.874708e+00,-1.874928e+00,-1.878335e+00,-1.884246e+00,-1.886447e+00,-1.891212e+00,-1.886854e+00,-1.886447e+00,-1.883883e+00,-1.872026e+00,-1.861001e+00,-1.857637e+00,-1.867247e+00,-1.882532e+00,-1.889032e+00,-1.867897e+00,-1.859053e+00,-1.863410e+00,-1.844158e+00,-1.844165e+00,-1.839997e+00,-1.843652e+00,-1.864483e+00,
-2.002379e+00,-2.000575e+00,-2.005709e+00,-2.012591e+00,-2.019205e+00,-2.039018e+00,-2.047307e+00,-2.051743e+00,-2.056844e+00,-2.069053e+00,-2.076423e+00,-2.089361e+00,-2.096945e+00,-2.098191e+00,-2.089003e+00,-2.080844e+00,-2.076538e+00,-2.065312e+00,-2.080521e+00,-2.067494e+00,-2.071412e+00,-2.043062e+00,
-1.516748e+00,-1.515499e+00,-1.518305e+00,-1.521830e+00,-1.526038e+00,-1.528040e+00,-1.522527e+00,-1.508812e+00,-1.504326e+00,-1.505153e+00,-1.502092e+00,-1.503765e+00,-1.506616e+00,-1.504969e+00,-1.510197e+00,-1.521331e+00,-1.534857e+00,-1.544100e+00,-1.550130e+00,-1.547548e+00,-1.548193e+00,-1.547350e+00,-1.528593e+00,-1.521884e+00,-1.519413e+00,-1.517596e+00,-1.511588e+00,-1.510159e+00,-1.506908e+00,
-2.065810e+00,-1.982065e+00,-1.891421e+00,-1.780792e+00,-1.716018e+00,-1.922068e+00,-1.775532e+00,-2.057008e+00,-1.773022e+00,-1.776159e+00,-1.482910e+00,-1.672086e+00,-1.494591e+00,-1.325904e+00,-1.243498e+00,-1.177662e+00,-1.134800e+00,-1.410072e+00,-1.396276e+00,-1.418824e+00,-1.261073e+00,-1.470544e+00,-1.698218e+00,-1.707770e+00,-1.737116e+00,-1.764521e+00,-1.733821e+00,-1.744386e+00,-1.776112e+00,-1.867847e+00,
-2.218563e+00,-2.312794e+00,-2.434413e+00,-2.335590e+00,-2.206863e+00,-2.199203e+00,-2.253283e+00,-2.248339e+00,-2.242643e+00,-2.198935e+00,-2.182374e+00,-2.118312e+00,-2.204437e+00,-2.236346e+00,-2.263416e+00,-2.269477e+00,-2.261619e+00,-2.250193e+00,-2.227364e+00,-2.222961e+00,-2.217804e+00,-2.222831e+00,-2.228524e+00,
-1.666128e+00,-1.650186e+00,-1.668497e+00,-1.686074e+00,-1.688528e+00,-1.666637e+00,-1.621404e+00,-1.616308e+00,-1.597798e+00,-1.594619e+00,-1.603132e+00,-1.609815e+00,-1.641767e+00,-1.667040e+00,-1.690240e+00,-1.682792e+00,-1.674959e+00,-1.617026e+00,-1.609306e+00,-1.590791e+00,
-1.516152e+00,-1.534997e+00,-1.589405e+00,-1.606301e+00,-1.623928e+00,-1.618467e+00,-1.617657e+00,-1.617099e+00,-1.621060e+00,-1.623263e+00,-1.640153e+00,-1.646660e+00,-1.641434e+00,-1.637669e+00,-1.636156e+00,-1.638984e+00,-1.634841e+00,-1.636153e+00,-1.642020e+00,-1.643163e+00,-1.639149e+00,-1.620808e+00,-1.605857e+00,-1.596717e+00,-1.595342e+00,-1.588847e+00,
-2.222191e+00,-2.244831e+00,-2.110979e+00,-2.144783e+00,-2.118726e+00,-2.248414e+00,-2.143226e+00,-2.044529e+00,-2.014035e+00,-2.101423e+00,-2.197494e+00,-1.917784e+00,-1.921286e+00,-1.927096e+00,-2.105304e+00,-1.891664e+00,-1.931048e+00,-1.933888e+00,-1.929622e+00,-2.194605e+00,-2.108623e+00,-2.129951e+00,-2.127103e+00,-2.230991e+00,-2.123784e+00,-2.089237e+00,-2.110955e+00,
-2.167102e+00,-2.206680e+00,-2.211518e+00,-2.288342e+00,-2.220494e+00,-2.263516e+00,-1.904483e+00,-2.019830e+00,-1.932609e+00,-2.230467e+00,-2.253073e+00,-2.257520e+00,-2.269680e+00,-2.271662e+00,-2.269033e+00,-2.186393e+00,-2.346366e+00,-2.251526e+00,-2.149124e+00,-2.187976e+00,-2.265189e+00,-2.264789e+00,-2.269901e+00,-2.249771e+00,-2.139804e+00,-2.151489e+00,-2.116606e+00,-2.155709e+00,
-1.505127e+00,-1.502689e+00,-1.518544e+00,-1.551880e+00,-1.553670e+00,-1.572253e+00,-1.542533e+00,-1.542318e+00,-1.512922e+00,-1.494491e+00,-1.490779e+00,-1.594590e+00,-1.635053e+00,-1.677821e+00,-1.685184e+00,-1.717061e+00,-1.760839e+00,-1.674467e+00,-1.600212e+00,-1.561997e+00,-1.624038e+00,-1.679499e+00,-1.669723e+00,-1.621360e+00,-1.605424e+00,-1.588793e+00,-1.572284e+00,-1.529602e+00,-1.598329e+00,-1.696890e+00,-1.731691e+00,-1.690382e+00,-1.601127e+00,-1.557023e+00,-1.506621e+00,
-1.703469e+00,-1.707734e+00,-1.720828e+00,-1.733285e+00,-1.741497e+00,-1.750937e+00,-1.751208e+00,-1.747633e+00,-1.744087e+00,-1.731855e+00,-1.724484e+00,-1.698020e+00,-1.667009e+00,-1.661980e+00,-1.701450e+00,-1.726889e+00,-1.733591e+00,-1.730495e+00,-1.724834e+00,-1.701401e+00,-1.677078e+00,-1.653609e+00,-1.647808e+00,-1.656184e+00,-1.666006e+00,
-1.937664e+00,-1.902241e+00,-1.853407e+00,-1.829471e+00,-1.745826e+00,-1.723323e+00,-1.692389e+00,-1.765509e+00,-1.729927e+00,-1.725637e+00,-1.687649e+00,-1.804220e+00,-1.820553e+00,-1.724947e+00,-1.757993e+00,-1.874278e+00,-1.854401e+00,-1.847424e+00,-1.860220e+00,-1.895819e+00,-1.915532e+00,-1.956326e+00,-1.829491e+00,-1.772036e+00,-1.699620e+00,-1.671028e+00,-1.675335e+00,-1.729043e+00,-1.772455e+00,
-1.937072e+00,-2.080753e+00,-2.068671e+00,-2.068264e+00,-1.971613e+00,-1.875564e+00,-1.530291e+00,-1.512579e+00,-1.549910e+00,-1.701917e+00,-2.069697e+00,-1.889225e+00,-1.922471e+00,-2.131604e+00,-1.948441e+00,-1.518825e+00,-1.481683e+00,-1.673457e+00,-2.030309e+00,-2.143089e+00,-2.296652e+00,-2.309408e+00,-2.162487e+00,-1.938970e+00,-1.760900e+00,-1.727611e+00,-1.818564e+00,-1.880446e+00,-2.009956e+00,-1.989174e+00,-1.942972e+00,-1.935286e+00,-1.935786e+00,
-1.571932e+00,-1.571237e+00,-1.531294e+00,-1.570897e+00,-1.575770e+00,-1.598555e+00,-1.591713e+00,-1.592614e+00,-1.567176e+00,-1.553735e+00,-1.537608e+00,-1.529743e+00,-1.529787e+00,-1.524655e+00,-1.512559e+00,-1.540702e+00,-1.546842e+00,-1.554402e+00,-1.538700e+00,-1.544704e+00,-1.505723e+00,-1.523554e+00,-1.514776e+00,-1.544740e+00,
-1.812533e+00,-1.854486e+00,-1.885195e+00,-1.856937e+00,-1.859504e+00,-1.888322e+00,-1.599435e+00,-1.628615e+00,-1.643470e+00,-1.946972e+00,-1.949794e+00,-1.983677e+00,-2.010343e+00,-2.019065e+00,-2.015580e+00,-1.949738e+00,-1.943704e+00,-1.944923e+00,-1.978722e+00,-1.908358e+00,-1.945507e+00,-1.939785e+00,-1.979873e+00,-1.968188e+00,-1.946402e+00,
-2.156018e+00,-2.179138e+00,-2.158563e+00,-2.266564e+00,-2.231549e+00,-2.283672e+00,-2.306513e+00,-2.347700e+00,-2.279317e+00,-2.228848e+00,-2.177535e+00,-2.089012e+00,-2.178216e+00,-2.139152e+00,-2.340796e+00,-2.403342e+00,-2.357506e+00,-2.158917e+00,-2.039782e+00,-1.971207e+00,-1.921369e+00,-2.054389e+00,-2.080985e+00,-2.172492e+00,-2.144105e+00,-2.213701e+00,-2.211339e+00,-2.188779e+00,-2.160808e+00,-2.139566e+00,-2.167359e+00,
-1.518545e+00,-1.492146e+00,-1.557381e+00,-1.635709e+00,-1.723185e+00,-1.762545e+00,-1.805946e+00,-1.798670e+00,-1.689981e+00,-1.603947e+00,-1.521967e+00,-1.549779e+00,-1.562306e+00,-1.555913e+00,-1.557574e+00,-1.562261e+00,-1.564287e+00,-1.547919e+00,-1.524138e+00,-1.502180e+00,-1.502021e+00,-1.501008e+00,-1.491403e+00,-1.486096e+00,-1.481702e+00,
-1.800157e+00,-1.848355e+00,-1.706745e+00,-1.633932e+00,-1.663099e+00,-1.406572e+00,-1.592811e+00,-1.604190e+00,-1.731682e+00,-1.529905e+00,-1.557193e+00,-1.406621e+00,-1.627019e+00,-1.614514e+00,-1.772679e+00,-1.644240e+00,-1.679534e+00,-1.704741e+00,-1.679886e+00,-1.676571e+00,-1.672540e+00,-1.899630e+00,-1.898731e+00,-1.957184e+00,-1.936912e+00,-1.852339e+00,-1.826369e+00,-1.820105e+00,-1.834078e+00,-1.846892e+00,-1.890782e+00,
-1.553281e+00,-1.563085e+00,-1.558488e+00,-1.548496e+00,-1.548455e+00,-1.545599e+00,-1.641946e+00,-1.743290e+00,-1.749577e+00,-1.642061e+00,-1.529994e+00,-1.523976e+00,-1.535481e+00,-1.558034e+00,-1.573036e+00,-1.553881e+00,-1.527410e+00,-1.522506e+00,-1.542543e+00,-1.552558e+00,-1.557193e+00,-1.563751e+00,-1.566516e+00,-1.575643e+00,-1.579046e+00,-1.586127e+00,-1.587441e+00,-1.583431e+00,-1.581155e+00,-1.590693e+00,-1.597069e+00,
-1.587534e+00,-1.592474e+00,-1.589906e+00,-1.577506e+00,-1.567671e+00,-1.565280e+00,-1.677560e+00,-1.655632e+00,-1.663573e+00,-1.550283e+00,-1.554731e+00,-1.557042e+00,-1.565582e+00,-1.563310e+00,-1.564563e+00,-1.545515e+00,-1.553890e+00,-1.548857e+00,-1.549920e+00,-1.552190e+00,-1.554619e+00,-1.560563e+00,-1.560698e+00,-1.568248e+00,-1.578669e+00,-1.572228e+00,-1.560174e+00,-1.552152e+00,-1.548282e+00,-1.543437e+00,
-1.896558e+00,-1.897982e+00,-1.888693e+00,-1.879335e+00,-1.896121e+00,-1.880771e+00,-1.880196e+00,-1.875484e+00,-1.865510e+00,-1.856236e+00,-1.856695e+00,-1.854589e+00,-1.852666e+00,-1.860931e+00,-1.855442e+00,-1.867117e+00,-1.875112e+00,-1.877331e+00,-1.878778e+00,-1.874485e+00,-1.873018e+00,-1.868532e+00,-1.865174e+00,-1.856329e+00,-1.862881e+00,-1.866035e+00,-1.865216e+00,-1.863863e+00,-1.866810e+00,-1.866892e+00,-1.848422e+00,-1.865625e+00,-1.894937e+00,
-1.944515e+00,-1.935813e+00,-1.978480e+00,-1.970930e+00,-1.971947e+00,-1.952149e+00,-1.943533e+00,-1.938126e+00,-1.934790e+00,-1.938840e+00,-1.940673e+00,-1.949918e+00,-1.949546e+00,-1.953452e+00,-1.953374e+00,-1.954698e+00,-1.952166e+00,-1.951957e+00,-1.949545e+00,-1.946106e+00,-1.950337e+00,-1.937248e+00,-1.934477e+00,-1.935019e+00,-1.930442e+00,-1.935968e+00,-1.942076e+00,-1.954786e+00,-1.953953e+00,-1.976377e+00,-1.964815e+00,-1.956451e+00,
-1.901449e+00,-1.907993e+00,-1.905122e+00,-1.894825e+00,-1.897829e+00,-1.896622e+00,-1.900467e+00,-1.894252e+00,-1.892233e+00,-1.881005e+00,-1.888706e+00,-1.894423e+00,-1.900301e+00,-1.896329e+00,-1.899055e+00,-1.901096e+00,-1.906726e+00,-1.911590e+00,-1.912901e+00,-1.908580e+00,-1.907527e+00,-1.906134e+00,-1.901433e+00,-1.904852e+00,-1.913068e+00,-1.918005e+00,-1.923104e+00,-1.919885e+00,-1.923689e+00,-1.928307e+00,-1.924138e+00,
-1.581714e+00,-1.584483e+00,-1.613601e+00,-1.648758e+00,-1.684419e+00,-1.676510e+00,-1.626767e+00,-1.628723e+00,-1.627919e+00,-1.648854e+00,-1.621572e+00,-1.600358e+00,-1.619373e+00,-1.638674e+00,-1.648471e+00,-1.652152e+00,-1.646596e+00,-1.651129e+00,-1.633306e+00,-1.593171e+00,-1.571387e+00,-1.567251e+00,-1.580347e+00,-1.577686e+00,-1.579973e+00,-1.592346e+00,
-1.935577e+00,-1.924018e+00,-1.925883e+00,-1.936220e+00,-1.927243e+00,-1.915816e+00,-1.894117e+00,-1.900552e+00,-1.885702e+00,-1.886479e+00,-1.874274e+00,-1.874058e+00,-1.881575e+00,-1.847391e+00,-1.845895e+00,-1.843909e+00,-1.847804e+00,-1.840898e+00,-1.843441e+00,-1.834012e+00,-1.833096e+00,-1.839286e+00,-1.842760e+00,-1.829564e+00,-1.818525e+00,-1.820773e+00,-1.821302e+00,-1.802869e+00,-1.809481e+00,-1.826752e+00,-1.826295e+00,-1.841327e+00,-1.831337e+00,-1.842665e+00,-1.855503e+00,-1.870682e+00,-1.868698e+00,-1.863407e+00,-1.868003e+00,-1.905983e+00,-1.893193e+00,-1.891570e+00,
-1.720359e+00,-1.742083e+00,-1.749076e+00,-1.747289e+00,-1.737603e+00,-1.728722e+00,-1.728300e+00,-1.707673e+00,-1.708082e+00,-1.706249e+00,-1.694812e+00,-1.691917e+00,-1.674949e+00,-1.678120e+00,-1.694168e+00,-1.711092e+00,-1.721495e+00,-1.728786e+00,-1.719901e+00,-1.715482e+00,-1.715145e+00,-1.707088e+00,-1.702467e+00,-1.701596e+00,-1.693375e+00,
-1.611336e+00,-1.604254e+00,-1.605560e+00,-1.580735e+00,-1.634250e+00,-1.687364e+00,-1.760749e+00,-1.781410e+00,-1.803861e+00,-1.728341e+00,-1.629382e+00,-1.546199e+00,-1.557140e+00,-1.563309e+00,-1.570881e+00,-1.557719e+00,-1.570469e+00,-1.553570e+00,-1.577590e+00,-1.586678e+00,-1.591517e+00,-1.581377e+00,-1.580006e+00,-1.587908e+00,-1.597524e+00,-1.602689e+00,-1.584728e+00,-1.592995e+00,-1.598477e+00,-1.588728e+00,-1.569428e+00,-1.567187e+00,
-1.594703e+00,-1.581982e+00,-1.587665e+00,-1.566227e+00,-1.667894e+00,-1.645539e+00,-1.774223e+00,-1.646843e+00,-1.665314e+00,-1.537528e+00,-1.550181e+00,-1.551288e+00,-1.560569e+00,-1.549787e+00,-1.548031e+00,-1.527616e+00,-1.544638e+00,-1.552678e+00,-1.559192e+00,-1.571808e+00,-1.588959e+00,-1.598124e+00,-1.576546e+00,-1.556536e+00,-1.549003e+00,-1.560830e+00,
-1.959116e+00,-1.966999e+00,-1.973302e+00,-1.961612e+00,-1.946666e+00,-1.940441e+00,-1.926004e+00,-1.922565e+00,-1.923432e+00,-1.924412e+00,-1.935603e+00,-1.940106e+00,-1.936932e+00,-1.940282e+00,-1.947820e+00,-1.942437e+00,-1.960470e+00,-1.976192e+00,-1.952755e+00,-1.980339e+00,-1.975379e+00,-1.969087e+00,-1.981043e+00,-1.955902e+00,-1.957270e+00,-1.964918e+00,-1.977729e+00,-1.969395e+00,
-1.905359e+00,-1.904523e+00,-1.903686e+00,-1.898738e+00,-1.890033e+00,-1.884921e+00,-1.876823e+00,-1.869544e+00,-1.867510e+00,-1.870566e+00,-1.872818e+00,-1.891559e+00,-1.891603e+00,-1.896108e+00,-1.895393e+00,-1.898590e+00,-1.894744e+00,-1.884356e+00,-1.879762e+00,-1.875669e+00,-1.874329e+00,-1.870741e+00,-1.863140e+00,-1.859876e+00,-1.867463e+00,-1.863232e+00,-1.869654e+00,-1.867613e+00,-1.872099e+00,-1.883068e+00,-1.884975e+00,-1.874523e+00,-1.881223e+00,-1.897802e+00,-1.904600e+00,
-1.944270e+00,-1.886157e+00,-1.869523e+00,-1.889456e+00,-1.962253e+00,-2.007856e+00,-2.033226e+00,-1.967036e+00,-1.941976e+00,-1.931114e+00,-1.941852e+00,-1.951770e+00,-1.922603e+00,-1.859013e+00,-1.806646e+00,-1.817370e+00,-1.835629e+00,-1.847062e+00,-1.826028e+00,-1.819732e+00,-1.854060e+00,-1.889471e+00,-1.907664e+00,-1.897514e+00,-1.912262e+00,-1.948923e+00,-2.024325e+00,-2.053109e+00,
-1.997550e+00,-2.042072e+00,-2.081730e+00,-2.067917e+00,-2.065119e+00,-2.074928e+00,-2.079017e+00,-2.075682e+00,-2.066068e+00,-2.070769e+00,-2.096641e+00,-2.166411e+00,-2.208925e+00,-2.236576e+00,-2.226590e+00,-2.216631e+00,-2.204422e+00,-2.207705e+00,-2.207060e+00,-2.222962e+00,-2.230407e+00,-2.228400e+00,-2.229612e+00,-2.222744e+00,-2.215404e+00,-2.195928e+00,-2.154536e+00,-2.148530e+00,-2.119841e+00,-2.118361e+00,-2.171345e+00,-2.160469e+00,-2.163970e+00,-2.114064e+00,-2.105072e+00,
-2.289498e+00,-2.337890e+00,-2.303847e+00,-2.266648e+00,-2.281559e+00,-2.283271e+00,-2.201066e+00,-2.116024e+00,-2.123377e+00,-2.207000e+00,-2.247082e+00,-2.181209e+00,-2.117745e+00,-2.146292e+00,-2.109478e+00,-2.130569e+00,-2.119922e+00,-2.093376e+00,-2.116672e+00,-2.056171e+00,-2.050024e+00,-2.060130e+00,-2.045051e+00,-2.030704e+00,-2.101316e+00,-2.156238e+00,-2.131420e+00,-2.162785e+00,-2.133084e+00,-2.189341e+00,-2.187119e+00,-2.191695e+00,-2.195704e+00,
-1.770408e+00,-1.845925e+00,-1.899569e+00,-1.938691e+00,-1.945446e+00,-1.906973e+00,-1.861291e+00,-1.803225e+00,-1.810946e+00,-1.809659e+00,-1.821242e+00,-1.818952e+00,-1.805203e+00,-1.797923e+00,-1.790104e+00,-1.795573e+00,-1.809914e+00,-1.890938e+00,-1.949857e+00,-1.996919e+00,-1.929599e+00,-1.871976e+00,-1.814980e+00,-1.812052e+00,-1.785720e+00,-1.858786e+00,-1.930777e+00,
-1.685723e+00,-1.781913e+00,-1.783810e+00,-1.723152e+00,-1.630306e+00,-1.648613e+00,-1.653071e+00,-1.659032e+00,-1.671773e+00,-1.697054e+00,-1.718890e+00,-1.718934e+00,-1.702665e+00,-1.676530e+00,-1.745725e+00,-1.807471e+00,-1.876422e+00,
-1.864012e+00,-1.904222e+00,-1.918101e+00,-1.950890e+00,-1.926556e+00,-1.887156e+00,-1.921181e+00,-1.914706e+00,-1.907885e+00,-1.865582e+00,-1.858599e+00,-1.907555e+00,-1.776408e+00,-1.707564e+00,-1.547276e+00,-1.653409e+00,-1.555671e+00,-1.537164e+00,-1.455433e+00,-1.448745e+00,-1.465160e+00,-1.413946e+00,-1.358725e+00,-1.561562e+00,-1.769941e+00,-1.903752e+00,-1.898887e+00,-1.942334e+00,-1.974856e+00,-1.952924e+00,-1.936020e+00,-1.937855e+00,-1.967789e+00,-2.026268e+00,-2.067688e+00,
-1.705130e+00,-1.663364e+00,-1.610180e+00,-1.594300e+00,-1.607461e+00,-1.630854e+00,-1.658180e+00,-1.657930e+00,-1.654775e+00,-1.645546e+00,-1.647322e+00,-1.639062e+00,-1.656380e+00,-1.655852e+00,-1.701872e+00,-1.696203e+00,-1.692003e+00,-1.652367e+00,-1.642581e+00,-1.686148e+00,-1.709392e+00,
-1.511603e+00,-1.503762e+00,-1.503473e+00,-1.541383e+00,-1.530873e+00,-1.540669e+00,-1.536408e+00,-1.542610e+00,-1.536449e+00,-1.541747e+00,-1.531409e+00,-1.539603e+00,-1.548563e+00,-1.542950e+00,-1.538568e+00,-1.528991e+00,-1.521360e+00,-1.518960e+00,-1.514024e+00,-1.506872e+00,
-1.499146e+00,-1.511423e+00,-1.525987e+00,-1.563479e+00,-1.584423e+00,-1.551049e+00,-1.532334e+00,-1.536711e+00,-1.534348e+00,-1.525375e+00,-1.557230e+00,-1.548249e+00,-1.567112e+00,-1.568450e+00,-1.542793e+00,-1.521196e+00,-1.510250e+00,-1.500316e+00,-1.496943e+00,
-2.210401e+00,-2.252004e+00,-2.249372e+00,-2.357562e+00,-2.368245e+00,-2.369077e+00,-2.378803e+00,-2.381694e+00,-2.387385e+00,-2.340947e+00,-2.332416e+00,-2.327532e+00,-2.350808e+00,-2.355681e+00,-2.350700e+00,-2.350428e+00,-2.346667e+00,-2.350989e+00,-2.342473e+00,-2.352224e+00,-2.340424e+00,-2.337559e+00,-2.331609e+00,-2.316592e+00,-2.312474e+00,-2.313261e+00,-2.312153e+00,-2.293358e+00,-2.302634e+00,-2.303455e+00,-2.315922e+00,-2.308108e+00,-2.332237e+00,-2.349921e+00,-2.326370e+00,-2.284517e+00,-2.235929e+00,-2.220695e+00,-2.235363e+00,-2.276344e+00,-2.252117e+00,-2.226582e+00,-2.211602e+00,
-2.030457e+00,-1.979834e+00,-1.957744e+00,-1.938732e+00,-1.881193e+00,-1.845336e+00,-1.793878e+00,-1.823157e+00,-1.867339e+00,-1.924016e+00,-1.876273e+00,-1.875243e+00,-1.844838e+00,-1.846081e+00,-1.853615e+00,-1.805926e+00,-1.810448e+00,-1.775430e+00,-1.769112e+00,-1.793937e+00,-1.791928e+00,-1.779658e+00,-1.755335e+00,
-1.863840e+00,-1.841412e+00,-1.833570e+00,-1.832606e+00,-1.791353e+00,-1.740476e+00,-1.700421e+00,-1.701576e+00,-1.702378e+00,-1.678469e+00,-1.682817e+00,-1.676593e+00,-1.710303e+00,-1.710843e+00,-1.728224e+00,-1.761176e+00,-1.793138e+00,-1.833272e+00,-1.809322e+00,-1.772815e+00,-1.730986e+00,-1.698210e+00,-1.681695e+00,-1.689724e+00,-1.676415e+00,-1.679214e+00,-1.709215e+00,-1.734256e+00,-1.808531e+00,-1.819315e+00,-1.857201e+00,-1.847124e+00,-1.762584e+00,-1.709796e+00,
-1.633802e+00,-1.633680e+00,-1.631055e+00,-1.631229e+00,-1.638581e+00,-1.606794e+00,-1.588684e+00,-1.589064e+00,-1.599519e+00,-1.639406e+00,-1.595378e+00,-1.584198e+00,-1.572510e+00,-1.575886e+00,-1.567703e+00,-1.562949e+00,-1.569134e+00,-1.573922e+00,-1.581186e+00,-1.576078e+00,-1.574502e+00,-1.576513e+00,-1.579067e+00,-1.590324e+00,-1.593629e+00,-1.626964e+00,-1.621789e+00,
-1.760136e+00,-1.786967e+00,-1.819414e+00,-1.836703e+00,-1.827385e+00,-1.865324e+00,-1.839930e+00,-1.876541e+00,-1.836987e+00,-1.860698e+00,-1.848525e+00,-1.834034e+00,-1.819625e+00,-1.821809e+00,-1.829903e+00,-1.844037e+00,-1.948440e+00,-2.015170e+00,-2.062257e+00,-2.057176e+00,-2.044886e+00,-1.989736e+00,-1.929821e+00,-1.862507e+00,-1.850992e+00,-1.938773e+00,-1.996163e+00,-2.079919e+00,
-1.698300e+00,-1.690677e+00,-1.695441e+00,-1.672328e+00,-1.694666e+00,-1.682924e+00,-1.706566e+00,-1.684839e+00,-1.683540e+00,-1.684524e+00,-1.680076e+00,-1.677438e+00,-1.675008e+00,-1.677115e+00,-1.673905e+00,-1.675771e+00,-1.673537e+00,-1.671754e+00,-1.685845e+00,-1.691513e+00,-1.695437e+00,-1.700329e+00,-1.712371e+00,
-1.688429e+00,-1.690616e+00,-1.693347e+00,-1.686113e+00,-1.689177e+00,-1.693060e+00,-1.693350e+00,-1.694229e+00,-1.691472e+00,-1.693310e+00,-1.690993e+00,-1.688256e+00,-1.676015e+00,-1.673139e+00,-1.662668e+00,-1.659038e+00,-1.663077e+00,-1.662621e+00,-1.668082e+00,-1.671734e+00,-1.677822e+00,-1.675349e+00,-1.670087e+00,
-2.004781e+00,-1.954403e+00,-1.884210e+00,-1.870846e+00,-1.868098e+00,-1.870478e+00,-1.873303e+00,-1.872545e+00,-1.879540e+00,-1.883369e+00,-1.878044e+00,-1.858450e+00,-1.858846e+00,-1.856908e+00,-1.847002e+00,-1.857832e+00,-1.871004e+00,-1.889613e+00,-1.898154e+00,-1.901033e+00,-1.898918e+00,-1.900032e+00,-1.899330e+00,-1.895848e+00,-1.977075e+00,-2.030207e+00,
-2.013043e+00,-2.009018e+00,-2.008229e+00,-2.004957e+00,-1.992544e+00,-1.997746e+00,-1.985326e+00,-1.982351e+00,-1.982376e+00,-1.987893e+00,-1.986273e+00,-1.994571e+00,-1.988488e+00,-1.993526e+00,-1.998903e+00,-1.996832e+00,-2.006897e+00,-2.011397e+00,-2.008910e+00,-2.012252e+00,-2.011431e+00,-2.020532e+00,-2.041933e+00,-2.034582e+00,-2.024484e+00,-2.027051e+00,
-1.735645e+00,-1.727183e+00,-1.750341e+00,-1.745958e+00,-1.773269e+00,-1.776787e+00,-1.789743e+00,-1.793365e+00,-1.785113e+00,-1.798457e+00,-1.791638e+00,-1.793606e+00,-1.780596e+00,-1.784599e+00,-1.780410e+00,-1.790077e+00,-1.792209e+00,-1.793100e+00,-1.796495e+00,-1.780712e+00,-1.775461e+00,-1.763168e+00,-1.768933e+00,-1.750937e+00,-1.729824e+00,-1.719977e+00,-1.719826e+00,-1.725493e+00,
-1.760197e+00,-1.756117e+00,-1.707987e+00,-1.681565e+00,-1.694885e+00,-1.678020e+00,-1.747905e+00,-1.698310e+00,-1.711058e+00,-1.647539e+00,-1.643726e+00,-1.632611e+00,-1.621425e+00,-1.621237e+00,-1.615367e+00,-1.657025e+00,-1.630366e+00,-1.620597e+00,-1.560700e+00,-1.552940e+00,-1.548106e+00,
-1.945533e+00,-1.950123e+00,-1.942697e+00,-1.930843e+00,-1.930985e+00,-1.922311e+00,-1.912338e+00,-1.908460e+00,-1.906479e+00,-1.920904e+00,-1.931324e+00,-1.936919e+00,-1.936291e+00,-1.937282e+00,-1.932184e+00,-1.928322e+00,-1.928983e+00,-1.915324e+00,-1.918147e+00,-1.923331e+00,-1.940416e+00,-1.948139e+00,-1.948562e+00,-1.957223e+00,-1.971647e+00,-1.979810e+00,-1.976612e+00,
-1.709712e+00,-1.692801e+00,-1.683160e+00,-1.674593e+00,-1.698864e+00,-1.699476e+00,-1.685233e+00,-1.673635e+00,-1.674118e+00,-1.688123e+00,-1.684964e+00,-1.666926e+00,-1.642481e+00,-1.642711e+00,-1.637782e+00,-1.632036e+00,-1.632234e+00,-1.636649e+00,-1.651779e+00,-1.674406e+00,-1.680611e+00,-1.684243e+00,-1.682296e+00,
-1.690751e+00,-1.693134e+00,-1.683349e+00,-1.666652e+00,-1.657128e+00,-1.665078e+00,-1.676179e+00,-1.695582e+00,-1.689173e+00,-1.693671e+00,-1.681718e+00,-1.674307e+00,-1.652364e+00,-1.641612e+00,-1.645121e+00,-1.649647e+00,-1.649227e+00,-1.645714e+00,-1.653270e+00,-1.659699e+00,-1.657916e+00,-1.654906e+00,-1.662136e+00,-1.681575e+00,-1.701549e+00,-1.706203e+00,-1.717096e+00,-1.733524e+00,
-1.735610e+00,-1.723595e+00,-1.729051e+00,-1.743537e+00,-1.739593e+00,-1.741451e+00,-1.752886e+00,-1.769514e+00,-1.793297e+00,-1.789189e+00,-1.789695e+00,-1.756813e+00,-1.733790e+00,-1.703027e+00,-1.694112e+00,-1.694287e+00,-1.728241e+00,-1.777519e+00,-1.777689e+00,-1.773890e+00,-1.759471e+00,-1.739412e+00,-1.701791e+00,-1.685889e+00,-1.673139e+00,-1.687962e+00,-1.727468e+00,
-1.730012e+00,-1.741507e+00,-1.733165e+00,-1.756823e+00,-1.770267e+00,-1.782305e+00,-1.782559e+00,-1.781787e+00,-1.780959e+00,-1.784891e+00,-1.788917e+00,-1.795985e+00,-1.794176e+00,-1.796993e+00,-1.790161e+00,-1.802745e+00,-1.801706e+00,-1.786958e+00,-1.763553e+00,-1.754827e+00,-1.752941e+00,-1.755193e+00,-1.755267e+00,
-1.617315e+00,-1.605508e+00,-1.587325e+00,-1.594347e+00,-1.604566e+00,-1.596362e+00,-1.596421e+00,-1.604167e+00,-1.645975e+00,-1.609758e+00,-1.602224e+00,-1.591423e+00,-1.599803e+00,-1.604451e+00,-1.599350e+00,-1.607155e+00,-1.623080e+00,-1.662219e+00,
-1.897864e+00,-1.827735e+00,-1.756883e+00,-1.792004e+00,-1.783772e+00,-1.761328e+00,-1.754270e+00,-1.770719e+00,-1.736543e+00,-1.731378e+00,-1.695071e+00,-1.673383e+00,-1.668880e+00,-1.663881e+00,-1.652084e+00,-1.648939e+00,-1.653433e+00,
-1.963743e+00,-1.973686e+00,-1.980977e+00,-1.982365e+00,-1.925379e+00,-1.928123e+00,-1.950634e+00,-1.996358e+00,-1.995320e+00,-1.996157e+00,-1.996483e+00,-1.998377e+00,-1.930219e+00,-1.871315e+00,-1.829376e+00,-1.901590e+00,-1.888149e+00,-1.875160e+00,-1.884983e+00,-1.864151e+00,-1.852907e+00,-1.782320e+00,-1.774070e+00,-1.774761e+00,-1.842982e+00,-1.907436e+00,
-1.671835e+00,-1.667485e+00,-1.677682e+00,-1.725955e+00,-1.732634e+00,-1.728300e+00,-1.736170e+00,-1.745774e+00,-1.764492e+00,-1.768684e+00,-1.773220e+00,-1.759322e+00,-1.755291e+00,-1.741371e+00,-1.743773e+00,-1.747955e+00,-1.769381e+00,-1.768013e+00,-1.765740e+00,-1.768330e+00,-1.772466e+00,-1.764299e+00,-1.763325e+00,-1.731619e+00,-1.740038e+00,-1.740242e+00,-1.756985e+00,
-2.044441e+00,-2.075013e+00,-2.099559e+00,-2.069717e+00,-2.004024e+00,-1.988079e+00,-1.918427e+00,-1.912386e+00,-1.863476e+00,-1.918248e+00,-1.971237e+00,-1.993570e+00,-1.911744e+00,-1.927152e+00,-1.864997e+00,-1.859551e+00,-1.861388e+00,-1.892484e+00,-1.865695e+00,-1.806954e+00,-1.745599e+00,-1.726608e+00,
-1.642316e+00,-1.671220e+00,-1.698137e+00,-1.716120e+00,-1.719150e+00,-1.728176e+00,-1.721012e+00,-1.735415e+00,-1.735008e+00,-1.722894e+00,-1.720652e+00,-1.687971e+00,-1.667530e+00,-1.648872e+00,-1.685830e+00,-1.702326e+00,-1.726866e+00,-1.719834e+00,-1.699033e+00,-1.687622e+00,-1.669583e+00,-1.665796e+00,-1.659928e+00,-1.648482e+00,-1.643319e+00,
-1.999070e+00,-2.008788e+00,-2.005970e+00,-1.996633e+00,-1.992258e+00,-1.981657e+00,-1.969277e+00,-1.966709e+00,-1.968339e+00,-1.962522e+00,-1.967706e+00,-1.961594e+00,-1.965146e+00,-1.960090e+00,-1.967311e+00,-1.960340e+00,-1.962538e+00,-1.966977e+00,-1.936660e+00,-1.949994e+00,-1.950710e+00,-1.990652e+00,-2.000135e+00,-2.006831e+00,-1.997656e+00,-1.989732e+00,-1.990183e+00,-1.988545e+00,
-1.520223e+00,-1.522377e+00,-1.539231e+00,-1.552708e+00,-1.565383e+00,-1.554255e+00,-1.559011e+00,-1.560957e+00,-1.585456e+00,-1.590948e+00,-1.602221e+00,-1.601075e+00,-1.582289e+00,-1.568950e+00,-1.564788e+00,-1.553354e+00,-1.540854e+00,-1.532680e+00,-1.526574e+00,-1.522580e+00,
-1.945282e+00,-1.950418e+00,-1.951920e+00,-1.933001e+00,-1.929551e+00,-1.927231e+00,-1.903014e+00,-1.894270e+00,-1.890418e+00,-1.903143e+00,-1.910816e+00,-1.917273e+00,-1.920460e+00,-1.921249e+00,-1.924487e+00,-1.918446e+00,-1.909127e+00,-1.908256e+00,-1.911885e+00,-1.918614e+00,-1.933042e+00,-1.939726e+00,-1.947972e+00,-1.954996e+00,-1.970151e+00,-1.955545e+00,-1.951170e+00,-1.955264e+00,-1.964272e+00,
-2.066143e+00,-2.059703e+00,-2.055756e+00,-2.072755e+00,-2.077984e+00,-2.080882e+00,-2.097250e+00,-2.098651e+00,-2.090382e+00,-2.092636e+00,-2.089751e+00,-2.093422e+00,-2.100608e+00,-2.107031e+00,-2.120615e+00,-2.133721e+00,-2.166787e+00,-2.164943e+00,-2.126703e+00,-2.081442e+00,-2.042817e+00,-2.043216e+00,-2.039627e+00,
-2.355275e+00,-2.364387e+00,-2.382510e+00,-2.400662e+00,-2.425999e+00,-2.432172e+00,-2.429605e+00,-2.438906e+00,-2.434733e+00,-2.435953e+00,-2.407784e+00,-2.414959e+00,-2.406933e+00,-2.438178e+00,-2.437360e+00,-2.398728e+00,-2.382047e+00,-2.368883e+00,-2.388957e+00,-2.309662e+00,-2.324033e+00,-2.318839e+00,-2.393071e+00,-2.403182e+00,-2.327771e+00,-2.333218e+00,-2.326515e+00,-2.385032e+00,-2.381554e+00,-2.399043e+00,-2.403326e+00,-2.401364e+00,-2.387453e+00,-2.367422e+00,-2.365807e+00,-2.355268e+00,
-1.508412e+00,-1.498415e+00,-1.508875e+00,-1.527784e+00,-1.547625e+00,-1.561942e+00,-1.565143e+00,-1.564321e+00,-1.557654e+00,-1.572904e+00,-1.571658e+00,-1.564290e+00,-1.568792e+00,-1.572441e+00,-1.565800e+00,-1.556196e+00,-1.542249e+00,-1.545500e+00,-1.554949e+00,-1.551741e+00,
-1.573824e+00,-1.572156e+00,-1.576431e+00,-1.578701e+00,-1.577222e+00,-1.576513e+00,-1.574363e+00,-1.578237e+00,-1.579818e+00,-1.592386e+00,-1.600384e+00,-1.607605e+00,-1.605406e+00,-1.607314e+00,-1.594897e+00,-1.575416e+00,-1.559674e+00,
-2.448109e+00,-2.445279e+00,-2.435457e+00,-2.443475e+00,-2.449026e+00,-2.447773e+00,-2.445587e+00,-2.443527e+00,-2.450027e+00,-2.451883e+00,-2.451284e+00,-2.436223e+00,-2.435968e+00,-2.428361e+00,-2.419768e+00,-2.415334e+00,-2.413245e+00,-2.428008e+00,-2.430878e+00,-2.438287e+00,-2.430951e+00,-2.430425e+00,-2.432554e+00,-2.442988e+00,-2.435854e+00,-2.435543e+00,-2.437392e+00,-2.430500e+00,-2.415915e+00,-2.403851e+00,-2.397941e+00,-2.408787e+00,-2.402830e+00,-2.399838e+00,-2.381552e+00,
-1.844020e+00,-1.821383e+00,-1.833739e+00,-1.835465e+00,-1.873426e+00,-1.889812e+00,-1.899628e+00,-1.893712e+00,-1.915096e+00,-1.709441e+00,-1.565418e+00,-1.603768e+00,-1.788003e+00,-1.933951e+00,-1.926125e+00,-1.976792e+00,-2.008171e+00,-1.979405e+00,-1.910516e+00,-1.840310e+00,-1.835183e+00,-1.799279e+00,-1.820754e+00,-1.818909e+00,
-2.392044e+00,-2.347940e+00,-2.258976e+00,-2.264318e+00,-2.277244e+00,-2.301259e+00,-2.284691e+00,-2.223155e+00,-2.184227e+00,-2.123638e+00,-2.093071e+00,-2.018156e+00,-2.065672e+00,-2.099074e+00,-2.229880e+00,-2.213976e+00,-2.176295e+00,-2.100039e+00,-2.049862e+00,-2.057098e+00,-2.075860e+00,-2.123530e+00,-2.194820e+00,-2.219995e+00,-2.240065e+00,-2.264041e+00,-2.277517e+00,-2.290692e+00,
-2.135743e+00,-2.141030e+00,-2.145988e+00,-2.161341e+00,-2.099213e+00,-2.113675e+00,-2.084768e+00,-2.103419e+00,-2.092771e+00,-2.094787e+00,-2.098431e+00,-2.037763e+00,-2.060686e+00,-1.950842e+00,-2.015862e+00,-1.996921e+00,-2.042334e+00,-2.021677e+00,-2.044903e+00,-2.058270e+00,-2.054857e+00,-2.046943e+00,-1.946962e+00,-1.950873e+00,-1.853298e+00,-1.865980e+00,-1.815235e+00,-1.867836e+00,-1.878936e+00,-1.903138e+00,-1.900546e+00,-1.812308e+00,-1.763859e+00,
-1.752547e+00,-1.844167e+00,-1.942185e+00,-2.034180e+00,-2.041184e+00,-2.050706e+00,-2.067827e+00,-2.068277e+00,-2.073619e+00,-2.083240e+00,-2.124947e+00,-2.141166e+00,-2.167071e+00,-2.168299e+00,-2.160594e+00,-2.161331e+00,-2.155385e+00,-2.148248e+00,-2.154263e+00,-2.154444e+00,-2.142001e+00,-2.157935e+00,-2.152565e+00,-2.162569e+00,-2.175212e+00,-2.192500e+00,-2.174058e+00,-2.178896e+00,-2.198991e+00,-2.229644e+00,-2.257256e+00,-2.247199e+00,-2.225641e+00,-2.227474e+00,-2.215890e+00,-2.203758e+00,-2.211053e+00,-2.231024e+00,-2.233594e+00,-2.236736e+00,
-2.014615e+00,-2.049802e+00,-2.102369e+00,-2.078730e+00,-2.108985e+00,-2.110814e+00,-2.121390e+00,-2.119991e+00,-2.136936e+00,-2.148394e+00,-2.101426e+00,-2.115687e+00,-2.094675e+00,-2.150811e+00,-2.097082e+00,-2.093219e+00,-2.123087e+00,-2.197690e+00,-2.226757e+00,-2.215551e+00,-2.213561e+00,-2.196146e+00,-2.199425e+00,-2.184827e+00,-2.094449e+00,-2.114891e+00,-2.108758e+00,-2.179829e+00,
-1.741206e+00,-1.744130e+00,-1.727255e+00,-1.749170e+00,-1.746159e+00,-1.783956e+00,-1.786174e+00,-1.793920e+00,-1.797056e+00,-1.801595e+00,-1.799643e+00,-1.759138e+00,-1.757127e+00,-1.720911e+00,-1.769910e+00,-1.777031e+00,-1.802469e+00,-1.798814e+00,-1.792315e+00,-1.780246e+00,-1.732345e+00,-1.728698e+00,-1.708260e+00,
-1.681141e+00,-1.666113e+00,-1.665399e+00,-1.648476e+00,-1.650782e+00,-1.663844e+00,-1.675095e+00,-1.678568e+00,-1.672020e+00,-1.663722e+00,-1.656108e+00,-1.635720e+00,-1.626208e+00,-1.631017e+00,-1.633254e+00,-1.638314e+00,-1.644368e+00,-1.647291e+00,-1.650674e+00,-1.653298e+00,-1.659956e+00,-1.667342e+00,
-1.545411e+00,-1.544148e+00,-1.556871e+00,-1.580599e+00,-1.581498e+00,-1.581120e+00,-1.557780e+00,-1.535887e+00,-1.527444e+00,-1.527326e+00,-1.531342e+00,-1.513234e+00,-1.496349e+00,-1.500586e+00,-1.514266e+00,-1.512523e+00,-1.518656e+00,-1.507970e+00,-1.511345e+00,-1.495805e+00,-1.468637e+00,-1.458149e+00,-1.458437e+00,
-2.364968e+00,-2.392420e+00,-2.394122e+00,-2.388824e+00,-2.374969e+00,-2.378438e+00,-2.371401e+00,-2.371263e+00,-2.365938e+00,-2.363837e+00,-2.373747e+00,-2.380990e+00,-2.371753e+00,-2.352268e+00,-2.336624e+00,-2.333321e+00,-2.334180e+00,-2.318946e+00,-2.302857e+00,-2.300407e+00,-2.300050e+00,-2.300510e+00,-2.297020e+00,-2.284225e+00,-2.262926e+00,-2.249810e+00,-2.229755e+00,-2.224526e+00,-2.224465e+00,-2.212214e+00,
-1.999127e+00,-1.992983e+00,-2.003480e+00,-1.978973e+00,-1.980941e+00,-1.975998e+00,-1.964356e+00,-1.956305e+00,-1.958603e+00,-1.952971e+00,-1.952089e+00,-1.956506e+00,-1.951821e+00,-1.956336e+00,-1.960196e+00,-1.965828e+00,-1.968374e+00,-1.977298e+00,-1.978232e+00,-1.982566e+00,-1.996518e+00,-1.999658e+00,-1.994056e+00,-1.996655e+00,
-1.644956e+00,-1.667816e+00,-1.687133e+00,-1.732880e+00,-1.728973e+00,-1.729080e+00,-1.685406e+00,-1.687696e+00,-1.687401e+00,-1.712009e+00,-1.689912e+00,-1.676411e+00,-1.640274e+00,-1.666403e+00,-1.668350e+00,-1.692813e+00,-1.699749e+00,-1.675719e+00,-1.681255e+00,-1.647285e+00,-1.629158e+00,-1.641245e+00,-1.646203e+00,
-1.653876e+00,-1.662464e+00,-1.654489e+00,-1.655286e+00,-1.649385e+00,-1.653268e+00,-1.655355e+00,-1.650482e+00,-1.646844e+00,-1.644684e+00,-1.646364e+00,-1.643852e+00,-1.639234e+00,-1.634868e+00,-1.633148e+00,-1.636998e+00,-1.637943e+00,-1.636393e+00,-1.636465e+00,-1.645638e+00,-1.653348e+00,-1.659179e+00,-1.664763e+00,-1.645211e+00,-1.655159e+00,-1.658385e+00,-1.669146e+00,-1.666197e+00,-1.668223e+00,-1.662411e+00,-1.658055e+00,-1.655278e+00,-1.654680e+00,-1.657946e+00,-1.656051e+00,-1.646802e+00,-1.645569e+00,-1.650444e+00,-1.660108e+00,
-2.336267e+00,-2.328477e+00,-2.312675e+00,-2.312614e+00,-2.323186e+00,-2.338103e+00,-2.344267e+00,-2.341307e+00,-2.335377e+00,-2.345016e+00,-2.362736e+00,-2.366331e+00,-2.348792e+00,-2.318669e+00,-2.314685e+00,-2.314478e+00,-2.310094e+00,-2.306695e+00,-2.298288e+00,-2.284003e+00,-2.277685e+00,-2.280269e+00,-2.281444e+00,-2.284197e+00,-2.294747e+00,-2.306409e+00,-2.312218e+00,-2.310569e+00,-2.303495e+00,-2.284947e+00,-2.272251e+00,-2.268365e+00,-2.268971e+00,-2.265795e+00,-2.278383e+00,-2.279963e+00,-2.278078e+00,-2.267073e+00,-2.279043e+00,
-1.998230e+00,-1.994971e+00,-1.993225e+00,-1.990569e+00,-1.980639e+00,-1.960310e+00,-1.965586e+00,-1.954659e+00,-1.948243e+00,-1.943186e+00,-1.945840e+00,-1.940705e+00,-1.944456e+00,-1.946994e+00,-1.937937e+00,-1.948466e+00,-1.946948e+00,-1.953560e+00,-1.960818e+00,-1.959100e+00,-1.956635e+00,-1.958996e+00,-1.978001e+00,-1.994016e+00,-1.995873e+00,-2.012575e+00,-2.014931e+00,
-1.903933e+00,-1.875607e+00,-1.854818e+00,-1.856453e+00,-1.856913e+00,-1.849171e+00,-1.835433e+00,-1.835889e+00,-1.832720e+00,-1.831305e+00,-1.837778e+00,-1.848138e+00,-1.855389e+00,-1.856675e+00,-1.859537e+00,-1.865394e+00,-1.865415e+00,-1.868226e+00,-1.870957e+00,-1.871602e+00,-1.877788e+00,-1.894858e+00,-1.898038e+00,-1.909192e+00,-1.935507e+00,-1.947273e+00,-1.962299e+00,-1.966522e+00,
-1.988054e+00,-1.989250e+00,-1.993248e+00,-1.983098e+00,-1.968910e+00,-1.963861e+00,-1.961969e+00,-1.941971e+00,-1.938313e+00,-1.936264e+00,-1.951588e+00,-1.956723e+00,-1.958727e+00,-1.958656e+00,-1.964840e+00,-1.963365e+00,-1.965063e+00,-1.967452e+00,-1.971026e+00,-1.971018e+00,-1.976869e+00,-1.992884e+00,-1.993991e+00,-2.012428e+00,-2.016809e+00,-1.998138e+00,
-1.833502e+00,-1.822861e+00,-1.832205e+00,-1.846456e+00,-1.821627e+00,-1.815114e+00,-1.805671e+00,-1.787612e+00,-1.782264e+00,-1.740656e+00,-1.713609e+00,-1.725816e+00,-1.749924e+00,-1.775619e+00,-1.769477e+00,-1.768373e+00,-1.742651e+00,-1.721670e+00,-1.691581e+00,-1.690421e+00,-1.677990e+00,-1.681280e+00,-1.671638e+00,
-1.664763e+00,-1.667510e+00,-1.656722e+00,-1.640402e+00,-1.643147e+00,-1.647271e+00,-1.647536e+00,-1.648490e+00,-1.648285e+00,-1.648149e+00,-1.646224e+00,-1.637754e+00,-1.636324e+00,-1.630734e+00,-1.630340e+00,-1.630976e+00,-1.626973e+00,-1.625740e+00,-1.627863e+00,-1.630920e+00,-1.621225e+00,-1.613811e+00,
-1.621723e+00,-1.624775e+00,-1.613951e+00,-1.606520e+00,-1.592318e+00,-1.604026e+00,-1.618293e+00,-1.623683e+00,-1.630300e+00,-1.627687e+00,-1.628583e+00,-1.619513e+00,-1.605093e+00,-1.599272e+00,-1.597005e+00,-1.591866e+00,-1.593942e+00,-1.592164e+00,-1.595958e+00,-1.599356e+00,-1.598809e+00,-1.617056e+00,-1.624424e+00,-1.641016e+00,-1.641277e+00,-1.644136e+00,
-1.993676e+00,-1.993204e+00,-1.980820e+00,-1.978312e+00,-1.985958e+00,-1.964495e+00,-1.968658e+00,-1.961657e+00,-1.952992e+00,-1.944734e+00,-1.944425e+00,-1.942047e+00,-1.957464e+00,-1.961353e+00,-1.968428e+00,-1.966688e+00,-1.969175e+00,-1.963001e+00,-1.960208e+00,-1.962819e+00,-1.965760e+00,-1.967503e+00,-1.970534e+00,-1.970845e+00,-1.974970e+00,-1.979533e+00,-1.994241e+00,-1.999599e+00,-2.000902e+00,-2.001537e+00,
-1.771890e+00,-1.800653e+00,-1.828118e+00,-1.817560e+00,-1.811608e+00,-1.794894e+00,-1.823190e+00,-1.847908e+00,-1.854270e+00,-1.843950e+00,-1.797898e+00,-1.779804e+00,-1.773628e+00,-1.795833e+00,-1.817407e+00,-1.853941e+00,-1.877925e+00,-1.842846e+00,-1.809155e+00,-1.804257e+00,-1.830036e+00,-1.836188e+00,-1.824163e+00,
