1.165732e-01,1.205027e-01,7.687521e-02,2.933788e-02,-4.141009e-02,-5.925155e-02,-4.848826e-02,-6.570995e-02,-1.550782e-02,6.727433e-02,1.310865e-01,8.705139e-02,5.978251e-02,5.214834e-02,5.284739e-02,5.877495e-02,6.258035e-02,8.456933e-02,1.209015e-01,1.500982e-01,1.193286e-01,9.668684e-02,8.411181e-02,9.265399e-02,1.042967e-01,
-5.769539e-02,-9.065747e-03,-1.719832e-03,8.092868e-02,1.121016e-01,1.526392e-01,1.669950e-01,1.690522e-01,1.300719e-01,-3.996360e-02,1.108718e-02,3.085965e+00,1.316428e-01,1.107463e-01,1.824657e-01,1.994362e-01,1.882747e-01,2.114319e-01,-2.865767e-02,-3.777027e-03,3.029316e+00,1.352277e-01,1.277844e-01,2.988449e-01,3.157870e-01,2.775816e-01,2.824702e-01,1.960355e-01,2.309868e-01,
1.070755e-01,5.999565e-02,-8.337140e-03,8.614302e-03,-3.101087e-02,-2.439022e-03,-4.835105e-02,-5.187535e-02,-2.558613e-02,9.524083e-02,5.523241e-02,-3.267527e-03,-1.039433e-02,7.218957e-03,3.147578e-02,-1.764274e-02,-9.235382e-03,2.061594e-02,2.952039e-02,-1.140213e-02,-4.747629e-02,-4.062831e-02,-2.943349e-02,-2.253759e-02,-2.595484e-02,
-2.699657e+00,4.169377e-01,3.792691e-01,3.896204e-01,4.196935e-01,4.850703e-01,4.381887e-01,3.402672e-01,3.724676e-01,4.303817e-01,3.795582e-01,3.565416e-01,3.634374e-01,4.124575e-01,4.443178e-01,4.079193e-01,-2.765015e+00,-2.810148e+00,-2.875301e+00,-2.900419e+00,-2.922411e+00,-2.911012e+00,-2.899148e+00,-2.896227e+00,-2.864710e+00,-2.841368e+00,3.122818e-01,3.266019e-01,2.874855e-01,2.772006e-01,3.127177e-01,-2.776432e+00,-2.735550e+00,-2.761862e+00,
-8.314371e-03,3.038931e-02,5.913210e-02,2.356827e-02,1.982534e-02,3.191102e-02,4.608154e-03,-2.474952e-02,2.490795e-02,6.574237e-02,1.146029e-01,9.289122e-02,4.509950e-02,2.809215e-02,4.920399e-02,3.978848e-02,3.784811e-02,8.379400e-02,1.145911e-01,1.255146e-01,1.083794e-01,1.124612e-01,9.598148e-02,8.894253e-02,
-3.033988e+00,6.727278e-02,1.831472e-02,3.298771e-02,-3.087499e+00,5.960751e-02,2.567995e-02,2.776432e-02,-3.078444e+00,-3.064830e+00,-3.100940e+00,2.531052e-02,-3.078295e+00,-3.052225e+00,-3.096215e+00,2.709782e-02,-3.105623e+00,-3.072023e+00,-3.052198e+00,-3.030764e+00,-3.031085e+00,
-3.605366e-02,-6.737483e-02,3.035629e+00,3.026876e+00,3.032090e+00,3.073564e+00,3.060981e+00,3.065685e+00,3.069223e+00,3.074022e+00,3.039946e+00,3.033623e+00,3.032448e+00,3.032682e+00,3.056114e+00,3.065368e+00,3.070099e+00,3.080179e+00,3.100732e+00,3.106797e+00,3.102973e+00,3.089959e+00,3.088907e+00,
7.984161e-03,-6.418705e-03,5.829179e-02,-4.451382e-02,-3.343511e-02,-3.883123e-03,-3.567827e-02,-8.561611e-03,-5.303121e-02,-3.366542e-02,-5.736113e-03,1.181864e-01,2.553105e-02,2.735519e-02,5.970609e-02,6.024325e-02,6.191468e-02,4.566813e-02,5.323827e-02,7.756686e-02,9.714103e-02,
2.542112e-01,1.641034e-01,2.460098e-02,-1.548803e-02,-4.260302e-03,-3.043364e+00,-2.905786e+00,-2.778176e+00,3.165381e-01,2.775090e-01,2.736064e-01,2.284522e-01,2.151024e-01,-2.932483e+00,2.386037e-01,2.779682e-01,2.738080e-01,2.410344e-01,2.405763e-01,
-2.811591e+00,-2.824921e+00,-2.801926e+00,-2.795613e+00,-2.811626e+00,-2.853707e+00,-2.864726e+00,-2.774766e+00,-2.846125e+00,-3.057332e+00,-6.400585e-02,-5.811334e-02,-5.071020e-02,-4.643142e-02,-4.230964e-02,-3.018665e+00,-2.820884e+00,-2.789946e+00,-2.909595e+00,-2.948726e+00,-2.890620e+00,-2.878664e+00,-2.889045e+00,-2.879445e+00,-2.880353e+00,-2.839515e+00,-2.864228e+00,-2.893551e+00,
3.019142e+00,3.031344e+00,3.041432e+00,3.026523e+00,3.009377e+00,3.000753e+00,2.994130e+00,3.005023e+00,3.006026e+00,2.991976e+00,3.021605e+00,3.026960e+00,3.015469e+00,3.020426e+00,3.033377e+00,3.044374e+00,3.047073e+00,3.020251e+00,3.029295e+00,3.044725e+00,3.064497e+00,3.071405e+00,3.067534e+00,3.069733e+00,
-9.400952e-02,-1.092564e-01,3.035877e+00,-6.095409e-02,-1.855421e-02,3.055496e+00,-8.212280e-02,-3.597462e-02,-4.207766e-02,3.055278e+00,3.047542e+00,3.073308e+00,-2.706790e-02,-1.255274e-02,3.115446e+00,-1.785302e-02,-8.993149e-03,-2.369320e-02,3.062666e+00,3.062927e+00,-4.341555e-02,-8.671999e-03,1.804507e-02,2.845800e-02,4.090500e-02,
1.001383e-01,1.172374e-01,1.291647e-01,1.247107e-01,5.463159e-02,1.032138e-01,1.574227e-01,2.213881e-01,2.405804e-01,2.125133e-01,2.261336e-01,2.443457e-01,2.376291e-01,2.060615e-01,2.036026e-01,2.533436e-01,2.886823e-01,3.270077e-01,3.264680e-01,3.303308e-01,3.134229e-01,2.969533e-01,2.888126e-01,2.882470e-01,3.250730e-01,3.587166e-01,3.699096e-01,3.767823e-01,
-1.649377e-01,2.943480e+00,2.935162e+00,2.939069e+00,2.943983e+00,2.953530e+00,-1.714571e-01,2.954754e+00,2.949825e+00,2.951983e+00,2.939414e+00,2.949848e+00,2.956756e+00,2.970186e+00,2.977465e+00,2.991654e+00,-1.368738e-01,2.989518e+00,-1.426642e-01,3.003719e+00,2.999556e+00,2.992129e+00,
-2.822430e+00,-2.813304e+00,-2.759401e+00,-2.755824e+00,-2.758077e+00,-2.794811e+00,-2.786372e+00,-2.772076e+00,-2.734944e+00,-2.709452e+00,-2.700663e+00,-2.714716e+00,-2.727689e+00,-2.754533e+00,-2.873737e+00,-2.861809e+00,-2.866061e+00,-2.792600e+00,-2.772821e+00,-2.761315e+00,-2.726128e+00,-2.729315e+00,-2.741970e+00,-2.929041e+00,-2.910984e+00,-2.913928e+00,-2.741005e+00,-2.721858e+00,-2.708117e+00,-2.679747e+00,-2.691433e+00,-2.700985e+00,-2.798449e+00,-2.794474e+00,
2.447708e-01,2.439693e-01,2.450736e-01,2.340600e-01,2.358177e-01,2.242070e-01,2.215549e-01,2.184972e-01,2.200783e-01,2.180899e-01,2.196636e-01,2.218667e-01,2.181354e-01,2.083991e-01,2.006763e-01,1.942155e-01,1.818606e-01,1.787848e-01,1.807346e-01,1.980987e-01,2.280508e-01,2.447366e-01,2.327738e-01,2.196567e-01,2.136329e-01,2.115294e-01,1.928273e-01,1.934252e-01,1.996689e-01,2.258310e-01,2.438748e-01,2.668500e-01,
2.331936e-01,2.273473e-01,2.129629e-01,2.071003e-01,1.788722e-01,1.782118e-01,1.609169e-01,1.690243e-01,1.621999e-01,1.870522e-01,2.077684e-01,2.150400e-01,2.223746e-01,2.044342e-01,1.883003e-01,1.720960e-01,1.692529e-01,1.703047e-01,1.880935e-01,1.945904e-01,2.022519e-01,1.984233e-01,1.799588e-01,1.704177e-01,
-2.618979e+00,-2.600469e+00,-2.592135e+00,-2.553565e+00,-2.539820e+00,-2.535786e+00,-2.530919e+00,-2.532382e+00,-2.534496e+00,-2.532340e+00,-2.530912e+00,-2.532142e+00,-2.532036e+00,-2.534030e+00,-2.534080e+00,-2.528464e+00,-2.530350e+00,-2.529930e+00,-2.526681e+00,-2.530330e+00,-2.532410e+00,-2.532983e+00,-2.532964e+00,-2.535903e+00,-2.531278e+00,-2.527504e+00,-2.516714e+00,-2.512418e+00,-2.504273e+00,-2.497429e+00,-2.496809e+00,-2.502111e+00,-2.516876e+00,-2.527167e+00,-2.537926e+00,-2.553322e+00,-2.571530e+00,-2.598385e+00,-2.608230e+00,
-2.618959e+00,-2.612565e+00,-2.605175e+00,-2.584703e+00,-2.566406e+00,-2.548697e+00,-2.535316e+00,-2.527545e+00,-2.529428e+00,-2.527089e+00,-2.532714e+00,-2.534891e+00,-2.533178e+00,-2.532510e+00,-2.534667e+00,-2.541326e+00,-2.541976e+00,-2.535365e+00,-2.520537e+00,-2.522267e+00,-2.516674e+00,-2.513548e+00,-2.512355e+00,-2.522781e+00,-2.519024e+00,-2.518409e+00,-2.514042e+00,-2.515822e+00,-2.519676e+00,-2.518960e+00,-2.534246e+00,-2.546484e+00,-2.549920e+00,-2.554724e+00,-2.562532e+00,-2.571308e+00,-2.586617e+00,-2.591050e+00,-2.588283e+00,
5.438733e-02,3.631055e-02,-8.899689e-03,-1.389778e-02,-3.640687e-02,3.259778e-02,2.531326e-02,-9.075761e-03,-2.540505e-02,-1.439631e-02,-1.755714e-02,-3.778946e-02,-6.174922e-03,2.225280e-02,4.504144e-02,2.914214e-02,4.981756e-03,-1.246929e-04,-2.698779e-03,-1.359653e-02,-1.100481e-02,1.702261e-02,3.067958e-02,3.491783e-02,1.314974e-02,
1.315483e-01,1.170005e-01,9.195673e-02,7.891452e-02,4.774094e-02,-2.216482e-02,-4.646182e-02,-5.054283e-02,4.621947e-02,5.476344e-02,5.128849e-02,2.752006e-02,1.177347e-02,-1.706922e-02,-3.340566e-02,-2.780008e-02,-2.849591e-02,-1.520050e-02,-9.937167e-03,6.554365e-03,1.282465e-02,1.807344e-02,1.380920e-02,2.180707e-02,2.402413e-02,4.508579e-02,7.094944e-02,9.155130e-02,1.030170e-01,9.469771e-02,9.219563e-02,
-2.597667e+00,-2.590623e+00,-2.591232e+00,-2.575681e+00,-2.557630e+00,-2.531992e+00,-2.520838e+00,-2.517154e+00,-2.514262e+00,-2.512120e+00,-2.513473e+00,-2.524217e+00,-2.530397e+00,-2.524934e+00,-2.522256e+00,-2.517737e+00,-2.518399e+00,-2.512146e+00,-2.505849e+00,-2.504357e+00,-2.515520e+00,-2.513357e+00,-2.515375e+00,-2.509971e+00,-2.504188e+00,-2.503893e+00,-2.503905e+00,-2.505041e+00,-2.516139e+00,-2.541879e+00,-2.569396e+00,-2.579170e+00,-2.570165e+00,-2.588983e+00,-2.584354e+00,-2.578920e+00,-2.580380e+00,
1.337479e-01,1.189655e-01,1.343992e-01,1.350986e-01,1.267654e-01,1.005110e-01,9.051824e-02,8.343446e-02,8.265781e-02,8.343923e-02,7.121134e-02,8.603430e-02,1.065260e-01,1.055053e-01,8.904517e-02,5.738270e-02,4.706097e-02,5.025446e-02,5.837941e-02,5.296481e-02,6.005561e-02,8.545315e-02,9.219253e-02,9.071863e-02,7.289028e-02,6.822169e-02,
1.322306e-01,1.317993e-01,1.298512e-01,6.459129e-02,8.168113e-02,3.967726e-02,1.214199e-01,1.096135e-01,9.192061e-02,9.005666e-02,9.764898e-02,9.724104e-02,9.432662e-02,1.153409e-01,1.093928e-01,1.356543e-01,1.244104e-01,9.713519e-02,9.986794e-02,1.246498e-01,1.288911e-01,1.253500e-01,1.484812e-01,1.592900e-01,1.765890e-01,
1.899576e-01,1.746927e-01,1.653026e-01,1.508645e-01,1.351933e-01,1.505440e-01,1.455611e-01,1.393151e-01,1.344239e-01,1.645292e-01,1.837268e-01,1.658467e-01,1.372415e-01,1.159301e-01,1.246465e-01,1.186354e-01,1.147499e-01,1.156299e-01,1.278089e-01,1.272914e-01,1.107640e-01,
1.159334e-01,8.393073e-02,6.601095e-02,6.571913e-02,8.389521e-02,1.044508e-01,1.231070e-01,1.148498e-01,1.333154e-01,1.329399e-01,1.111672e-01,9.033966e-02,8.778107e-02,1.064744e-01,1.119504e-01,1.029793e-01,8.482969e-02,9.263229e-02,8.900166e-02,5.981243e-02,4.891407e-02,4.926693e-02,
-5.164361e-02,-5.862451e-02,-8.407009e-02,3.027378e+00,3.023194e+00,3.033698e+00,3.044571e+00,3.045284e+00,3.060368e+00,3.053576e+00,-5.463696e-02,3.075348e+00,3.065352e+00,3.055073e+00,3.061614e+00,3.060404e+00,3.052014e+00,3.072825e+00,3.094297e+00,-1.723492e-02,-9.244919e-03,5.617738e-03,1.716423e-02,1.842165e-02,1.745141e-02,
-2.509790e+00,-2.526869e+00,-2.528654e+00,-2.558815e+00,-2.527219e+00,-2.552670e+00,-2.505855e+00,-2.482911e+00,-2.478865e+00,-2.490777e+00,-2.486141e+00,-2.482869e+00,-2.491209e+00,-2.492936e+00,-2.500273e+00,-2.500629e+00,-2.495407e+00,-2.488857e+00,-2.489980e+00,-2.488312e+00,-2.486472e+00,-2.482847e+00,-2.479784e+00,-2.485333e+00,-2.484913e+00,-2.482615e+00,-2.473081e+00,-2.476056e+00,-2.477669e+00,-2.475702e+00,-2.481260e+00,-2.484103e+00,-2.491646e+00,-2.516269e+00,-2.513303e+00,-2.534661e+00,-2.559372e+00,-2.568242e+00,
1.412344e-01,1.743866e-01,2.272258e-01,2.297679e-01,2.256991e-01,2.248727e-01,2.438498e-01,2.656670e-01,2.600288e-01,2.652913e-01,2.514279e-01,2.655048e-01,2.512251e-01,2.302502e-01,1.953201e-01,1.712478e-01,1.642629e-01,1.490330e-01,1.379743e-01,1.065304e-01,1.245160e-01,1.297265e-01,
-3.034509e+00,-3.035531e+00,-3.050900e+00,-3.057949e+00,-3.069772e+00,-3.077928e+00,-3.078451e+00,-3.078526e+00,6.107354e-02,5.400276e-02,5.479944e-02,4.691231e-02,-3.085687e+00,-3.083345e+00,-3.079062e+00,-3.078792e+00,-3.072408e+00,-3.062182e+00,-3.060478e+00,-3.058146e+00,-3.066257e+00,-3.065703e+00,-3.056536e+00,-3.041756e+00,-3.034144e+00,-3.029870e+00,-3.026280e+00,-3.025825e+00,-3.025168e+00,
-2.790842e+00,-2.815027e+00,2.673928e-01,1.688136e-01,1.433201e-01,-2.968123e+00,8.666408e-02,1.379145e-01,7.483745e-02,6.404734e-02,3.746057e-02,-3.001176e+00,-3.049835e+00,-2.998543e+00,-2.944303e+00,-2.984261e+00,-3.003020e+00,-2.953489e+00,-2.953982e+00,1.277299e-01,-3.065422e+00,-3.058286e+00,9.921861e-02,9.020686e-02,6.570756e-02,1.007136e-01,1.070391e-01,1.662898e-01,2.066947e-01,-2.900775e+00,
3.011976e-01,1.556164e-01,6.086481e-02,1.436909e-01,2.576498e-01,3.860801e-01,4.015687e-01,3.778600e-01,3.615310e-01,3.661720e-01,3.414892e-01,3.075733e-01,3.229104e-01,3.213819e-01,3.117632e-01,3.172617e-01,2.948695e-01,2.690507e-01,2.375776e-01,2.171562e-01,2.013865e-01,2.114114e-01,2.197020e-01,
-5.468059e-02,-3.062415e-02,-2.993393e-02,-2.226174e-02,-1.573610e-02,1.766896e-02,2.953947e-02,4.705465e-02,3.489733e-02,2.851021e-02,4.711914e-02,5.503798e-02,4.218304e-02,2.456117e-02,2.616322e-02,1.812696e-02,1.776481e-02,-1.361966e-03,-6.073713e-04,1.103914e-02,
-3.029287e-02,-4.482090e-02,-4.136944e-02,-3.884995e-02,-3.640306e-02,-3.550756e-02,-1.505697e-02,-1.024723e-03,-9.335279e-03,5.137801e-03,1.424980e-02,4.276574e-02,2.140939e-02,7.583737e-03,1.803613e-02,4.597902e-02,5.753469e-02,4.251158e-02,2.670991e-02,2.409101e-02,2.553701e-02,2.300954e-02,3.007817e-02,3.245711e-02,4.520452e-02,5.576944e-02,
-2.700618e+00,-2.662349e+00,-2.750541e+00,-2.746377e+00,-2.762065e+00,-2.638578e+00,-2.750008e+00,-2.828458e+00,-2.844243e+00,-2.752049e+00,-2.670376e+00,2.255388e-01,2.338748e-01,-2.881848e+00,-2.743744e+00,-2.910939e+00,3.434300e-02,5.863106e-02,-2.857722e+00,-2.664405e+00,-2.777258e+00,-2.795581e+00,-2.770440e+00,-2.691793e+00,-2.779496e+00,3.337572e-01,3.508711e-01,
4.074392e-01,4.197723e-01,4.272273e-01,4.483887e-01,4.298773e-01,4.467608e-01,1.901844e-01,2.886332e-01,2.142209e-01,3.692884e-01,4.120752e-01,4.085104e-01,3.982915e-01,4.229860e-01,4.218704e-01,3.231541e-01,2.706866e-01,2.315084e-01,3.343986e-01,4.071366e-01,4.440341e-01,4.392400e-01,4.352057e-01,4.441490e-01,3.431011e-01,-2.783683e+00,-2.802670e+00,-2.743531e+00,
-3.107824e+00,-3.109818e+00,-3.102839e+00,-3.098182e+00,-3.095347e+00,-3.080009e+00,-3.056841e+00,-3.046681e+00,-3.085643e+00,-3.099154e+00,-3.120843e+00,1.321733e-02,-1.510906e-02,-2.753007e-02,-4.318714e-03,1.062155e-03,1.061988e-02,-6.463289e-03,1.082051e-02,3.126799e+00,-2.283335e-02,-3.605139e-02,-3.433943e-02,-1.307106e-02,6.215692e-03,2.215040e-02,2.760780e-02,1.510274e-02,-3.803015e-03,-8.129954e-03,1.665246e-02,2.506518e-02,-3.099952e+00,-3.075839e+00,-3.069330e+00,
1.148405e-01,1.076946e-01,9.967792e-02,1.024678e-01,9.742558e-02,9.654665e-02,9.359527e-02,1.028465e-01,1.237196e-01,1.474805e-01,1.460867e-01,1.392220e-01,1.322004e-01,1.201481e-01,1.118389e-01,1.001710e-01,8.652663e-02,1.051091e-01,1.234891e-01,1.397556e-01,1.398486e-01,1.414279e-01,1.376910e-01,1.391547e-01,1.378683e-01,
-2.909423e+00,-2.878394e+00,-2.911256e+00,-2.909970e+00,-3.000687e+00,-3.050262e+00,-3.064641e+00,-3.019823e+00,-3.022529e+00,-3.047452e+00,4.865742e-02,6.341612e-02,-3.048190e+00,1.262426e-04,-4.390872e-02,-1.268889e-01,-1.361241e-01,-1.320616e-01,-1.209124e-01,-1.265047e-01,-1.226865e-01,3.071424e+00,3.098995e+00,-3.110271e+00,3.966141e-02,2.356112e-02,-3.068222e+00,-2.941888e+00,-2.932595e+00,
3.067504e-01,-2.717403e+00,3.973062e-01,3.523183e-01,3.101147e-01,2.592248e-01,9.706759e-02,3.110981e-02,-3.036302e+00,1.870070e-01,3.340271e-01,2.678072e-01,2.552208e-01,2.561003e-01,1.574878e-01,-3.025098e+00,-2.994667e+00,-2.991189e+00,1.756604e-01,-2.878576e+00,2.201980e-01,1.746602e-01,1.712682e-01,1.807637e-01,9.978008e-02,7.379389e-02,1.584846e-01,2.656875e-01,-2.786327e+00,-2.811229e+00,-2.876472e+00,-2.900771e+00,-2.859365e+00,
2.327056e-01,2.360916e-01,1.968312e-01,1.700222e-01,1.688060e-01,1.481594e-01,1.632599e-01,1.565887e-01,1.494179e-01,1.588826e-01,1.912537e-01,1.790788e-01,1.814994e-01,1.450808e-01,1.267216e-01,1.297460e-01,1.365650e-01,1.400801e-01,1.582810e-01,1.806513e-01,1.829492e-01,1.646171e-01,1.494651e-01,1.357729e-01,
1.495365e-01,1.627030e-01,1.968340e-01,1.907995e-01,1.955682e-01,2.004453e-01,1.765990e-02,1.007901e-01,1.232657e-01,2.499099e-01,1.949909e-01,2.250971e-01,2.263515e-01,2.274188e-01,2.162338e-01,1.306742e-01,1.305023e-01,1.090454e-01,1.457264e-01,9.534419e-02,8.914304e-02,1.037754e-01,1.005946e-01,9.420443e-02,5.385303e-02,
3.256965e-01,3.253030e-01,3.157310e-01,3.761996e-01,3.188511e-01,3.776531e-01,4.009300e-01,3.792040e-01,3.271258e-01,3.192846e-01,2.649961e-01,2.178860e-01,3.099121e-01,2.414278e-01,-2.894809e+00,-2.918298e+00,2.399011e-01,2.787104e-01,3.324169e-01,2.547624e-01,2.121160e-01,2.870923e-01,2.921983e-01,3.295804e-01,3.381515e-01,3.647026e-01,3.680966e-01,3.569412e-01,3.460041e-01,3.391756e-01,3.748257e-01,
4.675150e-02,1.394284e-02,-1.852977e-02,-3.664899e-02,-1.877284e-02,-7.377863e-04,-7.097363e-03,-7.414222e-03,-1.556170e-02,5.636215e-03,-1.283634e-02,-3.502929e-02,-3.046918e-02,4.910588e-03,1.787710e-02,2.731001e-02,4.369020e-02,-3.090983e+00,-3.092868e+00,-3.106933e+00,-3.105314e+00,-3.099536e+00,-3.086153e+00,-3.083365e+00,-3.082918e+00,
2.055224e-01,2.348138e-01,1.469096e-01,1.628191e-01,2.325857e-01,4.191661e-02,1.085922e-01,-3.002945e+00,4.930258e-02,-4.485667e-02,4.448020e-02,4.216194e-03,1.307144e-01,-3.001957e+00,1.138923e-01,2.774358e-02,4.088116e-02,3.063720e+00,3.034738e+00,3.087714e+00,4.475653e-02,2.229449e-01,2.349757e-01,2.437922e-01,2.066079e-01,1.684563e-01,1.477225e-01,8.701479e-02,1.044046e-01,1.043340e-01,1.724494e-01,
1.641835e-01,1.568034e-01,1.519995e-01,1.248938e-01,9.573376e-02,1.011112e-01,7.399499e-02,4.270470e-02,7.306099e-03,-1.044989e-03,9.073639e-02,9.870827e-02,8.699381e-02,6.895828e-02,6.328821e-02,4.770684e-02,3.617203e-02,3.774452e-02,4.260516e-02,5.722380e-02,5.337512e-02,5.690598e-02,6.461239e-02,7.596457e-02,8.083332e-02,8.450067e-02,8.757925e-02,8.741426e-02,8.557057e-02,7.376802e-02,6.253445e-02,
1.265481e-01,1.284335e-01,1.278341e-01,1.207539e-01,1.318880e-01,1.316504e-01,8.721793e-02,8.597863e-02,4.391873e-02,1.148493e-01,1.111249e-01,1.136421e-01,1.051912e-01,1.048840e-01,1.024173e-01,8.524406e-02,1.000214e-01,1.036446e-01,1.228896e-01,1.271195e-01,1.329088e-01,1.475023e-01,1.507108e-01,1.445844e-01,1.407874e-01,1.511290e-01,1.551894e-01,1.654052e-01,1.710497e-01,1.847037e-01,
-2.569240e+00,-2.571656e+00,-2.577039e+00,-2.579576e+00,-2.558024e+00,-2.537076e+00,-2.506255e+00,-2.491969e+00,-2.481339e+00,-2.489793e+00,-2.487955e+00,-2.486918e+00,-2.487249e+00,-2.492044e+00,-2.489461e+00,-2.490067e+00,-2.487286e+00,-2.483792e+00,-2.481825e+00,-2.487619e+00,-2.485764e+00,-2.478778e+00,-2.474052e+00,-2.465147e+00,-2.461833e+00,-2.462379e+00,-2.459768e+00,-2.465204e+00,-2.470611e+00,-2.486197e+00,-2.505857e+00,-2.495517e+00,-2.481527e+00,
-2.643620e+00,-2.627801e+00,-2.597203e+00,-2.559289e+00,-2.528719e+00,-2.543662e+00,-2.531734e+00,-2.529418e+00,-2.532338e+00,-2.534691e+00,-2.538381e+00,-2.542251e+00,-2.538707e+00,-2.527911e+00,-2.519320e+00,-2.515460e+00,-2.513297e+00,-2.509879e+00,-2.510594e+00,-2.512547e+00,-2.515589e+00,-2.524968e+00,-2.528704e+00,-2.526770e+00,-2.533402e+00,-2.536528e+00,-2.543751e+00,-2.570235e+00,-2.578544e+00,-2.610835e+00,-2.607532e+00,-2.615215e+00,
-2.589549e+00,-2.581318e+00,-2.577290e+00,-2.559730e+00,-2.544044e+00,-2.541779e+00,-2.536253e+00,-2.527836e+00,-2.518780e+00,-2.525099e+00,-2.524147e+00,-2.523907e+00,-2.521733e+00,-2.525811e+00,-2.522796e+00,-2.519953e+00,-2.513979e+00,-2.507066e+00,-2.502953e+00,-2.498949e+00,-2.497868e+00,-2.502317e+00,-2.512146e+00,-2.518761e+00,-2.519578e+00,-2.515754e+00,-2.515654e+00,-2.528188e+00,-2.532475e+00,-2.556784e+00,-2.576805e+00,
2.090936e-01,1.783439e-01,1.735339e-01,1.803694e-01,1.761999e-01,1.768802e-01,1.947973e-01,2.111348e-01,2.202775e-01,1.863717e-01,1.785985e-01,1.780213e-01,1.630139e-01,1.706361e-01,1.784319e-01,1.902499e-01,1.927058e-01,1.904243e-01,1.893618e-01,1.822788e-01,1.960360e-01,2.007272e-01,2.206975e-01,2.268146e-01,2.438463e-01,2.489338e-01,
-2.580401e+00,-2.534671e+00,-2.534367e+00,-2.504025e+00,-2.504695e+00,-2.489050e+00,-2.476714e+00,-2.484388e+00,-2.497395e+00,-2.502791e+00,-2.504401e+00,-2.514517e+00,-2.506578e+00,-2.509933e+00,-2.493098e+00,-2.508305e+00,-2.509660e+00,-2.514053e+00,-2.511218e+00,-2.519077e+00,-2.529674e+00,-2.527758e+00,-2.527147e+00,-2.519861e+00,-2.518325e+00,-2.518164e+00,-2.520394e+00,-2.511952e+00,-2.499638e+00,-2.497838e+00,-2.503509e+00,-2.510203e+00,-2.494340e+00,-2.477422e+00,-2.487488e+00,-2.488125e+00,-2.483044e+00,-2.485709e+00,-2.491601e+00,-2.489121e+00,-2.500459e+00,-2.490350e+00,
9.023750e-02,1.054612e-01,1.190318e-01,1.251093e-01,1.160979e-01,1.207538e-01,1.270167e-01,1.132704e-01,1.081419e-01,1.080645e-01,1.274495e-01,1.524533e-01,1.600800e-01,1.628418e-01,1.463332e-01,1.249770e-01,1.029364e-01,9.504092e-02,9.543943e-02,1.066461e-01,1.203687e-01,1.281735e-01,1.332499e-01,1.401559e-01,1.461477e-01,
6.600666e-02,6.562126e-02,6.451714e-02,7.062507e-02,4.610646e-02,2.172625e-02,1.091957e-03,-1.863456e-02,-4.845512e-02,-5.816078e-02,-1.737857e-02,5.947971e-02,5.454898e-02,3.982198e-02,2.283514e-02,-1.998663e-03,-2.533793e-03,-9.898067e-03,1.269686e-02,3.479099e-02,5.877984e-02,8.005631e-02,8.012319e-02,7.090819e-02,5.436492e-02,5.808747e-02,7.879794e-02,1.215938e-01,1.484635e-01,1.582440e-01,1.679916e-01,1.697623e-01,
1.360960e-01,1.290361e-01,1.284657e-01,1.198138e-01,8.325756e-02,8.963668e-02,9.099245e-04,6.521094e-02,1.686943e-02,1.044922e-01,1.095759e-01,1.193974e-01,1.121172e-01,1.016613e-01,1.100711e-01,7.841229e-02,1.006392e-01,8.803570e-02,1.074160e-01,1.294479e-01,1.332662e-01,1.299622e-01,1.239433e-01,1.198367e-01,1.234640e-01,1.385503e-01,
-2.612660e+00,-2.603583e+00,-2.575715e+00,-2.556936e+00,-2.538263e+00,-2.528904e+00,-2.531572e+00,-2.537305e+00,-2.536239e+00,-2.529406e+00,-2.525801e+00,-2.527024e+00,-2.520201e+00,-2.516032e+00,-2.510706e+00,-2.510951e+00,-2.505585e+00,-2.499547e+00,-2.498724e+00,-2.478448e+00,-2.490748e+00,-2.475643e+00,-2.496352e+00,-2.534705e+00,-2.566408e+00,-2.592879e+00,-2.610092e+00,-2.627307e+00,
-2.635500e+00,-2.631565e+00,-2.629596e+00,-2.606575e+00,-2.584210e+00,-2.569802e+00,-2.555064e+00,-2.552685e+00,-2.554197e+00,-2.554446e+00,-2.560126e+00,-2.558150e+00,-2.550965e+00,-2.540617e+00,-2.539916e+00,-2.533349e+00,-2.536002e+00,-2.545262e+00,-2.548437e+00,-2.548135e+00,-2.551475e+00,-2.549285e+00,-2.549572e+00,-2.546282e+00,-2.537017e+00,-2.537333e+00,-2.539277e+00,-2.551749e+00,-2.578988e+00,-2.590377e+00,-2.607597e+00,-2.601114e+00,-2.602936e+00,5.573311e-01,5.875242e-01,
-5.301595e-02,-2.902377e-02,-1.076365e-02,-5.210757e-03,-8.534670e-03,-5.611062e-03,-2.668476e-02,-9.613931e-02,3.009501e+00,3.010202e+00,-8.886862e-02,-4.635561e-02,-1.183510e-02,-5.285597e-02,-4.911816e-02,-4.498041e-02,-1.230013e-02,2.135038e-04,-1.200473e-02,1.146579e-02,5.409396e-02,5.634022e-02,1.457381e-02,5.730510e-03,2.116323e-02,5.650842e-02,6.069016e-02,7.474506e-02,
-2.693877e+00,-2.677896e+00,-2.673845e+00,-2.683396e+00,-2.693030e+00,-2.670462e+00,-2.656481e+00,-2.654865e+00,-2.655228e+00,-2.635550e+00,-2.635678e+00,-2.643387e+00,-2.673008e+00,-2.715400e+00,-2.725796e+00,-2.722999e+00,-2.737037e+00,-2.737558e+00,-2.729692e+00,-2.727529e+00,-2.737448e+00,-2.755089e+00,-2.743457e+00,-2.733184e+00,-2.729992e+00,-2.723357e+00,-2.706316e+00,-2.679639e+00,-2.668135e+00,-2.684887e+00,-2.716490e+00,-2.733361e+00,-2.756042e+00,-2.721777e+00,-2.722541e+00,
4.076530e-01,4.226507e-01,4.118989e-01,3.911885e-01,4.057839e-01,4.143732e-01,3.837174e-01,3.374352e-01,3.168635e-01,3.307739e-01,3.199660e-01,2.869104e-01,2.391887e-01,2.415645e-01,2.368767e-01,2.425519e-01,2.382776e-01,2.221789e-01,2.380424e-01,2.152221e-01,2.309289e-01,2.369338e-01,2.382717e-01,2.392492e-01,2.818412e-01,3.117981e-01,3.183109e-01,3.517376e-01,3.529190e-01,3.977106e-01,3.974098e-01,4.049740e-01,4.123511e-01,
1.493304e-01,1.747626e-01,1.787302e-01,1.717523e-01,1.559201e-01,1.333892e-01,8.477211e-02,4.999781e-02,6.639743e-02,8.989763e-02,1.105993e-01,1.017265e-01,9.232938e-02,7.314217e-02,8.792031e-02,7.575059e-02,1.098742e-01,1.766273e-01,2.397037e-01,2.796912e-01,2.750175e-01,2.533956e-01,2.129536e-01,2.041789e-01,2.007769e-01,2.438018e-01,3.016719e-01,
-8.827066e-02,3.020802e+00,3.034411e+00,-7.131720e-02,-5.328226e-02,-5.433929e-02,-3.730273e-02,-3.053570e-02,-2.719307e-02,-4.593492e-03,-2.444685e-02,-3.541422e-02,-1.556349e-02,-1.208770e-02,-1.079965e-02,-1.365340e-02,-7.915378e-03,
7.409525e-02,1.236627e-01,1.512663e-01,1.394817e-01,1.075525e-01,8.956707e-02,1.446794e-01,1.557862e-01,1.453594e-01,9.804177e-02,9.641194e-02,1.146762e-01,6.285393e-02,-3.077329e+00,3.341269e-02,-3.061672e+00,-3.080538e+00,-3.081689e+00,-3.090269e+00,-3.076436e+00,-3.071332e+00,3.494108e-02,1.350510e-02,-3.091032e+00,9.322083e-02,1.128203e-01,1.181495e-01,1.378050e-01,1.878070e-01,1.806922e-01,1.704133e-01,1.469904e-01,1.977844e-01,2.694004e-01,3.297110e-01,
3.052446e+00,3.063111e+00,3.069351e+00,3.072444e+00,3.066616e+00,3.074755e+00,3.053149e+00,3.061934e+00,3.060050e+00,3.035053e+00,3.041397e+00,3.071684e+00,-5.653167e-02,-6.089926e-02,-5.815232e-02,3.054103e+00,3.052027e+00,3.062841e+00,3.076162e+00,3.078497e+00,3.070100e+00,
-3.072577e+00,6.224358e-02,4.002678e-02,3.075635e-02,3.795636e-02,4.957914e-02,6.425714e-02,5.496919e-02,3.686547e-02,4.837060e-02,-3.078341e+00,-3.071161e+00,-3.067708e+00,-3.052827e+00,-3.048430e+00,-3.055920e+00,-3.054353e+00,-3.051377e+00,-3.042039e+00,-3.036070e+00,
-3.051435e+00,-3.058399e+00,-3.074866e+00,3.335655e-02,4.041326e-02,7.461166e-02,7.525980e-02,6.925035e-02,6.422734e-02,5.739760e-02,4.502022e-02,4.978478e-02,5.656946e-02,7.678723e-02,-3.064345e+00,-3.069580e+00,-3.067755e+00,-3.063537e+00,-3.055013e+00,
-2.603616e+00,-2.589037e+00,-2.581703e+00,-2.519606e+00,-2.495915e+00,-2.483872e+00,-2.477157e+00,-2.472143e+00,-2.462379e+00,-2.480529e+00,-2.487537e+00,-2.489050e+00,-2.488922e+00,-2.505984e+00,-2.520699e+00,-2.537150e+00,-2.547987e+00,-2.547934e+00,-2.557795e+00,-2.557992e+00,-2.561877e+00,-2.559794e+00,-2.557329e+00,-2.566740e+00,-2.568917e+00,-2.571133e+00,-2.570462e+00,-2.585251e+00,-2.582538e+00,-2.572736e+00,-2.551544e+00,-2.545842e+00,-2.551611e+00,-2.551144e+00,-2.569336e+00,-2.545213e+00,-2.541430e+00,-2.556105e+00,-2.570672e+00,-2.587065e+00,-2.615768e+00,-2.628982e+00,-2.623514e+00,
-6.841946e-02,3.055819e+00,-4.169774e-02,-3.412545e-02,-5.199885e-02,3.045534e+00,2.981737e+00,2.979811e+00,2.975943e+00,3.018212e+00,3.068816e+00,-6.793344e-02,-5.273676e-02,-4.111183e-02,-6.701338e-02,3.032406e+00,3.050510e+00,3.043622e+00,3.061501e+00,3.086244e+00,3.099933e+00,3.092773e+00,-3.757298e-02,
-3.076150e+00,-3.089543e+00,-3.124472e+00,-2.918959e-03,3.104659e+00,3.079441e+00,3.071609e+00,3.081125e+00,3.107730e+00,3.091710e+00,3.124003e+00,3.115881e+00,3.102375e+00,3.093745e+00,-2.779543e-02,-9.869576e-03,1.609945e-02,6.838393e-02,8.458924e-02,9.197938e-02,7.918954e-02,5.225337e-02,3.807163e-02,5.837214e-02,9.587777e-02,8.819413e-02,1.342950e-01,1.399429e-01,1.163634e-01,9.034550e-02,7.059371e-02,6.388748e-02,8.095276e-02,9.124660e-02,
2.911521e+00,2.914089e+00,2.918359e+00,2.916510e+00,2.909902e+00,2.932568e+00,2.959647e+00,2.959297e+00,2.937911e+00,2.916471e+00,2.939082e+00,2.969596e+00,2.980640e+00,2.986074e+00,2.992812e+00,2.995018e+00,2.989225e+00,2.984410e+00,2.981882e+00,2.990649e+00,2.995847e+00,2.993477e+00,2.990951e+00,2.971781e+00,2.936595e+00,2.928597e+00,2.928880e+00,
9.328341e-02,1.067805e-01,1.026572e-01,8.909535e-02,8.718669e-02,1.154692e-01,1.232733e-01,1.480905e-01,1.251886e-01,1.220511e-01,1.198776e-01,1.165010e-01,1.060572e-01,9.329236e-02,1.025388e-01,9.996569e-02,1.816908e-01,2.266115e-01,2.770164e-01,2.977690e-01,3.082447e-01,2.888778e-01,2.548480e-01,2.132394e-01,2.105128e-01,2.784590e-01,3.159643e-01,3.805164e-01,
4.872024e-02,4.273832e-02,3.471875e-02,3.000247e-02,3.710568e-02,3.489757e-02,2.606308e-02,2.854884e-02,4.335892e-02,4.499578e-02,4.384744e-02,3.442919e-02,3.476572e-02,3.156209e-02,3.256047e-02,1.953804e-02,2.629578e-02,3.101468e-02,2.874029e-02,2.802861e-02,2.321470e-02,2.459943e-02,1.781547e-02,
7.800019e-02,7.442915e-02,7.712078e-02,7.706594e-02,7.551801e-02,8.904457e-02,9.380364e-02,9.252346e-02,8.790934e-02,8.240962e-02,8.160400e-02,7.604754e-02,7.146585e-02,7.591367e-02,8.310652e-02,8.649468e-02,8.667040e-02,8.797181e-02,8.039582e-02,7.439995e-02,7.638633e-02,8.587480e-02,9.604967e-02,
2.916888e-01,2.597991e-01,2.219036e-01,2.317321e-01,2.482948e-01,2.394991e-01,2.370964e-01,2.326028e-01,2.252105e-01,2.176602e-01,1.907403e-01,1.690103e-01,1.745824e-01,1.966320e-01,1.983857e-01,2.052499e-01,2.048277e-01,2.095171e-01,2.103422e-01,1.983109e-01,1.958789e-01,2.150928e-01,2.331842e-01,2.331039e-01,2.624049e-01,2.803946e-01,
-2.602408e+00,-2.593545e+00,-2.569490e+00,-2.563953e+00,-2.553429e+00,-2.545303e+00,-2.543447e+00,-2.540326e+00,-2.530824e+00,-2.527748e+00,-2.532271e+00,-2.533440e+00,-2.534313e+00,-2.530800e+00,-2.534365e+00,-2.539757e+00,-2.545352e+00,-2.546009e+00,-2.550655e+00,-2.556567e+00,-2.563778e+00,-2.571103e+00,-2.578551e+00,-2.588072e+00,-2.616829e+00,-2.621102e+00,
1.208969e-01,1.011021e-01,7.768595e-02,7.391870e-02,8.805084e-02,9.204030e-02,9.377587e-02,8.690500e-02,8.717251e-02,9.272015e-02,4.106045e-02,1.685870e-02,6.174922e-03,5.104804e-02,4.583108e-02,5.482125e-02,4.877782e-02,4.933012e-02,6.190169e-02,1.244068e-02,-2.285004e-03,-1.081300e-02,3.358710e-02,2.065659e-02,2.148318e-02,2.370369e-02,3.633249e-02,3.354585e-02,
-2.743816e-02,-3.553152e-02,-3.821623e-02,-3.009462e-02,-3.204417e-02,-2.859211e-02,-2.707040e-02,-2.510297e-02,-1.723361e-02,-1.240587e-02,-9.915709e-03,-2.987623e-03,4.773140e-03,1.961291e-02,1.484346e-02,-4.543304e-03,-2.227676e-02,-1.177680e-02,-4.001379e-03,8.320928e-03,1.671124e-02,
4.811445e-01,-2.640480e+00,-2.602528e+00,-2.586785e+00,-2.577948e+00,-2.578080e+00,-2.586223e+00,-2.589505e+00,-2.591796e+00,-2.587931e+00,-2.583480e+00,-2.579221e+00,-2.578798e+00,-2.577115e+00,-2.577035e+00,-2.579331e+00,-2.582408e+00,-2.593395e+00,-2.591751e+00,-2.591159e+00,-2.581297e+00,-2.591198e+00,-2.597244e+00,-2.601276e+00,-2.607496e+00,-2.618355e+00,4.990605e-01,
8.040202e-02,6.777596e-02,6.632841e-02,7.128966e-02,7.360291e-02,7.520998e-02,7.972968e-02,9.113741e-02,8.127224e-02,5.777895e-02,3.679860e-02,3.497851e-02,3.514445e-02,3.811634e-02,4.211867e-02,4.549026e-02,4.703796e-02,3.791738e-02,3.267527e-02,3.830898e-02,3.996456e-02,3.675807e-02,3.931010e-02,
-7.295489e-03,-8.041382e-03,4.464746e-03,5.720973e-03,1.692855e-02,2.696466e-02,1.644552e-02,2.443314e-03,-1.069510e-02,-1.479208e-02,-1.839280e-02,-1.305485e-02,-1.319039e-02,-8.851886e-03,-5.942345e-03,-3.510237e-03,-8.834600e-04,-2.499819e-04,-6.996393e-03,-1.159561e-02,-4.884601e-03,1.439357e-02,2.487743e-02,3.460371e-02,4.873741e-02,6.082213e-02,6.430030e-02,5.371654e-02,
2.157056e-02,-6.854534e-03,-1.722729e-02,2.052474e-02,4.502761e-02,4.628563e-02,2.868497e-02,4.180431e-03,-3.116965e-03,-5.742431e-03,-2.250493e-02,-2.518499e-02,3.964424e-03,3.462231e-02,3.895414e-02,9.564757e-03,-3.086090e-02,-5.317771e-02,-4.866529e-02,-5.408561e-02,-5.291045e-02,-4.116797e-02,-2.868474e-02,-1.577985e-02,-3.038383e-02,-5.762649e-02,-6.962943e-02,
9.087706e-02,8.035934e-02,7.004368e-02,7.834959e-02,8.886158e-02,9.125721e-02,9.297001e-02,7.998073e-02,7.663238e-02,6.292510e-02,5.356908e-02,6.063759e-02,6.849217e-02,7.627904e-02,8.202469e-02,8.750522e-02,7.889593e-02,7.720411e-02,7.121360e-02,8.423626e-02,9.298670e-02,8.782566e-02,9.502232e-02,
3.071362e+00,-6.031311e-02,-5.642855e-02,3.050362e+00,3.048471e+00,-6.741273e-02,3.064761e+00,3.020342e+00,3.006559e+00,3.017671e+00,3.040500e+00,3.047858e+00,3.038167e+00,3.038833e+00,3.042673e+00,3.022988e+00,2.988329e+00,2.983715e+00,
7.444894e-02,8.086646e-02,8.976674e-02,1.002585e-01,9.423649e-02,9.006977e-02,6.088817e-02,3.950858e-02,5.751181e-02,5.593002e-02,6.083345e-02,6.871057e-02,8.418691e-02,8.104372e-02,8.047354e-02,8.707356e-02,8.789659e-02,
1.478982e-01,1.424468e-01,1.645079e-01,1.310561e-01,8.702481e-02,4.945016e-02,9.196317e-02,1.076695e-01,1.170973e-01,1.447358e-01,1.469231e-01,1.574178e-01,1.117109e-01,8.224642e-02,7.213748e-02,1.424308e-01,1.713833e-01,1.831172e-01,1.910059e-01,1.976855e-01,2.066232e-01,1.510555e-01,1.421549e-01,1.512282e-01,2.307581e-01,2.851249e-01,
2.100337e-01,1.882342e-01,1.648355e-01,1.302257e-01,1.298827e-01,1.332797e-01,1.561606e-01,1.818042e-01,1.901630e-01,1.955832e-01,1.851162e-01,1.686713e-01,1.488589e-01,1.445175e-01,1.592668e-01,1.777902e-01,1.995586e-01,1.968912e-01,2.022238e-01,2.016344e-01,1.980343e-01,1.826495e-01,1.765064e-01,1.920389e-01,2.089518e-01,2.177466e-01,2.122175e-01,
2.948483e-01,3.042457e-01,3.167589e-01,2.803218e-01,2.599164e-01,2.273986e-01,1.916525e-01,1.893660e-01,1.711689e-01,2.099597e-01,2.302455e-01,2.354901e-01,1.982604e-01,2.029657e-01,1.520904e-01,1.528943e-01,1.688268e-01,1.927086e-01,2.064248e-01,1.940639e-01,1.697645e-01,1.490422e-01,
2.243555e-01,2.073896e-01,2.092212e-01,1.940283e-01,2.004776e-01,2.052546e-01,2.020590e-01,1.995075e-01,2.025528e-01,1.708463e-01,1.718843e-01,1.857990e-01,1.829458e-01,1.893203e-01,1.951871e-01,1.963576e-01,2.044212e-01,2.041643e-01,1.826379e-01,1.896408e-01,2.097596e-01,2.318612e-01,2.338710e-01,2.391230e-01,2.313130e-01,
-2.563140e+00,-2.560168e+00,-2.550605e+00,-2.542782e+00,-2.545756e+00,-2.551463e+00,-2.552192e+00,-2.548433e+00,-2.551989e+00,-2.562292e+00,-2.559830e+00,-2.558825e+00,-2.556223e+00,-2.559433e+00,-2.552810e+00,-2.554136e+00,-2.553007e+00,-2.554039e+00,-2.564689e+00,-2.557804e+00,-2.551113e+00,-2.543134e+00,-2.554500e+00,-2.576802e+00,-2.589724e+00,-2.611410e+00,-2.616982e+00,-2.617485e+00,
-3.023402e+00,-3.043783e+00,7.602394e-02,-3.062088e+00,-3.051531e+00,-3.064043e+00,6.611133e-02,-3.066910e+00,-3.062466e+00,-3.062376e+00,-3.061085e+00,-3.069701e+00,-3.066983e+00,-3.059560e+00,7.315516e-02,6.843412e-02,-3.071697e+00,-3.062614e+00,-3.046822e+00,-3.033396e+00,
-2.569676e+00,-2.566065e+00,-2.550764e+00,-2.546657e+00,-2.545406e+00,-2.542908e+00,-2.547163e+00,-2.550737e+00,-2.558078e+00,-2.562497e+00,-2.564247e+00,-2.566134e+00,-2.561927e+00,-2.563446e+00,-2.558751e+00,-2.555647e+00,-2.560654e+00,-2.564382e+00,-2.561141e+00,-2.560154e+00,-2.560892e+00,-2.560651e+00,-2.564299e+00,-2.566894e+00,-2.577140e+00,-2.589976e+00,-2.608884e+00,-2.605333e+00,-2.598214e+00,
-9.606481e-03,2.088654e-02,4.403687e-02,5.351233e-02,6.288695e-02,4.973984e-02,1.644337e-02,4.905581e-03,4.028559e-03,4.942667e-02,8.702588e-02,1.295452e-01,1.356916e-01,1.574224e-01,1.453146e-01,1.239619e-01,1.235263e-01,1.098528e-01,1.027706e-01,1.084963e-01,1.220436e-01,1.383537e-01,1.403222e-01,
5.146782e-01,5.158008e-01,5.201508e-01,5.141650e-01,5.223117e-01,5.216568e-01,5.167193e-01,5.210086e-01,5.243157e-01,5.353323e-01,5.128502e-01,5.198711e-01,5.059651e-01,5.145470e-01,4.879087e-01,4.381802e-01,4.230053e-01,4.146119e-01,4.358709e-01,4.117743e-01,4.121333e-01,4.034106e-01,4.432306e-01,4.524915e-01,4.307231e-01,4.376963e-01,4.391630e-01,4.796642e-01,4.775319e-01,4.861087e-01,4.929797e-01,5.066795e-01,5.177584e-01,5.153879e-01,5.226839e-01,5.232644e-01,
-3.089619e+00,-3.102011e+00,-3.086881e+00,-3.067133e+00,-3.073160e+00,5.976820e-02,5.095482e-02,-3.095536e+00,-3.112049e+00,-3.407359e-03,-3.432035e-04,2.585948e-02,4.767919e-02,5.304468e-02,-3.082639e+00,-3.086690e+00,-3.092648e+00,-3.089398e+00,-3.081734e+00,-3.073776e+00,
-3.048954e+00,-3.076899e+00,-3.066085e+00,-3.061609e+00,-3.055586e+00,-3.056749e+00,-3.054309e+00,-3.061890e+00,-3.063744e+00,-3.063240e+00,-3.060961e+00,-3.060785e+00,-3.065526e+00,-3.069829e+00,6.623459e-02,-3.069129e+00,-3.067896e+00,
-2.526922e+00,-2.510436e+00,-2.504993e+00,-2.491369e+00,-2.479835e+00,-2.484283e+00,-2.477819e+00,-2.479506e+00,-2.470081e+00,-2.477610e+00,-2.482601e+00,-2.502996e+00,-2.516926e+00,-2.528596e+00,-2.537484e+00,-2.538954e+00,-2.531020e+00,-2.512391e+00,-2.504974e+00,-2.495439e+00,-2.493208e+00,-2.486593e+00,-2.484430e+00,-2.489808e+00,-2.499718e+00,-2.496243e+00,-2.491189e+00,-2.488262e+00,-2.482858e+00,-2.482501e+00,-2.487060e+00,-2.492536e+00,-2.508911e+00,-2.525603e+00,-2.522596e+00,
4.587078e-02,-5.516291e-03,-1.283050e-02,-9.546161e-03,6.374121e-03,7.155538e-03,-2.839470e-02,-7.657647e-02,-7.438457e-02,-1.299231e-01,2.969715e+00,3.026598e+00,-9.773040e-02,-1.177083e-01,-9.493804e-02,-1.001657e-01,-1.283238e-01,-9.623659e-02,-9.340298e-02,-1.281245e-01,-1.104419e-01,-9.587657e-02,-5.999076e-02,-2.686405e-02,
1.496106e-01,1.068615e-01,6.330681e-02,9.315157e-02,1.163425e-01,1.568925e-01,1.750103e-01,1.483052e-01,1.221763e-01,9.789336e-02,3.211856e-02,8.450985e-03,1.041770e-02,6.136942e-02,6.366181e-02,7.839632e-02,7.485282e-02,7.005894e-02,7.413030e-02,5.535257e-02,6.824040e-02,1.064746e-01,1.350350e-01,1.417583e-01,1.887186e-01,1.812572e-01,1.769395e-01,1.869512e-01,
4.290780e-01,4.343736e-01,4.386240e-01,4.503205e-01,4.177428e-01,4.462777e-01,4.417633e-01,4.589024e-01,4.425703e-01,4.432993e-01,4.301672e-01,3.950919e-01,3.748921e-01,2.786072e-01,3.114247e-01,2.822381e-01,3.053311e-01,2.721648e-01,3.135278e-01,3.289037e-01,3.207140e-01,3.080841e-01,2.440751e-01,2.505552e-01,1.975716e-01,2.025491e-01,1.759875e-01,2.176335e-01,2.532487e-01,2.528218e-01,2.611123e-01,2.117767e-01,2.021260e-01,
-2.993924e+00,-2.909204e+00,-2.845207e+00,-2.774843e+00,-2.754647e+00,-2.740968e+00,-2.723517e+00,-2.720398e+00,-2.728595e+00,-2.721800e+00,-2.673187e+00,-2.653169e+00,-2.628312e+00,-2.629021e+00,-2.648403e+00,-2.660526e+00,-2.677758e+00,-2.708256e+00,-2.703917e+00,-2.691939e+00,-2.685277e+00,-2.668372e+00,-2.653651e+00,-2.661354e+00,-2.660117e+00,-2.656721e+00,-2.665866e+00,-2.652307e+00,-2.615891e+00,-2.613604e+00,-2.598618e+00,-2.592215e+00,-2.596204e+00,-2.583194e+00,-2.587190e+00,-2.600800e+00,-2.601347e+00,-2.587066e+00,-2.586861e+00,-2.577460e+00,
1.538960e-01,1.556519e-01,1.820081e-01,1.990725e-01,2.327198e-01,1.990626e-01,1.665330e-01,1.513925e-01,1.462210e-01,1.534300e-01,1.343976e-01,1.621363e-01,1.768428e-01,2.244155e-01,2.095200e-01,1.847708e-01,1.726017e-01,1.831799e-01,1.841819e-01,1.453235e-01,1.712047e-01,1.774545e-01,1.847914e-01,1.742212e-01,1.586418e-01,1.643523e-01,1.476736e-01,1.399834e-01,
7.424533e-02,7.630455e-02,6.720698e-02,5.187488e-02,9.245157e-03,8.547306e-04,1.482475e-02,4.789245e-02,6.147432e-02,5.796468e-02,6.085956e-02,7.187665e-02,6.382263e-02,2.020049e-02,3.115380e-02,4.718781e-02,4.718113e-02,5.384529e-02,4.879463e-02,5.790460e-02,6.294608e-02,6.358135e-02,4.443848e-02,
7.838011e-02,7.082713e-02,6.945813e-02,8.125281e-02,9.334147e-02,1.154476e-01,1.004655e-01,8.388007e-02,9.409571e-02,8.881032e-02,8.191121e-02,8.148122e-02,8.067513e-02,8.024418e-02,8.089256e-02,7.377589e-02,6.993294e-02,7.907498e-02,7.184196e-02,7.682705e-02,8.519197e-02,8.345056e-02,
1.414753e-01,1.136488e-01,9.375548e-02,6.547248e-02,4.644537e-02,4.587603e-02,7.248986e-02,9.378350e-02,1.005158e-01,8.221436e-02,4.438329e-02,1.870859e-02,-1.646888e-02,-3.754389e-02,-1.749527e-02,-8.706450e-03,-2.389789e-03,-2.197099e-02,-1.761687e-02,-3.981185e-02,-5.941510e-02,3.073742e+00,3.065945e+00,
4.524024e-01,4.592789e-01,4.630934e-01,4.614602e-01,4.645348e-01,4.657683e-01,4.568909e-01,4.556340e-01,4.494524e-01,4.500448e-01,4.398793e-01,4.184711e-01,3.879368e-01,3.692447e-01,3.699689e-01,3.632020e-01,3.676043e-01,3.640523e-01,3.657768e-01,3.610891e-01,3.580076e-01,3.652290e-01,3.640888e-01,3.701148e-01,3.771572e-01,3.926855e-01,3.902466e-01,3.961937e-01,3.978016e-01,3.875836e-01,
-2.612093e+00,-2.601911e+00,-2.586800e+00,-2.572039e+00,-2.565936e+00,-2.563469e+00,-2.567832e+00,-2.566407e+00,-2.560234e+00,-2.562461e+00,-2.561223e+00,-2.555653e+00,-2.559602e+00,-2.560811e+00,-2.561470e+00,-2.563070e+00,-2.564483e+00,-2.567661e+00,-2.566740e+00,-2.573493e+00,-2.588848e+00,-2.600442e+00,5.262198e-01,5.232677e-01,
2.366725e-01,2.114177e-01,2.156523e-01,1.744739e-01,1.896192e-01,1.668899e-01,2.168008e-01,2.089734e-01,1.967986e-01,1.796397e-01,1.635801e-01,1.762755e-01,1.726890e-01,1.850899e-01,1.759171e-01,1.854486e-01,1.786187e-01,1.568294e-01,1.609761e-01,1.677421e-01,1.936724e-01,1.999664e-01,2.079824e-01,
2.037504e-01,1.952928e-01,1.930740e-01,1.976850e-01,1.925025e-01,1.907183e-01,1.869931e-01,1.891575e-01,1.783018e-01,1.666951e-01,1.642702e-01,1.733019e-01,1.830240e-01,1.817784e-01,1.829771e-01,1.734961e-01,1.821519e-01,1.819766e-01,1.800880e-01,1.786649e-01,1.739167e-01,1.803120e-01,1.679096e-01,1.531717e-01,1.359251e-01,1.416092e-01,1.442206e-01,1.407111e-01,1.368939e-01,1.467627e-01,1.546068e-01,1.535869e-01,1.551690e-01,1.598328e-01,1.708056e-01,1.766773e-01,1.762187e-01,1.743916e-01,1.955193e-01,
-2.535221e+00,-2.531963e+00,-2.536690e+00,-2.529003e+00,-2.518830e+00,-2.510739e+00,-2.499024e+00,-2.492091e+00,-2.490929e+00,-2.484419e+00,-2.490307e+00,-2.518417e+00,-2.546191e+00,-2.564555e+00,-2.572032e+00,-2.579976e+00,-2.588173e+00,-2.591166e+00,-2.596720e+00,-2.603008e+00,-2.612744e+00,-2.612635e+00,-2.609156e+00,-2.597158e+00,-2.576921e+00,-2.557161e+00,-2.544889e+00,-2.531427e+00,-2.531064e+00,-2.541510e+00,-2.550165e+00,-2.556363e+00,-2.557478e+00,-2.558840e+00,-2.560344e+00,-2.560130e+00,-2.562188e+00,-2.575739e+00,-2.581650e+00,
-2.636101e+00,-2.622098e+00,-2.615789e+00,-2.582360e+00,-2.579049e+00,-2.571096e+00,-2.559969e+00,-2.557308e+00,-2.554529e+00,-2.545867e+00,-2.543836e+00,-2.541103e+00,-2.541227e+00,-2.540335e+00,-2.538886e+00,-2.532966e+00,-2.536688e+00,-2.540716e+00,-2.549031e+00,-2.560866e+00,-2.571552e+00,-2.576238e+00,-2.582246e+00,-2.587204e+00,-2.578696e+00,-2.600812e+00,-2.591190e+00,
4.540489e-01,4.606874e-01,4.758824e-01,4.876561e-01,-2.619513e+00,-2.616906e+00,-2.611041e+00,-2.601794e+00,-2.595128e+00,-2.592063e+00,-2.575768e+00,-2.567034e+00,-2.562553e+00,-2.564324e+00,-2.562741e+00,-2.556852e+00,-2.553314e+00,-2.554478e+00,-2.557786e+00,-2.561056e+00,-2.570870e+00,-2.579848e+00,-2.582411e+00,-2.589392e+00,5.414683e-01,5.250248e-01,5.154289e-01,5.320570e-01,
5.269563e-01,-2.601524e+00,-2.587784e+00,-2.566948e+00,-2.561604e+00,-2.555941e+00,-2.547323e+00,-2.542658e+00,-2.534771e+00,-2.532183e+00,-2.532237e+00,-2.537961e+00,-2.528814e+00,-2.527615e+00,-2.525002e+00,-2.533080e+00,-2.536972e+00,-2.535901e+00,-2.534941e+00,-2.536963e+00,-2.539953e+00,-2.560195e+00,-2.573843e+00,-2.598790e+00,-2.598568e+00,5.297970e-01,
-2.661324e+00,-2.667525e+00,-2.653901e+00,-2.631087e+00,-2.610778e+00,-2.601016e+00,-2.592800e+00,-2.599986e+00,-2.603334e+00,-2.618401e+00,-2.634307e+00,-2.634387e+00,-2.627377e+00,-2.623532e+00,-2.620227e+00,-2.618385e+00,-2.629246e+00,-2.636793e+00,-2.652853e+00,-2.668653e+00,-2.673938e+00,-2.672954e+00,-2.675200e+00,
1.627163e-01,1.547093e-01,1.549659e-01,1.629077e-01,1.769437e-01,1.855141e-01,1.885617e-01,1.909897e-01,1.834079e-01,1.825095e-01,1.721451e-01,1.754652e-01,1.713428e-01,1.845804e-01,1.910484e-01,1.943314e-01,1.935613e-01,1.937698e-01,1.990825e-01,2.021123e-01,2.140414e-01,2.229644e-01,
1.615226e-02,1.451278e-02,1.723063e-02,2.338803e-02,2.661073e-02,2.618253e-02,1.475942e-02,9.163380e-03,2.737308e-02,1.138151e-02,-3.193259e-03,9.170771e-03,3.301740e-03,-1.208782e-02,-1.838768e-02,-1.453817e-02,-1.221263e-02,-2.793431e-03,-1.584494e-02,-2.216947e-02,-8.153200e-03,-9.876609e-03,-2.222776e-02,-3.010046e-02,-2.101409e-02,-1.152241e-02,
-2.631445e+00,-2.620478e+00,-2.611621e+00,-2.596666e+00,-2.570406e+00,-2.563529e+00,-2.561371e+00,-2.548751e+00,-2.544975e+00,-2.544740e+00,-2.544031e+00,-2.547436e+00,-2.542403e+00,-2.536902e+00,-2.528781e+00,-2.531705e+00,-2.526883e+00,-2.525218e+00,-2.520997e+00,-2.526883e+00,-2.534246e+00,-2.537588e+00,-2.543447e+00,-2.551827e+00,-2.560547e+00,-2.565439e+00,-2.574329e+00,-2.576708e+00,-2.594102e+00,-2.603250e+00,
3.270304e-02,5.234635e-02,6.486034e-02,3.735340e-02,5.444062e-02,-1.020372e-02,-4.146516e-02,-4.926169e-02,-5.194747e-02,-3.549898e-02,9.783864e-03,3.239262e-02,2.572548e-02,4.497957e-02,-1.191711e-02,-4.870951e-02,-4.728377e-02,-5.975974e-02,-4.849195e-02,1.879656e-02,3.663039e-02,3.616309e-02,4.002345e-02,
