-1.476347e-02,-2.194285e-02,-2.913904e-02,-2.925003e-02,-3.581989e-02,-4.653573e-02,-4.975152e-02,-5.491483e-02,-6.457388e-02,-6.191683e-02,-4.727280e-02,-3.786647e-02,-3.218877e-02,-2.964950e-02,-3.706300e-02,-3.962803e-02,-4.174626e-02,-4.058647e-02,-3.884363e-02,-3.007054e-02,-2.248299e-02,-1.803541e-02,-1.450825e-02,-1.416242e-02,-1.353765e-02,
-9.778380e-03,-3.825307e-03,-5.255103e-03,6.650686e-04,4.059911e-03,7.222414e-03,9.313941e-03,5.470395e-03,-7.287264e-04,-1.140857e-02,-2.513194e-02,-2.849054e-02,-2.049232e-02,-2.193999e-02,-1.884902e-02,-1.997375e-02,-1.962292e-02,-2.047443e-02,-1.691735e-02,-2.183437e-02,-1.780176e-02,-1.792717e-02,-1.352334e-02,-1.446033e-02,-2.068770e-02,-1.687610e-02,-1.686215e-02,-1.059413e-02,-9.493470e-03,
-1.620841e-02,-2.574706e-02,-2.539134e-02,-3.915584e-02,-3.357840e-02,-3.905547e-02,-4.559505e-02,-4.507828e-02,-4.899263e-02,-5.048490e-02,-3.772581e-02,-3.152359e-02,-2.933121e-02,-2.820981e-02,-2.870977e-02,-3.267694e-02,-3.040469e-02,-2.588868e-02,-2.220869e-02,-2.003717e-02,-1.468086e-02,-1.020789e-02,-1.004112e-02,-6.757259e-03,-4.021287e-03,
-9.224415e-03,-9.171963e-03,-8.712888e-03,3.131389e+00,3.125639e+00,3.123177e+00,3.124248e+00,3.122188e+00,3.120650e+00,3.119626e+00,-1.975882e-02,-2.072334e-02,3.118423e+00,-2.045810e-02,-1.698875e-02,-1.095247e-02,3.125627e+00,3.130421e+00,-1.203978e-02,-1.027167e-02,-1.064551e-02,-1.224434e-02,-1.088500e-02,-1.306963e-02,-1.470554e-02,-2.089083e-02,3.129350e+00,-1.210999e-02,-3.100514e-03,-7.030725e-03,-4.089594e-03,-2.550364e-03,-2.292991e-03,-2.658963e-03,
-1.310420e-02,-1.567745e-02,-2.402902e-02,-3.447878e-02,-3.999388e-02,-2.818108e-02,-3.491223e-02,-5.048728e-02,-4.377198e-02,-3.237712e-02,-2.172875e-02,-1.613927e-02,-1.106691e-02,-1.509869e-02,-1.578724e-02,-1.839828e-02,-2.022588e-02,-1.829398e-02,-1.791048e-02,-1.899862e-02,-2.029562e-02,-2.167070e-02,-2.009022e-02,-1.970100e-02,
3.074678e+00,3.068266e+00,3.068932e+00,3.056116e+00,3.061793e+00,3.053488e+00,3.054159e+00,3.047885e+00,3.056687e+00,3.061594e+00,3.063699e+00,3.068785e+00,3.064773e+00,3.065967e+00,3.069539e+00,3.072225e+00,3.081291e+00,3.083230e+00,3.089329e+00,3.087521e+00,3.087779e+00,
3.066252e+00,3.061417e+00,3.055614e+00,3.049973e+00,3.044081e+00,3.043152e+00,3.048189e+00,3.043644e+00,3.052784e+00,3.061030e+00,-7.118571e-02,-6.104779e-02,-6.010222e-02,-6.198037e-02,-6.437373e-02,-6.217980e-02,3.077671e+00,3.079289e+00,3.080652e+00,-5.885887e-02,-5.216753e-02,-4.916537e-02,-4.399574e-02,
-9.711981e-03,-1.573336e-02,-1.736307e-02,-2.573228e-02,-3.854454e-02,3.090213e+00,3.079211e+00,3.075834e+00,3.078303e+00,3.074392e+00,-5.644929e-02,-3.958082e-02,-2.846575e-02,-2.448773e-02,-2.182865e-02,-2.205706e-02,-2.326477e-02,-2.481854e-02,-2.286899e-02,-2.017760e-02,-1.671469e-02,
3.172636e-03,1.515830e-02,2.656949e-02,3.855217e-02,-3.097213e+00,4.575443e-02,3.497684e-02,1.652277e-02,1.027679e-02,1.090455e-02,1.382840e-02,1.786792e-02,2.125466e-02,1.958823e-02,1.261830e-02,7.736683e-04,-9.329796e-03,-1.552999e-02,-1.433277e-02,
-1.280427e-03,2.737045e-03,1.144183e-02,1.614058e-02,1.852453e-02,2.027988e-02,1.323318e-02,8.166075e-03,1.279020e-02,6.631374e-03,9.263992e-03,7.006407e-03,7.067204e-03,8.580565e-03,8.516312e-03,1.033390e-02,9.640574e-03,1.079166e-02,4.264832e-03,1.591086e-03,7.673502e-04,-3.881216e-03,-2.006888e-03,-4.763722e-03,-6.455779e-03,-6.569743e-03,-9.891510e-03,-1.349556e-02,
3.084553e+00,3.078594e+00,3.076475e+00,3.073815e+00,3.070062e+00,3.069902e+00,3.063625e+00,3.057292e+00,3.051111e+00,3.042178e+00,3.044562e+00,3.041541e+00,3.045964e+00,3.051135e+00,3.056631e+00,3.063020e+00,3.071718e+00,3.071262e+00,3.067149e+00,3.066410e+00,3.066216e+00,3.066653e+00,3.069926e+00,3.068368e+00,
3.088176e+00,3.072046e+00,3.069904e+00,3.058946e+00,3.052912e+00,3.049882e+00,3.046281e+00,3.052125e+00,3.057842e+00,3.061125e+00,3.062562e+00,3.063937e+00,3.064555e+00,3.062256e+00,3.063429e+00,3.063886e+00,3.065825e+00,3.068800e+00,3.072549e+00,3.082709e+00,3.087590e+00,3.091512e+00,3.094101e+00,3.090979e+00,3.091249e+00,
-1.039100e-02,-1.858974e-02,-2.637267e-02,-2.632380e-02,-3.586388e-02,-5.326664e-02,3.085634e+00,3.088567e+00,3.098326e+00,-3.481042e-02,-1.602602e-02,-1.131773e-02,-7.594705e-03,-6.993413e-03,-7.189989e-03,-1.099348e-02,-1.337767e-02,-1.365376e-02,-1.148260e-02,-8.067489e-03,-4.923344e-03,-2.118707e-03,2.547979e-03,3.340721e-03,8.105993e-03,1.125765e-02,1.165736e-02,1.196098e-02,
3.084291e+00,3.078878e+00,3.065441e+00,3.064471e+00,3.053578e+00,3.046692e+00,3.044351e+00,3.047946e+00,3.047444e+00,3.049020e+00,3.055186e+00,3.065295e+00,3.072303e+00,3.075035e+00,3.075361e+00,3.078517e+00,3.079756e+00,3.077314e+00,3.081577e+00,3.082883e+00,3.083997e+00,3.087492e+00,
1.264811e-04,1.958609e-03,7.024646e-03,1.007438e-02,1.225281e-02,1.254487e-02,1.426625e-02,1.402164e-02,1.242173e-02,6.253242e-03,-2.192259e-04,-5.617976e-03,-1.144767e-02,-1.389790e-02,-1.529014e-02,-1.774693e-02,-1.914787e-02,-2.313066e-02,-2.304053e-02,-2.276099e-02,-1.984572e-02,-2.155578e-02,-2.126706e-02,-9.480000e-03,-1.747203e-02,-1.999903e-02,-2.598488e-02,-2.987266e-02,-2.926576e-02,-3.059351e-02,-2.942073e-02,-2.882385e-02,-2.462149e-02,-2.552378e-02,
-7.189071e-02,-7.334256e-02,-7.630730e-02,-8.265316e-02,-9.226477e-02,-9.914112e-02,-1.043565e-01,-1.097642e-01,-1.131829e-01,-1.153526e-01,-1.141953e-01,-1.114051e-01,-1.090565e-01,-1.066900e-01,-1.099550e-01,-1.119940e-01,-1.148342e-01,-1.156298e-01,-1.123292e-01,-9.999990e-02,-8.222544e-02,-6.317174e-02,-5.328715e-02,-4.789352e-02,-5.077457e-02,-5.649483e-02,-6.153405e-02,-6.501436e-02,-6.415391e-02,-6.632435e-02,-5.734229e-02,-5.644596e-02,
-3.873038e-02,-4.330099e-02,-5.099094e-02,-6.172991e-02,-7.073927e-02,-7.200897e-02,-7.230461e-02,-6.740499e-02,-6.054306e-02,-5.423450e-02,-4.605496e-02,-4.161692e-02,-4.069853e-02,-4.387140e-02,-4.619217e-02,-4.722726e-02,-4.433858e-02,-4.233491e-02,-3.820086e-02,-3.236938e-02,-2.751541e-02,-2.328575e-02,-2.088702e-02,-2.050126e-02,
-3.647625e-02,-4.108667e-02,-5.496919e-02,-6.662333e-02,-7.164288e-02,-7.388783e-02,-7.242882e-02,-6.762850e-02,-6.353533e-02,-5.962622e-02,-5.017090e-02,-4.334223e-02,-4.178023e-02,-4.837418e-02,-5.516720e-02,-5.867934e-02,-6.136882e-02,-6.215477e-02,-6.050158e-02,-6.077802e-02,-5.738688e-02,-5.216813e-02,-4.792476e-02,-5.188191e-02,-5.702996e-02,-6.053579e-02,-5.938983e-02,-5.990410e-02,-6.012642e-02,-5.956352e-02,-5.862260e-02,-5.679345e-02,-5.417883e-02,-4.901075e-02,-4.447889e-02,-3.994906e-02,-3.722644e-02,-3.439689e-02,-3.424323e-02,
-2.781224e-02,-2.876651e-02,-3.570032e-02,-4.463291e-02,-5.535281e-02,-6.793797e-02,-7.614398e-02,-8.138633e-02,-8.180869e-02,-7.624125e-02,-7.120180e-02,-6.407106e-02,-5.708802e-02,-5.018127e-02,-4.958606e-02,-5.538189e-02,-6.174099e-02,-6.433189e-02,-6.546807e-02,-6.862485e-02,-7.006073e-02,-6.747460e-02,-6.428719e-02,-6.043196e-02,-5.509210e-02,-5.181122e-02,-5.055594e-02,-5.208313e-02,-5.145621e-02,-5.031061e-02,-4.713559e-02,-4.293573e-02,-3.971601e-02,-3.564203e-02,-3.137851e-02,-2.726924e-02,-2.565587e-02,-2.748847e-02,-2.820539e-02,
-3.983593e-02,-4.562306e-02,-5.283391e-02,-6.410444e-02,-8.139789e-02,-7.022321e-02,-7.392180e-02,-7.291186e-02,-7.038808e-02,-6.582236e-02,-6.005216e-02,-4.965460e-02,-3.339493e-02,-2.679884e-02,-1.655984e-02,-1.685643e-02,-2.158356e-02,-2.780044e-02,-2.926660e-02,-2.847123e-02,-2.711427e-02,-2.337766e-02,-2.512908e-02,-2.462387e-02,-2.412963e-02,
-4.704058e-02,-5.113184e-02,-5.655193e-02,-6.652951e-02,-7.111311e-02,-7.130861e-02,-7.999980e-02,-7.793033e-02,-7.428205e-02,-6.839609e-02,-6.055987e-02,-5.512488e-02,-5.296242e-02,-4.363203e-02,-3.197396e-02,-2.449763e-02,-1.964986e-02,-2.128577e-02,-2.192998e-02,-2.150595e-02,-2.184534e-02,-2.357590e-02,-2.391362e-02,-2.494252e-02,-2.693820e-02,-3.382123e-02,-3.342938e-02,-3.509319e-02,-3.116250e-02,-2.921021e-02,-2.807713e-02,
-3.021860e-02,-3.233325e-02,-3.879690e-02,-4.942989e-02,-5.892313e-02,-6.687856e-02,-7.090318e-02,-7.003117e-02,-6.356657e-02,-5.849648e-02,-5.281830e-02,-4.983521e-02,-4.847705e-02,-5.343103e-02,-5.769467e-02,-6.243467e-02,-6.349671e-02,-6.112123e-02,-5.962253e-02,-5.825031e-02,-5.462372e-02,-5.136025e-02,-5.431020e-02,-5.699515e-02,-5.885077e-02,-5.839384e-02,-5.426347e-02,-5.174327e-02,-5.074918e-02,-4.725969e-02,-4.044807e-02,-3.526068e-02,-3.132093e-02,-2.755141e-02,-2.766883e-02,-2.669716e-02,-2.639294e-02,
-3.196204e-02,-3.603864e-02,-4.033780e-02,-5.023527e-02,-5.786312e-02,-6.426823e-02,-6.919944e-02,-7.136917e-02,-6.944191e-02,-6.409287e-02,-5.620050e-02,-4.244030e-02,-3.435671e-02,-2.449226e-02,-2.186728e-02,-2.432549e-02,-2.810812e-02,-3.312480e-02,-3.294873e-02,-3.250575e-02,-3.056204e-02,-2.778685e-02,-2.978909e-02,-3.260350e-02,-3.275633e-02,-3.353059e-02,
-6.724334e-02,-7.511652e-02,-7.802057e-02,-7.920027e-02,-7.941973e-02,-9.497941e-02,-8.477557e-02,-8.429730e-02,-8.168888e-02,-7.247818e-02,-6.116152e-02,-4.792821e-02,-3.568780e-02,-3.324020e-02,-3.482604e-02,-3.901792e-02,-4.431903e-02,-4.906523e-02,-5.160046e-02,-4.949582e-02,-5.217075e-02,-5.222249e-02,-5.078161e-02,-5.289650e-02,-4.928243e-02,
-2.542806e-02,-3.053224e-02,-3.805470e-02,-4.622817e-02,-5.145156e-02,-4.960346e-02,-4.856598e-02,-4.495370e-02,-4.687583e-02,-4.175854e-02,-3.698838e-02,-3.483438e-02,-3.554547e-02,-3.443420e-02,-3.239131e-02,-2.798748e-02,-2.206206e-02,-1.506674e-02,-8.810043e-03,-4.917026e-03,-2.616644e-03,
-2.400255e-02,-2.946317e-02,-3.493810e-02,-4.024756e-02,-4.301620e-02,-4.853904e-02,-5.033016e-02,-5.374658e-02,-5.273819e-02,-4.927874e-02,-4.172146e-02,-3.902519e-02,-3.442788e-02,-2.989089e-02,-2.658904e-02,-2.352297e-02,-2.266061e-02,-1.962769e-02,-1.542974e-02,-1.109111e-02,-8.943200e-03,-6.732345e-03,
3.079404e+00,3.078153e+00,3.075277e+00,3.065796e+00,3.061856e+00,3.056419e+00,3.044823e+00,3.043522e+00,3.037834e+00,3.038468e+00,3.042288e+00,3.049486e+00,3.058354e+00,3.068730e+00,3.071301e+00,3.072720e+00,3.073536e+00,3.072881e+00,3.075284e+00,3.074139e+00,3.075192e+00,3.081977e+00,3.082593e+00,3.083898e+00,3.086320e+00,
-3.700900e-02,-3.703928e-02,-3.763449e-02,-3.831327e-02,-4.199755e-02,-5.314016e-02,-6.201458e-02,-6.699598e-02,-7.040846e-02,-6.657970e-02,-5.940318e-02,-5.288863e-02,-4.940367e-02,-4.542816e-02,-4.459667e-02,-5.075514e-02,-5.674016e-02,-6.163430e-02,-6.233311e-02,-5.995011e-02,-5.887783e-02,-5.460620e-02,-5.113888e-02,-4.559255e-02,-4.582286e-02,-5.061877e-02,-5.494416e-02,-5.670643e-02,-5.649018e-02,-5.694556e-02,-5.319750e-02,-4.744101e-02,-4.151273e-02,-3.965700e-02,-3.594458e-02,-3.423119e-02,-2.847433e-02,-2.616370e-02,
-3.630877e-02,-3.045177e-02,-2.367353e-02,-2.155554e-02,-2.403677e-02,-2.567446e-02,-2.928960e-02,-3.915906e-02,3.092174e+00,3.086967e+00,3.087950e+00,3.089422e+00,3.088744e+00,3.088662e+00,3.089227e+00,3.086658e+00,3.084814e+00,3.081553e+00,3.081277e+00,-5.700731e-02,-5.700636e-02,-5.666935e-02,
3.065987e+00,3.063988e+00,3.062240e+00,3.058348e+00,3.051697e+00,3.047075e+00,3.038071e+00,3.032835e+00,3.026999e+00,3.022883e+00,3.021430e+00,3.023659e+00,3.030680e+00,3.039261e+00,3.045558e+00,3.050838e+00,3.055010e+00,3.058013e+00,3.059874e+00,3.056905e+00,3.060557e+00,3.062785e+00,3.064831e+00,3.066011e+00,3.067008e+00,3.066748e+00,3.066936e+00,3.067564e+00,3.067203e+00,
3.125863e+00,3.126204e+00,3.125399e+00,3.122217e+00,3.123755e+00,-1.694489e-02,-3.133024e+00,-3.121984e+00,-3.117307e+00,-3.119591e+00,-3.120802e+00,1.457381e-02,9.648800e-03,-3.135440e+00,9.336948e-03,-2.251148e-03,-4.074574e-03,4.346609e-03,7.816076e-03,6.703138e-04,-4.875660e-03,-4.116297e-03,-3.060222e-03,-4.498005e-03,-7.492304e-03,-6.409764e-03,-4.292607e-03,-4.096270e-03,-5.696774e-03,-7.149577e-03,
-4.728734e-02,-5.143142e-02,-6.125236e-02,3.071252e+00,-6.423390e-02,-5.242443e-02,-3.828311e-02,-3.584743e-02,-3.909242e-02,-4.380405e-02,-4.338109e-02,-3.978217e-02,-3.494251e-02,-3.064966e-02,-2.700472e-02,-2.028883e-02,-1.487195e-02,-1.111627e-02,-1.138604e-02,-1.191115e-02,-1.148164e-02,-1.168656e-02,-1.204884e-02,
-7.625580e-03,-1.681519e-02,-2.587485e-02,-3.443384e-02,-4.177570e-02,-4.393673e-02,-4.246914e-02,-3.681886e-02,-3.133476e-02,-2.874637e-02,-2.901173e-02,-3.065217e-02,-2.896798e-02,-2.960801e-02,-2.576458e-02,-2.210450e-02,-1.523530e-02,-9.896636e-03,-5.582929e-03,-2.370834e-03,
-3.309333e-02,-3.364658e-02,-4.130566e-02,-4.260540e-02,-4.452598e-02,-4.572117e-02,-4.650795e-02,-4.418838e-02,-4.265714e-02,-4.193711e-02,-3.984308e-02,-3.910148e-02,-3.418970e-02,-3.430009e-02,-3.350568e-02,-3.176796e-02,-3.309810e-02,-3.250515e-02,-3.318608e-02,-3.354168e-02,-3.164864e-02,-2.837539e-02,-2.737272e-02,-2.750778e-02,-2.596021e-02,-2.705073e-02,
-2.898574e-03,-6.610155e-04,5.002737e-03,9.690404e-03,1.272523e-02,1.270175e-02,4.994750e-03,-4.657745e-03,-1.096034e-02,-2.268600e-02,-3.163326e-02,-3.551161e-02,3.092315e+00,-4.461682e-02,-4.276562e-02,-3.952670e-02,3.092855e+00,3.100487e+00,-3.572690e-02,3.107625e+00,-3.449762e-02,3.099542e+00,-3.950417e-02,3.100849e+00,3.104130e+00,3.105552e+00,-3.468418e-02,
-1.540911e-02,-1.436818e-02,-1.849818e-02,-3.017998e-02,-3.100550e-02,-3.617108e-02,-3.017008e-02,-3.565049e-02,-2.652490e-02,-2.576613e-02,-2.372444e-02,-2.627730e-02,-2.753878e-02,-2.106321e-02,-2.515888e-02,3.111934e+00,-2.863705e-02,-2.433419e-02,-3.198755e-02,3.112043e+00,3.114808e+00,3.118373e+00,3.119233e+00,3.125342e+00,3.124511e+00,3.122803e+00,3.121823e+00,-2.185738e-02,
3.073381e+00,3.072263e+00,3.071716e+00,3.072594e+00,3.068909e+00,3.067746e+00,3.063393e+00,3.057748e+00,3.057149e+00,3.052945e+00,3.050346e+00,3.047016e+00,3.051220e+00,3.042209e+00,3.035116e+00,3.034549e+00,3.030047e+00,3.034872e+00,3.037797e+00,3.046902e+00,3.057278e+00,3.063398e+00,3.067749e+00,3.068532e+00,3.070292e+00,3.067679e+00,3.073680e+00,3.073370e+00,3.071993e+00,3.080694e+00,3.085256e+00,3.081380e+00,3.088273e+00,3.088347e+00,3.085831e+00,
-3.819704e-02,-3.892541e-02,-4.332364e-02,-5.668902e-02,-6.244111e-02,-6.887805e-02,-7.022929e-02,-6.577539e-02,-6.101596e-02,-5.128741e-02,-4.456568e-02,-4.251075e-02,-4.274106e-02,-4.379249e-02,-4.726291e-02,-4.752600e-02,-4.342520e-02,-3.897679e-02,-3.345084e-02,-3.107572e-02,-2.868569e-02,-2.841699e-02,-2.613592e-02,-2.561128e-02,-2.607203e-02,
9.640098e-03,1.150930e-02,1.822877e-02,-3.118625e+00,-3.118102e+00,-3.114119e+00,2.539873e-02,-3.123650e+00,1.710582e-02,1.411295e-02,1.781988e-02,-3.125440e+00,7.659435e-03,2.073526e-03,-4.878402e-03,-8.905768e-03,3.132815e+00,3.134038e+00,-2.743602e-03,-2.571821e-03,-3.344655e-03,6.705761e-03,5.429387e-03,1.282001e-02,2.169132e-03,6.121278e-03,1.236200e-03,4.506111e-05,-2.483130e-04,
-1.270270e-02,-9.744525e-03,-1.474798e-02,-2.843189e-02,-3.734326e-02,-4.239786e-02,-4.021013e-02,-4.862332e-02,-5.310583e-02,-4.604769e-02,-4.473388e-02,-4.652858e-02,-5.751336e-02,-6.059289e-02,-7.161891e-02,-7.428813e-02,-6.008923e-02,-6.339979e-02,3.071564e+00,3.081279e+00,-6.510484e-02,-6.570327e-02,-6.959832e-02,-5.883634e-02,-4.219925e-02,-2.628005e-02,-9.142399e-03,-3.329277e-03,-2.145171e-03,3.910065e-03,1.983762e-03,7.861853e-04,1.314640e-03,
-3.187501e-02,-3.518677e-02,-3.721535e-02,-3.901863e-02,-4.201961e-02,-4.612863e-02,-4.872704e-02,-4.788935e-02,-4.687881e-02,-4.800689e-02,-4.611051e-02,-4.193783e-02,-3.791654e-02,-3.777885e-02,-4.010594e-02,-4.421210e-02,-4.433966e-02,-4.444766e-02,-4.052281e-02,-4.056215e-02,-3.794765e-02,-3.848791e-02,-3.530812e-02,-3.709459e-02,
3.091451e+00,3.095675e+00,3.098328e+00,3.118874e+00,-6.338716e-03,1.230836e-03,-5.986810e-03,-1.203477e-02,3.125912e+00,3.115144e+00,3.115171e+00,3.118433e+00,3.121630e+00,3.122514e+00,3.122146e+00,-2.274108e-02,-2.882719e-02,3.105639e+00,3.094633e+00,3.087414e+00,3.083260e+00,3.083211e+00,3.084423e+00,3.085539e+00,3.087202e+00,
4.211187e-03,-1.193762e-03,-2.561808e-03,-5.198479e-03,-1.107049e-02,-6.235480e-03,-2.829671e-03,-8.819818e-03,-1.407337e-02,-1.454294e-02,-1.564455e-02,-1.152694e-02,-1.052189e-02,-1.541805e-02,-1.128328e-02,-1.449883e-02,-2.410972e-02,-2.291167e-02,-2.673185e-02,-2.517617e-02,-2.220881e-02,-1.795936e-02,-1.383400e-02,-9.597182e-03,-1.056409e-02,-1.064146e-02,-8.394361e-03,-7.314444e-03,-5.476832e-03,-1.906276e-03,1.537561e-03,
3.066353e+00,3.058622e+00,3.053056e+00,3.050088e+00,3.043866e+00,3.041494e+00,3.035566e+00,3.033960e+00,3.036718e+00,3.036016e+00,3.043085e+00,3.050130e+00,3.055316e+00,3.057621e+00,3.056027e+00,3.055683e+00,3.055253e+00,3.056793e+00,3.056566e+00,3.058527e+00,3.060853e+00,3.064757e+00,3.067532e+00,3.068528e+00,3.071689e+00,
-1.626158e-02,-1.727557e-02,-7.110357e-03,-9.313822e-03,5.134106e-03,9.146929e-04,8.513808e-03,1.389587e-02,1.408291e-02,3.069401e-03,1.512790e-02,8.515477e-03,1.802588e-02,2.304077e-02,2.124143e-02,2.459955e-02,2.248073e-02,2.655005e-02,1.661325e-02,2.450871e-02,2.919650e-02,2.492583e-02,2.509093e-02,1.690829e-02,1.361001e-02,7.214785e-03,3.142715e-03,1.872420e-03,-3.943443e-04,-3.695607e-03,-8.467913e-03,
-3.553307e-02,-3.771830e-02,-4.039383e-02,-4.421568e-02,-5.423784e-02,-6.081665e-02,-6.741464e-02,-7.366562e-02,-8.846939e-02,-9.453344e-02,-8.291388e-02,-7.940578e-02,-6.852758e-02,-5.364287e-02,-4.377270e-02,-3.675330e-02,-3.427696e-02,-4.095638e-02,-4.179084e-02,-4.471362e-02,-4.628909e-02,-4.717875e-02,-4.490483e-02,-4.022431e-02,-3.977811e-02,-3.707540e-02,-3.613257e-02,-3.408825e-02,-3.171849e-02,-2.861333e-02,-2.535510e-02,
-3.451788e-02,-4.065073e-02,-4.877293e-02,-5.831480e-02,-6.662083e-02,-7.127380e-02,-7.682347e-02,-7.676721e-02,-8.862615e-02,-7.406640e-02,-6.712484e-02,-5.577171e-02,-4.018247e-02,-2.603281e-02,-1.593196e-02,-1.471412e-02,-1.781952e-02,-2.109778e-02,-1.943517e-02,-2.273893e-02,-2.359092e-02,-2.320671e-02,-2.566874e-02,-3.232491e-02,-3.864181e-02,-4.146075e-02,-4.390919e-02,-4.385757e-02,-4.594719e-02,-4.791737e-02,
-2.628624e-02,-2.633858e-02,-2.683437e-02,-3.219819e-02,-4.349470e-02,-5.541170e-02,-6.710386e-02,-7.283366e-02,-7.435822e-02,-7.288444e-02,-6.707537e-02,-5.628216e-02,-4.562557e-02,-4.549849e-02,-5.061579e-02,-5.887139e-02,-5.982196e-02,-6.183636e-02,-6.079733e-02,-6.145096e-02,-5.778146e-02,-5.204356e-02,-4.622579e-02,-4.689860e-02,-5.253053e-02,-5.770516e-02,-6.097400e-02,-6.194115e-02,-5.942607e-02,-5.669522e-02,-4.831851e-02,-4.551804e-02,-3.973961e-02,
-3.583419e-02,-3.990638e-02,-4.971993e-02,-5.850244e-02,-6.758571e-02,-6.902599e-02,-6.935143e-02,-6.396091e-02,-5.886233e-02,-5.458164e-02,-5.222440e-02,-5.566835e-02,-6.088591e-02,-6.609261e-02,-6.784105e-02,-6.848609e-02,-6.749737e-02,-6.409156e-02,-6.321883e-02,-5.768681e-02,-5.497146e-02,-5.187619e-02,-5.343413e-02,-5.247617e-02,-5.063868e-02,-4.925942e-02,-4.657769e-02,-4.310966e-02,-3.859401e-02,-3.324509e-02,-3.177464e-02,-3.034770e-02,
-4.748964e-02,-5.072248e-02,-5.823147e-02,-6.537879e-02,-7.218897e-02,-7.953167e-02,-8.257782e-02,-7.940245e-02,-7.132280e-02,-6.567943e-02,-5.835915e-02,-4.986835e-02,-4.205167e-02,-4.511070e-02,-5.307937e-02,-5.867636e-02,-6.170762e-02,-6.320155e-02,-6.134343e-02,-5.697060e-02,-5.417430e-02,-4.845858e-02,-4.470336e-02,-4.417229e-02,-4.623008e-02,-4.812312e-02,-4.727066e-02,-4.421842e-02,-3.949666e-02,-3.497803e-02,-3.146529e-02,
-4.554117e-02,-4.908741e-02,-5.455351e-02,-6.193161e-02,-6.726444e-02,-7.183206e-02,-7.092607e-02,-7.244134e-02,-6.853974e-02,-6.785703e-02,-6.254458e-02,-5.844033e-02,-5.672669e-02,-5.626583e-02,-5.758548e-02,-5.878043e-02,-5.873168e-02,-5.499911e-02,-4.935360e-02,-4.340148e-02,-3.961980e-02,-3.614151e-02,-3.727925e-02,-3.539264e-02,-3.621328e-02,-3.727531e-02,
-3.778052e-02,-3.823650e-02,-5.344820e-02,-5.835819e-02,-6.785059e-02,-7.361591e-02,-7.397938e-02,-7.169616e-02,-6.923032e-02,-6.501794e-02,-5.932033e-02,-5.907512e-02,-6.021762e-02,-6.272066e-02,-6.663692e-02,-6.802619e-02,-6.614184e-02,-6.632388e-02,-6.349659e-02,-6.134558e-02,-6.173098e-02,-6.425083e-02,-6.741357e-02,-6.753683e-02,-6.946886e-02,-7.007599e-02,-7.064700e-02,-6.742656e-02,-6.910968e-02,-6.940103e-02,-6.650078e-02,-6.629300e-02,-6.888652e-02,-7.189143e-02,-7.302964e-02,-7.076049e-02,-7.028520e-02,-6.502056e-02,-5.944264e-02,-5.234694e-02,-4.864478e-02,-4.568446e-02,
-4.501414e-02,-4.722655e-02,-4.484391e-02,-4.674351e-02,-4.912484e-02,-5.114245e-02,-4.847503e-02,-4.692495e-02,-4.172468e-02,-3.858745e-02,-3.822327e-02,-3.848934e-02,-3.928304e-02,-4.004121e-02,-4.076445e-02,-4.062915e-02,-4.019105e-02,-3.807819e-02,-3.626871e-02,-3.262544e-02,-2.735305e-02,-2.484787e-02,-2.543569e-02,-2.637780e-02,-2.658713e-02,
-3.433740e-02,-3.837585e-02,-4.502976e-02,-5.239785e-02,-6.147230e-02,-6.336248e-02,-7.744217e-02,-8.098924e-02,-8.425224e-02,-8.946860e-02,-8.728445e-02,-7.587969e-02,-7.195103e-02,-6.899917e-02,-6.427145e-02,-5.947614e-02,-5.035865e-02,-4.308617e-02,-3.491068e-02,-2.869475e-02,-2.269554e-02,-2.116299e-02,-2.121413e-02,-2.171433e-02,-1.860321e-02,-1.818597e-02,-2.096748e-02,-2.118874e-02,-2.283573e-02,-1.988006e-02,-1.660144e-02,-1.662993e-02,
-4.476035e-02,-4.782903e-02,-5.135965e-02,-5.911732e-02,-6.492257e-02,-7.005870e-02,-8.239162e-02,-7.416141e-02,-8.670115e-02,-7.590592e-02,-6.860018e-02,-5.878353e-02,-4.620612e-02,-3.764617e-02,-3.146839e-02,-3.185964e-02,-3.335702e-02,-3.641200e-02,-3.332365e-02,-2.809656e-02,-2.305150e-02,-1.388824e-02,-4.546642e-03,-4.189014e-04,2.822995e-03,1.330256e-03,
-2.661073e-02,-3.311610e-02,-4.655778e-02,-5.896497e-02,-6.957269e-02,-7.712400e-02,-7.960773e-02,-7.862377e-02,-7.380855e-02,-6.510091e-02,-5.762291e-02,-5.497837e-02,-5.529046e-02,-5.780721e-02,-6.179059e-02,-6.377578e-02,-6.294000e-02,-6.313908e-02,-5.710244e-02,-5.211377e-02,-4.749441e-02,-4.094374e-02,-4.168797e-02,-4.059124e-02,-3.918922e-02,-3.517020e-02,-3.433573e-02,-3.121066e-02,
-4.841650e-02,-4.946196e-02,-5.477083e-02,-6.270838e-02,-6.825519e-02,-7.269168e-02,-7.527351e-02,-7.275939e-02,-6.687891e-02,-6.054544e-02,-6.432998e-02,-6.818759e-02,-7.380581e-02,-7.584667e-02,-7.705104e-02,-7.575977e-02,-7.369387e-02,-7.305157e-02,-7.031119e-02,-6.594193e-02,-5.966234e-02,-5.922127e-02,-6.342554e-02,-6.733549e-02,-6.999969e-02,-7.040381e-02,-7.003629e-02,-6.889892e-02,-6.629980e-02,-5.982339e-02,-5.434239e-02,-4.978776e-02,-4.608142e-02,-4.349661e-02,-4.198754e-02,
2.555895e-02,3.195155e-02,3.172779e-02,3.737855e-02,3.796077e-02,4.173708e-02,3.688169e-02,3.160596e-02,3.719485e-02,4.901135e-02,5.755270e-02,6.002080e-02,6.321979e-02,-3.080350e+00,-3.079321e+00,-3.083588e+00,5.300868e-02,5.068994e-02,4.796278e-02,4.715025e-02,4.670727e-02,4.384315e-02,4.226315e-02,3.483057e-02,2.933657e-02,2.701664e-02,1.743138e-02,1.822662e-02,
-5.992293e-03,3.586531e-03,6.770968e-03,8.431911e-03,1.381600e-02,1.589704e-02,1.428068e-02,1.383424e-02,1.301134e-02,1.610017e-02,1.711941e-02,1.959527e-02,2.227008e-02,2.245200e-02,2.137351e-02,2.184010e-02,1.992273e-02,1.819229e-02,1.962686e-02,2.218080e-02,2.251780e-02,2.469754e-02,2.634764e-02,2.653289e-02,-3.112832e+00,-3.117577e+00,1.607478e-02,9.271741e-03,1.003981e-02,9.306550e-03,2.365828e-03,1.509666e-03,-2.906799e-03,-3.083825e-03,-5.835176e-03,
3.114634e+00,3.111668e+00,3.110949e+00,3.104545e+00,3.101299e+00,-4.080498e-02,-4.107165e-02,-4.207933e-02,3.091887e+00,3.087524e+00,3.078542e+00,3.077729e+00,3.072841e+00,3.076584e+00,3.080182e+00,3.079889e+00,3.081831e+00,3.086382e+00,3.083910e+00,3.080652e+00,3.083821e+00,3.083130e+00,3.080639e+00,3.082012e+00,3.083793e+00,3.091428e+00,3.105404e+00,3.111523e+00,3.121662e+00,3.125520e+00,3.127184e+00,3.127656e+00,3.128841e+00,
-1.326799e-02,-1.180923e-02,-1.315117e-02,-1.723135e-02,-1.874316e-02,-1.450014e-02,-1.992357e-02,-2.010679e-02,-1.813924e-02,-1.113105e-02,-8.313417e-03,-7.101297e-03,-9.312630e-03,-1.419258e-02,-1.548731e-02,-1.213419e-02,-1.158571e-02,-1.125693e-02,-1.304913e-02,-1.121008e-02,-8.584857e-03,-1.133263e-02,-9.516954e-03,-1.309872e-02,-1.417994e-02,-1.494408e-02,-1.634657e-02,
3.070930e+00,3.068071e+00,3.059921e+00,3.059565e+00,3.059118e+00,3.062073e+00,3.060163e+00,3.059360e+00,3.064464e+00,3.065424e+00,3.067182e+00,3.067443e+00,3.071889e+00,3.074183e+00,3.078377e+00,3.081326e+00,3.087733e+00,
-1.177847e-02,-1.074922e-02,-4.731655e-03,-4.452586e-03,1.407862e-03,-2.876520e-04,2.176642e-03,5.019903e-04,-1.816750e-04,1.277924e-03,5.793571e-03,7.339120e-03,-5.033016e-04,-3.610015e-03,-1.186562e-02,-1.235163e-02,-1.204288e-02,-1.683152e-02,-1.308262e-02,-8.965492e-03,-6.564617e-03,-5.727291e-03,-9.808898e-03,-6.709099e-03,-9.168744e-03,-1.616800e-02,-2.566862e-02,-2.876902e-02,-3.218710e-02,-3.190422e-02,-3.343534e-02,3.106087e+00,3.104136e+00,3.099452e+00,3.098388e+00,
3.088635e+00,3.087527e+00,3.083394e+00,3.077498e+00,3.075172e+00,3.070460e+00,3.069504e+00,3.066498e+00,3.065777e+00,3.063964e+00,3.059841e+00,3.063334e+00,3.065279e+00,3.066117e+00,3.069780e+00,3.072268e+00,3.069983e+00,3.073033e+00,3.075202e+00,3.078966e+00,3.083106e+00,
3.087763e+00,3.085408e+00,3.077675e+00,3.082797e+00,3.073044e+00,3.072427e+00,3.067351e+00,3.067065e+00,3.067199e+00,3.068889e+00,3.066091e+00,3.067834e+00,3.069817e+00,3.070370e+00,3.071492e+00,3.070857e+00,3.073577e+00,3.077462e+00,3.082636e+00,3.084323e+00,
3.085460e+00,3.083023e+00,3.078605e+00,3.075523e+00,3.075158e+00,3.071845e+00,3.070778e+00,3.072448e+00,3.073772e+00,3.071984e+00,3.072782e+00,3.071410e+00,3.073037e+00,3.073951e+00,3.075906e+00,3.079702e+00,3.080944e+00,3.083218e+00,3.086268e+00,
3.401041e-04,-2.332926e-04,1.668692e-03,7.269502e-03,1.214111e-02,1.873648e-02,2.583587e-02,3.088391e-02,3.308475e-02,3.424716e-02,3.537285e-02,3.353453e-02,2.932703e-02,2.677619e-02,2.471197e-02,2.331233e-02,2.274275e-02,2.036953e-02,1.938438e-02,2.033508e-02,2.120161e-02,2.092838e-02,2.049148e-02,1.862752e-02,1.891065e-02,1.924336e-02,1.858628e-02,1.865339e-02,1.777780e-02,1.801825e-02,1.729512e-02,1.383221e-02,1.242781e-02,1.812220e-02,1.730371e-02,1.903915e-02,1.878011e-02,1.753461e-02,1.018310e-02,5.598545e-03,5.360484e-03,3.976822e-04,2.675056e-04,
-4.226804e-03,-8.118749e-03,-8.156300e-03,-9.662271e-03,-7.772923e-03,-1.004255e-02,-1.198089e-02,-1.272619e-02,-2.113938e-03,7.244587e-03,1.828182e-02,1.598215e-02,1.631010e-02,1.878750e-02,1.119316e-02,5.897284e-03,-3.705025e-04,-1.525521e-03,8.845329e-04,1.371503e-03,1.849532e-03,-3.033638e-03,-7.071018e-03,
1.007152e-02,6.699085e-03,-9.791851e-04,-1.165748e-03,1.787424e-03,-2.955198e-04,-2.366185e-03,-2.483487e-03,2.547741e-03,8.265257e-03,1.662517e-02,1.535714e-02,1.331997e-02,9.325862e-03,5.646586e-03,4.169941e-04,-2.395272e-03,-3.528357e-03,-2.074718e-03,6.455183e-03,5.766988e-03,6.227374e-03,1.779199e-03,9.380579e-04,-3.693461e-03,-8.427978e-03,-8.416653e-03,-7.547021e-03,-5.484819e-03,-4.920602e-03,-5.099416e-03,-4.910350e-03,-5.948186e-03,-5.272627e-03,
3.066956e+00,3.066544e+00,3.063767e+00,3.061769e+00,3.058758e+00,3.052917e+00,3.055717e+00,3.056848e+00,3.058573e+00,3.059614e+00,3.058296e+00,3.061506e+00,3.059620e+00,3.060397e+00,3.061802e+00,3.063150e+00,3.066298e+00,3.067944e+00,3.067919e+00,3.065426e+00,3.066357e+00,3.066174e+00,3.068585e+00,3.071657e+00,3.073061e+00,-6.006515e-02,-5.700815e-02,
-1.670015e-02,-1.924646e-02,-1.910615e-02,-1.795232e-02,-1.617360e-02,-1.070917e-02,-1.059926e-02,-1.473618e-02,-1.613104e-02,-5.338311e-03,-3.799200e-04,5.067706e-03,9.442687e-03,9.267569e-03,5.121946e-03,3.424883e-04,-6.596923e-03,-1.039708e-02,-1.597142e-02,-1.482141e-02,-1.023889e-02,-8.487463e-03,-4.927039e-03,-7.650495e-03,-7.549405e-03,-1.352751e-02,-1.750624e-02,-1.958930e-02,
-3.998268e-02,-4.240203e-02,-4.486001e-02,-5.028093e-02,-5.147707e-02,-5.650723e-02,-5.829132e-02,-5.958605e-02,-6.042206e-02,-6.573260e-02,-6.865740e-02,-6.892800e-02,-6.779444e-02,-6.471384e-02,-6.265473e-02,-6.361711e-02,-6.349623e-02,-6.361103e-02,-6.499875e-02,-6.386638e-02,-6.104696e-02,-6.159103e-02,-5.753374e-02,
-1.928985e-02,-2.071857e-02,-1.983988e-02,-1.813138e-02,-1.983511e-02,-2.015698e-02,-2.450287e-02,-2.822375e-02,-3.166306e-02,-3.412235e-02,-3.542328e-02,-3.513086e-02,-3.282022e-02,-2.924287e-02,-2.739155e-02,-2.769804e-02,-2.985799e-02,-3.304148e-02,-3.531396e-02,-3.348005e-02,-2.935445e-02,-2.061427e-02,-1.467049e-02,
-3.284705e-02,-3.355455e-02,-3.396738e-02,-3.200150e-02,-3.147817e-02,-3.558421e-02,-3.423297e-02,-3.994882e-02,-4.752970e-02,-5.536258e-02,-6.182206e-02,-6.194651e-02,-5.688155e-02,-5.352998e-02,-4.986477e-02,-4.687643e-02,-4.458702e-02,-4.428208e-02,-4.434216e-02,-4.273820e-02,-3.445637e-02,-2.175546e-02,-1.013887e-02,2.954364e-03,1.514256e-02,2.243185e-02,
-3.368485e-02,-3.932440e-02,-4.833281e-02,-5.092573e-02,-5.391645e-02,-5.727232e-02,-5.599022e-02,-5.493891e-02,-5.302739e-02,-5.163527e-02,-5.081415e-02,-5.075645e-02,-5.009139e-02,-4.765952e-02,-4.883778e-02,-4.761887e-02,-4.652500e-02,-4.269421e-02,-4.016840e-02,-3.685558e-02,-3.246105e-02,-2.892876e-02,-2.492476e-02,-2.224243e-02,-2.097452e-02,-2.184808e-02,
-1.994574e-02,-2.520883e-02,-3.224444e-02,-3.829253e-02,-4.240489e-02,-4.551792e-02,-4.418707e-02,-4.433131e-02,-4.082954e-02,-4.218996e-02,-4.778218e-02,-4.825294e-02,-5.115998e-02,-4.515815e-02,-4.261100e-02,-4.258609e-02,-4.476225e-02,-4.298782e-02,-4.403067e-02,-5.249679e-02,-5.090165e-02,-5.025649e-02,-4.114127e-02,-3.463840e-02,-2.927816e-02,-2.672124e-02,-2.221644e-02,-2.025425e-02,
3.074888e+00,3.073497e+00,3.067024e+00,3.064418e+00,3.061431e+00,3.058639e+00,3.058323e+00,3.058399e+00,3.054935e+00,3.055386e+00,3.057721e+00,3.058769e+00,3.060242e+00,3.062687e+00,3.062212e+00,3.064505e+00,3.063179e+00,3.066370e+00,3.067977e+00,3.071613e+00,3.075275e+00,
-4.349446e-02,-4.969585e-02,-5.499339e-02,-5.644321e-02,-5.865633e-02,-5.617237e-02,-5.517137e-02,-5.365789e-02,-5.268049e-02,-5.256152e-02,-5.229831e-02,-5.211294e-02,-5.303240e-02,-5.301952e-02,-5.251288e-02,-5.159414e-02,-5.274892e-02,-5.138731e-02,-4.977858e-02,-4.796457e-02,-4.490137e-02,-4.216599e-02,-3.638625e-02,-3.251660e-02,-2.769768e-02,-2.726507e-02,-2.728963e-02,
-2.086020e-02,-2.027047e-02,-1.608193e-02,-1.655185e-02,-1.375937e-02,-1.595747e-02,-2.266324e-02,-2.648175e-02,-2.856791e-02,-3.163052e-02,-3.138256e-02,-3.103960e-02,-2.937675e-02,-2.427280e-02,-2.362370e-02,-2.616811e-02,-2.754259e-02,-2.994657e-02,-2.691126e-02,-2.383232e-02,-1.947153e-02,-1.270151e-02,-8.773685e-03,
-3.154457e-02,-3.378606e-02,-3.674006e-02,-3.801870e-02,-3.481245e-02,-3.329742e-02,-3.632772e-02,-3.923011e-02,-4.302096e-02,-5.396914e-02,-6.527042e-02,-7.581234e-02,-8.389449e-02,-8.499908e-02,-8.136451e-02,-7.808626e-02,-7.508755e-02,-7.536840e-02,-7.552469e-02,-7.488501e-02,-7.364786e-02,-7.071376e-02,-6.679308e-02,-5.702126e-02,-4.949117e-02,-4.435539e-02,-4.413104e-02,-4.491818e-02,
-4.129219e-02,-4.134297e-02,-4.380202e-02,-4.642248e-02,-4.745686e-02,-5.005383e-02,-5.449486e-02,-5.400133e-02,-5.400980e-02,-5.106044e-02,-4.818833e-02,-4.679406e-02,-4.443002e-02,-4.631603e-02,-4.634321e-02,-4.788768e-02,-4.773104e-02,-4.844749e-02,-4.727578e-02,-4.019225e-02,-3.451097e-02,-2.961826e-02,-2.840412e-02,-2.692449e-02,-2.994573e-02,-3.114748e-02,-2.788496e-02,
-9.638071e-03,-1.515162e-02,-2.125609e-02,-2.684879e-02,-3.092086e-02,-3.503060e-02,-3.225315e-02,-2.956021e-02,-2.573478e-02,-2.678442e-02,-2.845979e-02,-2.968442e-02,-3.131759e-02,-3.180385e-02,-3.253603e-02,-3.156054e-02,-2.941310e-02,-2.055740e-02,-1.519310e-02,-7.189274e-03,-2.974272e-04,2.024651e-03,2.886057e-03,
-6.099606e-02,-5.920267e-02,-5.513346e-02,-5.706680e-02,-5.912125e-02,-6.187499e-02,-6.482518e-02,-6.866050e-02,-6.875324e-02,-7.177150e-02,-7.198215e-02,-7.277870e-02,-7.223523e-02,-7.127666e-02,-7.185113e-02,-7.063270e-02,-7.280123e-02,-7.157397e-02,
3.082380e+00,3.076856e+00,3.075730e+00,3.070097e+00,3.067979e+00,3.071046e+00,3.071813e+00,3.072471e+00,3.073356e+00,3.078623e+00,3.075595e+00,3.077883e+00,3.075034e+00,3.074625e+00,3.078084e+00,3.079823e+00,3.080835e+00,
-2.261078e-02,-2.702856e-02,-2.890325e-02,-3.070974e-02,-3.346252e-02,-3.752995e-02,-3.014219e-02,-2.262998e-02,-1.628399e-02,-1.107335e-02,-6.386042e-03,-9.175539e-04,1.282096e-03,1.125216e-03,1.830816e-03,1.628160e-03,1.780987e-04,-1.487732e-03,-9.311438e-04,4.645467e-03,9.110808e-03,9.303331e-03,8.214831e-03,4.654169e-03,1.326442e-03,-1.896739e-03,
-3.240359e-02,-3.131688e-02,-3.272867e-02,-3.576839e-02,-3.866577e-02,-3.919387e-02,-3.692639e-02,-3.445756e-02,-3.253627e-02,-3.187013e-02,-3.155506e-02,-3.063321e-02,-2.998662e-02,-2.913761e-02,-2.663350e-02,-2.607667e-02,-2.534354e-02,-2.714348e-02,-2.726185e-02,-2.749252e-02,-2.687180e-02,-2.269793e-02,-1.924086e-02,-1.495481e-02,-6.457806e-03,-4.448771e-03,4.684925e-04,
-2.262950e-03,-3.019571e-03,-2.301335e-03,2.845883e-03,3.372669e-03,4.780293e-04,8.141637e-03,1.432693e-02,2.264190e-02,1.975560e-02,2.180779e-02,1.668155e-02,1.519370e-02,6.765366e-03,5.299330e-03,6.341815e-03,3.228307e-03,-2.237797e-03,-3.407001e-03,-6.756544e-03,-4.300356e-03,-3.471375e-03,
-3.965914e-02,-4.337466e-02,-4.971826e-02,-5.343950e-02,-5.329120e-02,-5.093300e-02,-4.767621e-02,-4.504323e-02,-4.320467e-02,-4.048240e-02,-4.062510e-02,-3.952956e-02,-4.208720e-02,-4.339516e-02,-4.359591e-02,-4.348528e-02,-4.476476e-02,-4.388487e-02,-3.970230e-02,-3.447998e-02,-2.728617e-02,-2.354491e-02,-2.140796e-02,-1.945531e-02,-2.034807e-02,
-5.016565e-02,-5.232024e-02,-5.201972e-02,-5.446541e-02,-5.877650e-02,-6.107354e-02,-6.027424e-02,-5.804276e-02,-5.615437e-02,-5.436075e-02,-5.341041e-02,-5.251837e-02,-5.381358e-02,-5.466759e-02,-5.581260e-02,-5.729866e-02,-5.768538e-02,-5.795205e-02,-5.541897e-02,-5.340207e-02,-4.949188e-02,-4.445732e-02,-4.080749e-02,-3.906357e-02,-3.659594e-02,-3.527451e-02,-3.598690e-02,-3.419900e-02,
3.076089e+00,3.072080e+00,3.068314e+00,3.067905e+00,3.065804e+00,3.065206e+00,3.062224e+00,3.064337e+00,3.065182e+00,3.066194e+00,3.067831e+00,3.069800e+00,3.072299e+00,3.071677e+00,3.070346e+00,3.069130e+00,3.071533e+00,3.076080e+00,3.078321e+00,3.080121e+00,
-4.324567e-02,-4.785180e-02,-4.942441e-02,-5.183733e-02,-5.507576e-02,-5.606401e-02,-5.534697e-02,-5.131376e-02,-4.970026e-02,-5.009043e-02,-5.028355e-02,-5.064225e-02,-5.189312e-02,-5.170298e-02,-5.206513e-02,-5.151331e-02,-5.030954e-02,-4.949510e-02,-4.857945e-02,-4.647648e-02,-4.550731e-02,-4.567623e-02,-4.360092e-02,-3.958631e-02,-3.409576e-02,-2.984166e-02,-2.654922e-02,-2.652597e-02,-2.625287e-02,
-2.317309e-03,9.630919e-04,2.927423e-03,4.737020e-03,8.123755e-03,3.778934e-03,7.509828e-03,1.060236e-02,1.734090e-02,1.943910e-02,2.044451e-02,1.940513e-02,1.410031e-02,1.175392e-02,4.832029e-03,4.142880e-03,2.402782e-03,1.289725e-03,1.310468e-03,-1.792669e-03,-3.035307e-03,-4.305720e-03,-4.045248e-03,
7.412434e-04,-1.513481e-03,-3.934264e-03,-6.692767e-03,3.130808e+00,3.127524e+00,3.123570e+00,3.119590e+00,3.116983e+00,3.114555e+00,3.115276e+00,3.115140e+00,3.115780e+00,3.117869e+00,3.119870e+00,3.119032e+00,3.117325e+00,3.116412e+00,3.115759e+00,3.116493e+00,3.114239e+00,3.114023e+00,3.116506e+00,3.116899e+00,3.116948e+00,3.116849e+00,3.115065e+00,3.117497e+00,3.120105e+00,3.120000e+00,3.121862e+00,3.123272e+00,3.126732e+00,3.129919e+00,3.134096e+00,3.138423e+00,
3.060907e+00,3.059453e+00,3.060293e+00,3.057816e+00,3.053955e+00,3.054041e+00,3.050689e+00,3.051968e+00,3.057826e+00,3.059478e+00,3.062564e+00,3.062981e+00,3.060462e+00,3.059806e+00,3.060997e+00,3.062388e+00,3.062958e+00,3.067497e+00,3.069965e+00,3.071749e+00,
3.053549e+00,3.050678e+00,3.049606e+00,3.048256e+00,3.046639e+00,3.047809e+00,3.048137e+00,3.049547e+00,3.048837e+00,3.049655e+00,3.051818e+00,3.053079e+00,3.053538e+00,3.054927e+00,3.052265e+00,3.053414e+00,3.055239e+00,
-3.771901e-03,5.570650e-04,4.896641e-03,8.487463e-03,1.323843e-02,1.613224e-02,1.562524e-02,1.417458e-02,9.815931e-03,8.539438e-03,7.076979e-03,2.672195e-03,4.506111e-05,-6.011724e-04,-1.206160e-03,-1.251578e-03,-3.839731e-04,5.483627e-04,9.582043e-04,1.505733e-03,2.455115e-03,4.577518e-03,5.233407e-03,4.598856e-03,3.889203e-03,2.906919e-03,1.015306e-03,4.943609e-04,9.747744e-04,5.438328e-04,-1.296282e-03,-3.721714e-03,-5.126953e-03,-8.758187e-03,-1.113820e-02,
3.080949e+00,3.079832e+00,3.079471e+00,3.074968e+00,3.074576e+00,3.069025e+00,3.056605e+00,3.052128e+00,3.045612e+00,3.035214e+00,3.018795e+00,3.012211e+00,3.015381e+00,3.024836e+00,3.023848e+00,3.022389e+00,3.028565e+00,3.031902e+00,3.040862e+00,3.041129e+00,3.047570e+00,3.051408e+00,3.048035e+00,3.057189e+00,
-4.552114e-02,-4.403722e-02,3.090942e+00,3.089807e+00,-4.662776e-02,-4.247820e-02,-4.178786e-02,-3.377140e-02,-3.142738e-02,-2.817726e-02,-3.179467e-02,-3.054893e-02,-3.063571e-02,-2.350771e-02,-1.528561e-02,-1.387620e-02,-1.867223e-02,-2.325320e-02,-2.115929e-02,-2.879786e-02,-3.446710e-02,-3.579462e-02,-3.543079e-02,-3.243148e-02,-3.870642e-02,-3.840470e-02,-3.957665e-02,-4.405558e-02,
-2.276897e-04,-4.954576e-03,3.132988e+00,3.128880e+00,3.124368e+00,3.118747e+00,3.112008e+00,3.107717e+00,3.106561e+00,3.106543e+00,3.103511e+00,3.103922e+00,3.105614e+00,3.105422e+00,3.108985e+00,3.105360e+00,3.106831e+00,3.106769e+00,3.107400e+00,3.106882e+00,3.107254e+00,3.108087e+00,3.110726e+00,3.109694e+00,3.110388e+00,3.108382e+00,3.108420e+00,3.110953e+00,3.111789e+00,3.115602e+00,3.119226e+00,3.120245e+00,3.123265e+00,
-5.109906e-03,9.489059e-05,6.988764e-03,1.362300e-02,1.897132e-02,2.329373e-02,2.780926e-02,3.165913e-02,3.271604e-02,3.405559e-02,3.474665e-02,3.465557e-02,3.529477e-02,3.627467e-02,3.971648e-02,4.072011e-02,4.113460e-02,4.267156e-02,4.392302e-02,4.437757e-02,4.061306e-02,3.669798e-02,3.908145e-02,3.991604e-02,3.569317e-02,3.959346e-02,4.036844e-02,3.983569e-02,3.580284e-02,2.424037e-02,1.363242e-02,1.145601e-02,1.112628e-02,7.406116e-03,7.971048e-03,6.573200e-03,4.767418e-03,1.518250e-03,-3.491163e-03,-6.411672e-03,
-2.849221e-03,-5.722284e-03,-6.246567e-04,3.136277e-03,4.357934e-03,8.375645e-03,1.563847e-02,2.245593e-02,2.189684e-02,2.458131e-02,2.441311e-02,2.053416e-02,1.737618e-02,1.053882e-02,7.544041e-03,3.269911e-03,3.645897e-03,-4.882812e-04,-5.575418e-04,-1.428962e-03,-1.742959e-03,-1.243830e-03,-2.395511e-03,-5.091310e-03,-6.698012e-03,-6.027579e-03,-8.023500e-03,-7.678747e-03,
-2.603936e-02,-3.161156e-02,-3.688622e-02,-4.522526e-02,-5.349255e-02,-5.404484e-02,-5.365694e-02,-4.590940e-02,-4.317129e-02,-4.032362e-02,-3.744841e-02,-3.691685e-02,-3.693438e-02,-3.905916e-02,-3.837121e-02,-3.999913e-02,-3.828192e-02,-3.434050e-02,-2.689612e-02,-1.702619e-02,-8.277178e-03,-1.202822e-03,8.138418e-04,
-2.140617e-02,-2.189374e-02,-1.972806e-02,-1.815319e-02,-1.771426e-02,-1.699030e-02,-2.132487e-02,-2.513468e-02,-2.587831e-02,-2.945840e-02,-3.043950e-02,-3.139293e-02,-2.967870e-02,-2.437782e-02,-2.128816e-02,-1.897573e-02,-1.784801e-02,-1.655495e-02,-1.307571e-02,-7.205486e-03,-7.557869e-05,2.674103e-03,
-3.937399e-02,-4.220450e-02,-4.585540e-02,-4.512560e-02,-4.437852e-02,-4.367578e-02,-3.965890e-02,-3.835905e-02,-3.564334e-02,-3.420937e-02,-3.244483e-02,-3.227329e-02,-3.393912e-02,-3.346193e-02,-3.281474e-02,-3.116727e-02,-3.285015e-02,-3.331542e-02,-3.259563e-02,-3.172433e-02,-3.077269e-02,-2.995086e-02,-2.896738e-02,
-8.147955e-03,-1.063263e-02,-1.575923e-02,-2.218008e-02,-3.039074e-02,-3.354502e-02,-3.461587e-02,-3.725231e-02,-4.039502e-02,-4.472697e-02,-5.070174e-02,-5.353153e-02,-5.699635e-02,-6.104887e-02,-6.164420e-02,-5.902696e-02,-5.853486e-02,-5.654359e-02,-5.715299e-02,-6.016612e-02,-6.036520e-02,-5.902445e-02,-6.017709e-02,-5.891681e-02,-5.219734e-02,-4.244590e-02,-3.175366e-02,-2.324688e-02,-1.831770e-02,-1.641095e-02,
-4.137647e-02,-4.570758e-02,-5.141485e-02,-5.813110e-02,-6.442797e-02,-6.363869e-02,-6.411123e-02,-6.461072e-02,-6.352162e-02,-6.366289e-02,-6.141973e-02,-5.961514e-02,-5.919719e-02,-6.004298e-02,-5.940962e-02,-5.932486e-02,-6.057501e-02,-6.040192e-02,-5.635309e-02,-5.059433e-02,-4.231703e-02,-3.647470e-02,-3.248537e-02,-2.991688e-02,
-4.621148e-02,-4.946887e-02,-5.057347e-02,-5.524099e-02,-5.148125e-02,-5.250716e-02,-4.819179e-02,-4.614103e-02,-4.645145e-02,-4.354727e-02,-4.053569e-02,-4.348254e-02,-4.614449e-02,-4.837966e-02,-5.277324e-02,-5.291796e-02,-5.418158e-02,-5.372441e-02,-5.055773e-02,-4.616165e-02,-4.579961e-02,-4.466796e-02,-4.510617e-02,
-2.639234e-02,-3.052628e-02,-3.501332e-02,-3.831577e-02,-3.935993e-02,-3.946054e-02,-3.917670e-02,-3.756130e-02,-3.733158e-02,-3.571057e-02,-3.571868e-02,-3.712082e-02,-3.675234e-02,-3.650856e-02,-3.718650e-02,-4.170942e-02,-4.361486e-02,-4.661179e-02,-4.878426e-02,-4.884017e-02,-4.275954e-02,-3.301632e-02,-1.957583e-02,-1.141012e-02,-1.015413e-02,-9.338379e-03,-1.727414e-02,-2.262139e-02,-2.177358e-02,-2.190733e-02,-1.954067e-02,-1.813960e-02,-1.695037e-02,-1.316023e-02,-6.686330e-03,7.273197e-03,1.639962e-02,2.586091e-02,2.718484e-02,
3.753424e-03,5.013585e-03,9.168863e-03,1.167834e-02,1.248658e-02,1.150072e-02,1.028919e-02,8.049726e-03,4.122019e-03,4.696846e-05,-2.030134e-03,-1.293302e-03,-5.396128e-03,-1.138937e-02,-1.272452e-02,-1.284063e-02,-1.455677e-02,-1.543558e-02,-1.757061e-02,-1.866758e-02,-2.012277e-02,-2.141643e-02,-2.295101e-02,-2.211893e-02,-2.119911e-02,-2.039719e-02,-1.989079e-02,-1.791108e-02,-1.454115e-02,-1.178551e-02,-1.047635e-02,-1.271629e-02,-1.460779e-02,-1.663685e-02,-1.572990e-02,-1.519585e-02,-1.485682e-02,-1.507330e-02,-1.443338e-02,
-3.645730e-02,-3.655660e-02,-4.180992e-02,-5.125475e-02,-5.419338e-02,-5.769992e-02,-5.663037e-02,-5.493236e-02,-5.416405e-02,-5.455041e-02,-5.462635e-02,-5.420637e-02,-5.306959e-02,-5.338478e-02,-5.234420e-02,-5.181801e-02,-5.098772e-02,-5.299461e-02,-5.083811e-02,-5.048966e-02,-4.615247e-02,-4.167581e-02,-3.638232e-02,-3.069520e-02,-2.819300e-02,-2.684879e-02,-2.888536e-02,
-4.368901e-02,-4.483807e-02,-4.581988e-02,-5.254889e-02,-5.972087e-02,-5.937374e-02,-5.951023e-02,-5.975974e-02,-6.044257e-02,-6.184697e-02,-6.335568e-02,-6.438303e-02,-6.458867e-02,-6.495047e-02,-6.380785e-02,-6.263649e-02,-6.102884e-02,-6.092942e-02,-6.079495e-02,-5.920279e-02,-5.772054e-02,-5.610466e-02,-5.613506e-02,-5.039442e-02,-4.387116e-02,-3.782213e-02,-3.560245e-02,-3.174901e-02,
-3.869200e-02,-4.115725e-02,-4.744256e-02,-5.255926e-02,-5.787098e-02,-5.858183e-02,-5.598867e-02,-5.423474e-02,-5.466950e-02,-5.381310e-02,-5.522823e-02,-5.480528e-02,-5.463827e-02,-5.358708e-02,-5.209982e-02,-5.049801e-02,-5.079591e-02,-5.019641e-02,-4.849839e-02,-4.791558e-02,-4.635417e-02,-4.396403e-02,-3.811920e-02,-3.263307e-02,-2.990866e-02,-2.815461e-02,
-3.760457e-02,-4.084098e-02,-4.614699e-02,-5.170095e-02,-5.645478e-02,-6.046391e-02,-5.950761e-02,-5.766475e-02,-5.910611e-02,-5.650592e-02,-5.758929e-02,-5.742764e-02,-5.519116e-02,-5.368006e-02,-5.512464e-02,-5.353212e-02,-5.128276e-02,-5.225837e-02,-5.375433e-02,-5.356622e-02,-4.879689e-02,-4.645562e-02,-4.217613e-02,
-2.600503e-02,-2.823508e-02,-2.913046e-02,-2.513587e-02,-2.400756e-02,-2.282906e-02,-2.520370e-02,-2.949309e-02,-2.976954e-02,-3.256273e-02,-3.210449e-02,-3.034079e-02,-2.554691e-02,-2.189648e-02,-1.960862e-02,-2.070069e-02,-2.394342e-02,-2.716625e-02,-3.188765e-02,-3.121150e-02,-3.112006e-02,-2.989745e-02,
-3.062272e-02,-3.353739e-02,-3.675771e-02,-4.039979e-02,-4.484570e-02,-4.578805e-02,-4.867733e-02,-4.912186e-02,-4.704344e-02,-4.895723e-02,-5.172265e-02,-5.637062e-02,-6.425166e-02,-6.444430e-02,-6.042171e-02,-5.540180e-02,-5.321348e-02,-5.267596e-02,-5.208278e-02,-5.065346e-02,-4.831791e-02,-4.647732e-02,-4.270363e-02,-3.389430e-02,-3.143156e-02,-3.056204e-02,
-3.973496e-02,-4.115117e-02,-4.172540e-02,-4.766333e-02,-5.387819e-02,-6.060839e-02,-6.665277e-02,-6.452978e-02,-6.399751e-02,-6.409574e-02,-6.159234e-02,-6.050432e-02,-6.200671e-02,-6.263292e-02,-6.415868e-02,-6.326950e-02,-6.303549e-02,-6.125021e-02,-6.040359e-02,-6.006730e-02,-5.872107e-02,-5.947351e-02,-5.708051e-02,-5.456626e-02,-5.070341e-02,-4.302776e-02,-3.543115e-02,-3.057647e-02,-2.838945e-02,-2.674103e-02,
-4.134464e-02,-4.244649e-02,-4.765534e-02,-4.727459e-02,-4.858112e-02,-4.783392e-02,-4.527569e-02,-3.952384e-02,-3.981173e-02,-4.395151e-02,-4.256964e-02,-3.727186e-02,-3.458846e-02,-3.323162e-02,-4.334605e-02,-4.760551e-02,-4.900825e-02,-5.320168e-02,-4.735613e-02,-4.045987e-02,-3.663790e-02,-3.545153e-02,-3.369355e-02,
