1.569867e-02,2.092612e-02,3.385282e-02,5.107391e-02,5.641222e-02,5.965602e-02,6.886065e-02,6.567371e-02,6.255710e-02,6.317031e-02,4.287159e-02,2.912807e-02,2.517879e-02,1.761925e-02,1.105940e-02,1.525784e-02,1.343083e-02,1.373410e-02,2.299511e-02,2.459574e-02,1.927936e-02,1.727247e-02,1.568305e-02,1.238453e-02,1.326156e-02,
5.820036e-03,1.227856e-03,-3.022790e-03,-8.564949e-03,-1.403129e-02,-2.230287e-02,-2.669728e-02,-2.852750e-02,-2.552950e-02,-2.707672e-02,-4.477084e-02,-3.873515e-02,-2.367342e-02,-1.881576e-02,-1.537120e-02,-1.506674e-02,-1.241457e-02,-1.166344e-02,-1.009631e-02,-2.127385e-02,9.787440e-03,-7.493377e-03,-4.761457e-03,1.473653e-02,7.702112e-03,1.248527e-02,1.526523e-02,2.200651e-02,1.617241e-02,
2.093208e-02,3.198409e-02,5.419922e-02,-3.073161e+00,-3.070203e+00,6.884634e-02,-3.061752e+00,-3.061420e+00,-3.063229e+00,6.870222e-02,4.485321e-02,3.246844e-02,3.099406e-02,3.011775e-02,3.063345e-02,2.518833e-02,2.162933e-02,1.869142e-02,1.641655e-02,1.454937e-02,9.750843e-03,1.317430e-02,1.062369e-02,1.443052e-02,1.231527e-02,
-8.279920e-03,-4.763484e-03,-5.140901e-03,2.187014e-03,9.354591e-03,-3.127017e+00,-3.121075e+00,-3.120555e+00,-3.113395e+00,-3.108958e+00,3.049397e-02,3.183830e-02,-3.115142e+00,1.830244e-02,6.628752e-03,8.558512e-03,-3.135728e+00,-3.127559e+00,4.964948e-03,2.538443e-03,2.528429e-03,1.251698e-03,1.058698e-03,4.097223e-04,1.422834e-02,1.739025e-03,-9.424567e-03,3.128596e+00,3.130370e+00,3.128340e+00,3.126406e+00,3.130791e+00,3.127357e+00,-4.491925e-03,
6.155610e-03,3.757477e-03,1.663828e-02,2.754116e-02,3.979456e-02,-3.097521e+00,-3.077931e+00,-3.076291e+00,-3.088174e+00,2.547169e-02,1.896334e-02,1.200128e-02,1.115632e-02,7.531285e-03,7.551074e-03,9.443283e-03,7.061362e-03,7.238746e-03,6.458521e-03,2.262235e-03,-3.511548e-03,-3.837466e-03,-3.549099e-03,-3.445148e-03,
-1.955450e-02,-1.938677e-02,-1.174951e-02,-5.334496e-03,5.896807e-03,1.549268e-02,2.316988e-02,2.587676e-02,1.512158e-02,9.508491e-03,6.785393e-04,8.108616e-04,-2.419949e-03,1.070976e-03,-1.101792e-02,-5.068421e-03,-9.333014e-03,-1.444697e-02,-1.888525e-02,-2.088642e-02,-2.559924e-02,
-8.857012e-03,-2.599001e-03,8.185744e-03,1.909983e-02,2.876973e-02,3.233278e-02,3.410637e-02,1.866567e-02,1.680124e-02,1.426339e-03,4.243374e-03,2.269864e-03,1.636147e-03,-1.170278e-03,-5.805254e-03,-6.406546e-03,-1.468050e-02,-1.309800e-02,-1.156771e-02,-1.388490e-02,-9.081602e-03,-1.210010e-02,-1.010740e-02,
5.363345e-03,7.959247e-03,1.347327e-02,3.234828e-02,-3.091263e+00,4.861081e-02,-3.089752e+00,4.685330e-02,5.822563e-02,-3.083837e+00,5.289948e-02,3.016496e-02,1.475465e-02,1.242363e-02,1.307011e-02,1.046419e-02,1.137137e-02,9.060740e-03,3.486633e-03,4.953146e-03,3.245473e-03,
8.449554e-03,-6.509423e-03,-3.822017e-02,-5.676258e-02,3.083727e+00,-5.895197e-02,-4.900765e-02,-2.386999e-02,-2.355981e-02,-1.532698e-02,-1.653004e-02,-1.155019e-02,-1.316869e-02,-9.164691e-03,-1.028335e-02,-5.281329e-03,-3.883600e-03,-3.148794e-03,-2.295971e-03,
1.105702e-02,8.436322e-03,-3.805161e-04,-9.415746e-03,-1.880229e-02,-2.041316e-02,-1.705039e-02,-1.667118e-02,-9.621263e-03,-1.442385e-02,-1.816261e-02,-1.867676e-02,-2.338099e-02,-2.006698e-02,-1.662660e-02,-2.405536e-02,-1.381338e-02,1.432419e-03,1.412225e-02,1.548004e-02,1.141632e-02,9.644985e-03,9.163380e-03,7.214904e-03,4.685044e-03,-2.825260e-05,-1.063573e-02,-1.350617e-02,
-5.504251e-03,-9.345412e-03,-3.292918e-03,-2.826810e-03,-4.239917e-03,1.941681e-03,4.398823e-04,1.024437e-02,2.898765e-02,3.121281e-02,3.669369e-02,3.414726e-02,2.894855e-02,2.794921e-02,1.901996e-02,1.082206e-02,9.615421e-03,3.682971e-03,-3.384352e-04,-7.158041e-03,-6.836891e-03,-1.184762e-02,-8.302927e-03,-1.301813e-02,
-1.439774e-02,-9.657502e-03,-9.951115e-03,-4.101992e-04,7.881165e-03,1.757145e-02,1.916909e-02,1.390433e-02,1.383221e-02,9.622216e-03,9.361625e-03,5.861759e-03,3.895998e-03,-4.425406e-03,-9.586334e-03,-1.445448e-02,-1.817203e-02,-1.549852e-02,-1.820695e-02,-1.327336e-02,-1.766586e-02,-2.150679e-02,-2.158380e-02,-3.068554e-02,-3.160965e-02,
1.096618e-02,8.483171e-03,3.168344e-02,4.821205e-02,-3.072123e+00,-3.076860e+00,-3.075314e+00,-3.090347e+00,-3.094430e+00,3.659832e-02,2.150309e-02,1.488519e-02,1.807344e-02,1.927876e-02,1.784027e-02,1.402974e-02,1.192546e-02,1.250112e-02,1.001835e-02,6.886482e-03,5.920053e-03,5.900264e-03,7.027030e-03,1.861811e-03,-1.279473e-03,-2.465010e-03,-6.002307e-03,-5.930066e-03,
-1.967478e-02,-1.807642e-02,-1.089776e-02,-1.468301e-03,2.445221e-03,1.017821e-02,1.602781e-02,2.233744e-02,1.265478e-02,1.790857e-02,1.034737e-03,-1.207113e-03,-3.539324e-03,-6.009698e-03,-8.866668e-03,-1.307428e-02,-1.491141e-02,-2.512681e-02,-2.126491e-02,-2.218533e-02,-2.197111e-02,-2.701318e-02,
2.205789e-02,1.546490e-02,6.990314e-03,2.100468e-04,-7.496357e-03,-1.358950e-02,-1.628375e-02,-1.659429e-02,-1.698792e-02,-1.791692e-02,-1.860917e-02,-1.344430e-02,-1.116824e-02,-9.307027e-03,-1.058173e-02,-8.948565e-03,-4.961610e-03,-5.797267e-03,-6.649256e-03,-7.796884e-03,-4.003286e-03,-7.310748e-03,-6.176472e-03,1.561403e-03,-4.251599e-03,1.747727e-03,8.574128e-03,7.790685e-03,1.278532e-02,1.023674e-02,7.421136e-03,3.180504e-03,3.921390e-03,-5.617023e-03,
-4.348731e-02,-4.323018e-02,-4.337585e-02,-4.146969e-02,-4.009891e-02,-3.558958e-02,-3.124189e-02,-2.716458e-02,-2.575767e-02,-2.601695e-02,-2.605712e-02,-2.583075e-02,-2.729249e-02,-2.451074e-02,-2.001262e-02,-1.330078e-02,-1.004732e-02,-8.970022e-03,-1.223433e-02,-1.173973e-02,-1.038086e-02,-8.427978e-03,-1.201475e-02,-8.469701e-03,-1.112819e-02,-1.510394e-02,-1.740265e-02,-1.980281e-02,-1.867998e-02,-2.228510e-02,-1.974845e-02,-2.015042e-02,
-5.077481e-03,-2.961993e-03,1.940250e-03,4.175425e-03,1.231134e-02,1.773584e-02,1.670218e-02,1.829672e-02,1.796365e-02,1.060891e-02,3.786683e-03,-2.422333e-04,-1.361370e-03,-3.732085e-03,-2.995253e-03,-3.170371e-03,-1.339674e-03,4.502535e-04,-1.242995e-03,-1.605988e-03,-1.604676e-03,-2.152920e-04,1.636505e-03,1.713753e-03,
-2.168822e-02,-1.828980e-02,-1.349747e-02,-8.485198e-03,-3.243685e-03,-5.246401e-04,6.802082e-04,1.004696e-03,-6.228685e-04,-2.521396e-03,-5.645871e-03,-7.007957e-03,-5.877852e-03,-1.613855e-03,3.905296e-04,3.535271e-03,2.605915e-03,2.670169e-03,2.568841e-03,6.554127e-04,-1.959324e-03,-4.409790e-03,-5.040884e-03,-4.710913e-03,-8.901358e-04,2.298474e-03,5.039215e-03,5.843282e-03,6.776452e-03,5.995989e-03,2.654791e-03,-3.040314e-03,-8.652687e-03,-1.346064e-02,-1.485300e-02,-1.576459e-02,-1.804209e-02,-2.003193e-02,-2.179372e-02,
-1.757503e-02,-1.643813e-02,-1.584375e-02,-1.454329e-02,-1.265836e-02,-9.297848e-03,-3.166556e-03,6.167054e-03,8.647203e-03,9.751678e-03,6.658673e-03,1.037717e-03,-3.865600e-03,-5.660772e-03,-5.043149e-03,-4.506826e-03,-2.336144e-03,1.324773e-03,6.034613e-03,6.315827e-03,7.683039e-03,5.709648e-03,6.767869e-03,4.531026e-03,3.178239e-03,6.276369e-04,6.307364e-04,-2.855062e-03,-9.316683e-03,-1.309717e-02,-1.647878e-02,-1.309144e-02,-1.152480e-02,-1.168501e-02,-1.374662e-02,-1.401782e-02,-1.813650e-02,-2.067316e-02,-2.267218e-02,
3.499508e-03,8.369684e-03,3.431761e-02,4.548383e-02,5.338609e-02,3.323162e-02,2.965271e-02,2.914917e-02,2.389753e-02,2.727664e-02,2.941775e-02,2.329099e-02,2.678061e-02,1.784182e-02,1.660228e-02,1.386285e-02,9.110928e-03,5.529284e-03,3.200531e-03,-5.387068e-04,-1.031756e-03,3.715634e-03,3.889322e-03,7.052422e-03,1.765966e-03,
-1.833034e-02,-1.612914e-02,-1.107335e-02,-3.502131e-03,2.164495e-02,2.879238e-02,3.933299e-02,3.048265e-02,1.728833e-02,2.100706e-02,2.277684e-02,2.284682e-02,2.068472e-02,1.788175e-02,1.898253e-02,1.561153e-02,1.526308e-02,1.137173e-02,9.988189e-03,1.100540e-02,1.325822e-02,1.653767e-02,1.772261e-02,1.701748e-02,1.278996e-02,6.939650e-03,6.644130e-03,1.900554e-03,-7.548332e-04,-5.362391e-03,-6.267548e-03,
-1.501596e-02,-1.490629e-02,-1.147532e-02,-7.331371e-03,-5.209684e-03,-4.770756e-04,3.969908e-03,5.409360e-03,5.709767e-03,2.511263e-03,-2.487779e-03,-6.468773e-03,-7.659316e-03,-3.293633e-03,-6.008148e-05,2.778530e-03,2.460003e-03,2.195716e-03,1.596570e-03,-5.651712e-04,-1.904726e-03,-4.357100e-04,1.008749e-03,4.726887e-03,6.057024e-03,4.998446e-03,2.615213e-03,-5.482912e-03,-3.284216e-03,-5.540967e-03,-8.708477e-03,-1.163232e-02,-1.204908e-02,-1.391900e-02,-1.603186e-02,-1.709735e-02,-1.953042e-02,
-2.384186e-06,-3.293037e-03,2.173543e-03,8.199215e-03,1.893449e-02,2.715862e-02,3.133488e-02,3.414011e-02,3.305233e-02,3.183198e-02,3.042412e-02,3.437185e-02,3.335607e-02,2.983618e-02,2.804470e-02,2.496648e-02,2.783573e-02,2.911365e-02,2.647936e-02,1.896155e-02,1.201177e-02,1.086497e-02,1.157236e-02,1.019359e-02,1.009417e-02,3.779769e-03,
-4.042983e-03,4.793763e-03,1.402199e-02,4.041982e-02,3.212583e-02,4.568779e-02,2.542830e-02,2.573323e-02,2.471805e-02,1.986718e-02,2.126825e-02,1.598001e-02,1.307344e-02,1.449180e-02,9.386301e-03,8.329272e-03,3.671765e-03,3.815889e-04,-1.657844e-03,3.761530e-03,-4.090071e-04,-2.719402e-03,-1.028299e-03,-9.281158e-03,-8.098006e-03,
-7.794142e-03,-5.917788e-03,9.334087e-05,3.344774e-03,1.416600e-02,1.638865e-02,1.906931e-02,1.969814e-02,1.470959e-02,9.439468e-03,6.433129e-03,3.881454e-03,4.411936e-04,-8.952618e-05,3.808141e-03,4.721761e-03,4.673839e-03,-2.517700e-04,1.964569e-04,7.349253e-04,5.054116e-03,
-5.686879e-03,-6.695509e-03,-4.588246e-03,-8.282661e-04,6.426334e-03,1.372397e-02,1.556277e-02,1.876235e-02,2.217746e-02,1.945746e-02,8.934736e-03,2.797842e-03,-5.207062e-04,-6.448030e-04,1.423717e-03,1.877785e-03,3.134370e-03,1.435399e-03,4.938841e-04,2.886891e-03,-7.148981e-04,1.243234e-03,
-1.449573e-02,-1.209414e-02,-7.913232e-03,-6.456971e-03,-4.099846e-03,7.103920e-03,1.715469e-02,3.062701e-02,3.181291e-02,2.863085e-02,2.468824e-02,1.143408e-02,4.623890e-03,4.177809e-03,2.026558e-04,-4.890203e-03,-9.722471e-03,-2.030873e-02,-1.455975e-02,-1.711893e-02,-2.170622e-02,-2.560878e-02,-2.717066e-02,-2.713740e-02,-2.824831e-02,
-1.908219e-02,-1.633215e-02,-1.526845e-02,-1.254880e-02,-7.046580e-03,-9.167671e-03,-1.331568e-03,6.975174e-03,1.108277e-02,1.322043e-02,1.390910e-02,1.091182e-02,5.434632e-03,-1.381755e-03,-2.657771e-03,-1.038551e-03,3.540039e-03,6.668210e-03,7.701755e-03,7.992983e-03,6.676555e-03,3.482342e-03,1.958013e-03,4.185438e-04,2.445698e-03,5.621433e-03,6.673574e-03,9.328365e-03,8.259296e-03,4.311919e-03,-2.656341e-03,-9.484053e-03,-9.848356e-03,-6.413341e-03,-4.033566e-03,-4.669785e-03,-9.657383e-03,-1.231039e-02,
-1.159310e-03,-5.738616e-03,-1.489902e-02,-2.592182e-02,-3.393471e-02,-3.484845e-02,-3.597319e-02,-3.174138e-02,-2.933776e-02,-2.632368e-02,-2.355587e-02,-2.204061e-02,-2.009356e-02,-1.850975e-02,-1.548445e-02,-1.102173e-02,-7.650018e-03,-1.017272e-02,-7.691145e-03,-4.466057e-03,-4.725456e-04,1.216531e-03,
-3.413796e-02,-3.352237e-02,-3.190064e-02,-2.992320e-02,-3.002691e-02,-2.272511e-02,-1.951432e-02,-9.528518e-03,-3.462315e-03,2.701044e-03,4.330635e-03,1.832843e-03,-2.268791e-03,-8.229852e-03,-7.532835e-03,-6.925821e-03,-8.641124e-03,-1.275539e-02,-1.680207e-02,-2.322757e-02,-2.312922e-02,-2.542722e-02,-2.707970e-02,-3.170502e-02,-3.283453e-02,-3.546321e-02,-3.735733e-02,-3.846240e-02,-3.976154e-02,
-3.123503e+00,-3.123988e+00,-3.120124e+00,-3.118970e+00,-3.111119e+00,5.343390e-02,4.845953e-02,6.226420e-02,5.254459e-02,6.100500e-02,3.839850e-02,-3.098233e+00,-3.113619e+00,1.353383e-02,-8.755207e-03,-1.573086e-02,6.277323e-03,-1.087821e-02,-6.159544e-04,1.780033e-02,-3.124598e+00,1.715779e-02,6.850958e-03,2.677679e-03,7.017255e-03,4.305720e-03,3.645062e-03,1.387954e-03,-1.725554e-03,3.752589e-03,
3.522158e-03,1.681113e-02,2.923536e-02,2.444792e-02,1.408350e-02,-9.942055e-05,-1.798272e-03,-7.864118e-03,-5.392790e-03,-7.358074e-03,-7.066488e-03,-1.054728e-02,-1.114774e-02,-8.873105e-03,-9.628654e-03,-1.218915e-03,3.383160e-04,1.628518e-03,1.411557e-03,9.769201e-04,1.048565e-03,8.373260e-04,3.023744e-03,
5.646944e-03,2.877474e-03,1.318359e-02,1.995516e-02,2.776849e-02,3.116572e-02,2.898526e-02,2.289450e-02,1.536012e-02,1.121402e-02,1.224804e-02,8.742094e-03,1.157939e-02,1.043975e-02,1.405811e-02,1.247680e-02,1.174092e-02,1.044297e-02,9.692430e-03,9.696364e-03,
-1.082659e-03,-2.164364e-03,-1.428843e-03,6.296754e-03,1.812172e-02,2.311790e-02,2.696347e-02,2.694654e-02,2.136624e-02,1.363862e-02,8.158803e-03,1.299381e-04,3.559351e-03,2.387285e-03,2.273560e-03,4.393816e-03,4.380941e-04,1.340151e-03,-1.291633e-03,-1.357675e-03,-4.537821e-03,-5.828381e-03,-7.126570e-03,-5.819678e-03,-2.838850e-03,-3.200889e-03,
1.044607e-02,1.249552e-03,-1.169205e-03,-8.840442e-03,-1.535344e-02,-2.970362e-02,-3.774846e-02,-4.497349e-02,-3.385031e-02,-3.319848e-02,-4.133308e-02,-3.441060e-02,-4.158509e-02,-2.804041e-02,-2.954865e-02,-2.288973e-02,-2.456868e-02,-3.852105e-02,-2.868354e-02,-2.301729e-02,-5.288720e-03,1.466393e-03,6.755948e-03,5.263686e-03,1.069689e-02,6.981373e-03,3.506541e-03,
3.132403e+00,4.731655e-03,4.059196e-03,1.715493e-02,2.169240e-02,2.978516e-02,4.100025e-02,3.249061e-02,2.753615e-02,1.863718e-02,2.112699e-02,1.772332e-02,1.084816e-02,6.521583e-03,7.407069e-03,-3.137552e+00,3.130674e-03,1.054645e-02,1.110637e-02,-3.133995e+00,-3.136999e+00,-3.136700e+00,-3.288984e-04,1.097322e-03,-5.888939e-05,-3.436446e-03,-2.466559e-03,-3.763199e-03,
-3.536677e-02,-3.503871e-02,-3.220665e-02,-2.703083e-02,-3.026783e-02,-2.376652e-02,-2.634513e-02,-3.182244e-02,-3.259814e-02,-3.325570e-02,-2.787995e-02,-1.942468e-02,-1.301205e-02,-1.308441e-03,1.018834e-02,1.763391e-02,1.720750e-02,1.234972e-02,6.782532e-03,2.183557e-03,1.531005e-03,2.699018e-03,-2.411246e-03,-7.574797e-03,-7.010221e-03,-1.701188e-02,-1.609600e-02,-2.015626e-02,-2.288234e-02,-2.626169e-02,-1.908493e-02,-2.006650e-02,-2.078724e-02,-2.365124e-02,-3.038740e-02,
-7.387400e-04,-1.468658e-04,2.275825e-03,5.730152e-03,2.188861e-02,2.447021e-02,2.541471e-02,2.322555e-02,1.577055e-02,1.023984e-02,1.075542e-02,1.002657e-02,9.018302e-03,9.448409e-03,5.453706e-03,6.540656e-03,9.292364e-03,4.224896e-03,2.944469e-03,2.639771e-03,5.795598e-03,5.736232e-03,5.279779e-03,3.222346e-03,2.631426e-03,
1.511514e-02,1.941216e-02,1.771474e-02,1.037538e-02,-3.226757e-03,3.130790e+00,-1.853073e-02,3.119370e+00,-3.663456e-02,-2.679861e-02,-3.273368e-02,3.126785e+00,3.122922e+00,-9.968758e-03,-1.423132e-02,3.124064e+00,-1.738799e-02,-2.186286e-02,-1.620674e-02,-1.210594e-02,-1.030076e-02,3.442049e-03,-3.136271e+00,-3.114794e+00,-3.107671e+00,-3.116884e+00,-3.124650e+00,1.393402e-02,1.315284e-02,
3.130535e+00,-8.070469e-04,-4.089952e-03,3.736734e-03,1.278424e-02,2.048457e-02,2.304697e-02,3.231835e-02,3.312373e-02,3.785896e-02,3.192997e-02,2.522349e-02,9.889483e-03,8.298516e-03,4.234672e-03,1.391411e-03,-6.515026e-03,1.309299e-02,3.711224e-03,-3.120248e+00,1.584423e-02,9.518623e-03,2.282119e-02,3.401875e-03,3.131635e+00,3.128222e+00,-4.729748e-03,-5.760312e-03,-3.690720e-04,-3.279924e-03,-4.463196e-03,-4.683375e-03,-1.227856e-04,
-6.842613e-04,-2.490520e-03,-2.095580e-03,9.682178e-04,3.869653e-03,1.821828e-02,2.289402e-02,2.840781e-02,1.766145e-02,1.622403e-02,8.162975e-03,3.720522e-04,1.289368e-03,6.271601e-04,-3.411889e-03,-1.750231e-03,-4.237175e-03,-3.568649e-03,-6.291389e-03,-5.037785e-03,-8.145928e-03,-4.738569e-03,-5.606890e-03,-5.084872e-03,
-1.079452e-02,-1.097727e-02,-1.908100e-02,-2.804554e-02,-3.668427e-02,-4.047668e-02,-5.456436e-02,-4.295278e-02,-4.142439e-02,-2.719307e-02,-2.387047e-02,-1.912904e-02,-1.087844e-02,-1.197755e-02,-1.244605e-02,-1.309788e-02,-5.895376e-03,-3.019094e-03,-9.148121e-04,7.140636e-05,4.486561e-03,6.240129e-03,1.127851e-02,1.215243e-02,8.980513e-03,
1.081741e-02,1.590323e-02,2.425086e-02,2.871275e-02,3.725982e-02,4.367518e-02,3.767312e-02,3.733552e-02,3.459632e-02,4.710174e-02,4.157376e-02,4.863703e-02,4.063010e-02,3.393674e-02,3.232563e-02,2.184594e-02,3.929973e-02,2.568042e-02,3.787184e-02,3.350437e-02,3.150213e-02,2.698874e-02,1.824307e-02,1.145875e-02,7.406235e-03,3.398657e-03,9.019375e-04,-6.039143e-04,-6.024122e-03,-4.006028e-03,-2.236366e-04,
-2.558887e-02,-2.626610e-02,-1.572597e-02,-1.138437e-02,3.002048e-03,1.451612e-02,2.270508e-02,2.518737e-02,1.841354e-02,1.092231e-02,-2.917528e-03,-1.015794e-02,-1.243782e-02,-1.248717e-02,-1.096559e-02,-1.415622e-02,-1.960564e-02,-2.458966e-02,-2.650893e-02,-2.829564e-02,-3.143740e-02,-3.332853e-02,-3.537309e-02,-3.734779e-02,-4.002678e-02,
-2.138555e-02,-2.355087e-02,-2.824628e-02,-4.905772e-02,-5.386651e-02,-6.532729e-02,-5.869174e-02,-7.220995e-02,-4.508495e-02,-6.819391e-02,-5.598414e-02,-6.186545e-02,-5.226719e-02,-4.926157e-02,-1.436007e-02,-2.381909e-02,-2.611899e-02,-1.558220e-02,-1.890016e-02,-2.497220e-02,-9.785295e-03,-1.447284e-02,-9.635091e-03,-9.954929e-03,-1.983762e-03,1.793623e-03,7.068157e-03,7.846713e-03,2.892971e-03,9.300470e-03,9.497643e-03,
-5.135179e-03,-6.371737e-03,-3.524899e-03,-4.569054e-03,1.830459e-03,1.063418e-02,3.828204e-02,5.208862e-02,5.486560e-02,5.570686e-02,2.810574e-02,2.587092e-02,2.096248e-02,2.131462e-02,1.858497e-02,1.358497e-02,1.420307e-02,8.639574e-03,1.044977e-02,1.211762e-02,1.083207e-02,1.013231e-02,1.224422e-02,1.166570e-02,7.644176e-03,8.309722e-03,4.828572e-03,6.439567e-03,3.048778e-03,2.960086e-03,3.381610e-03,
-5.585670e-03,-5.461097e-03,-2.488852e-03,6.397843e-03,1.406813e-02,2.134061e-02,4.486561e-02,3.961515e-02,4.930341e-02,2.858508e-02,2.262926e-02,2.209401e-02,2.019262e-02,2.101040e-02,1.911950e-02,1.814294e-02,1.873374e-02,1.514888e-02,1.637053e-02,1.487648e-02,1.601458e-02,1.497066e-02,1.200151e-02,6.362081e-03,3.284097e-03,-4.079342e-04,-4.117131e-03,-4.564166e-03,-7.925272e-03,-8.842826e-03,
-1.235926e-02,-1.070893e-02,-1.074088e-02,-6.846428e-03,-1.184702e-03,-1.767874e-04,-2.961755e-03,-5.483627e-06,3.037214e-03,3.056884e-03,1.477480e-03,-8.299351e-04,-3.943443e-04,1.420736e-03,3.255010e-03,4.392028e-03,4.266143e-03,2.341032e-03,2.453804e-03,1.357317e-03,1.468539e-03,8.310080e-04,9.689331e-04,1.671910e-03,3.268003e-03,3.469944e-03,8.702278e-06,-3.704429e-03,-8.779883e-03,-1.435614e-02,-1.702130e-02,-1.933217e-02,-2.134275e-02,
-2.080822e-02,-1.819611e-02,-1.566851e-02,-1.475716e-02,-5.932450e-03,-1.873970e-03,4.234314e-04,7.317066e-04,-2.622724e-03,-7.921457e-03,-1.050222e-02,-1.015604e-02,-8.003354e-03,-3.169417e-03,1.533508e-03,3.958821e-03,4.240632e-03,3.659368e-03,1.165152e-03,-1.430511e-03,-3.675222e-03,-5.454540e-03,-6.980181e-03,-9.238362e-03,-1.519859e-02,-1.518917e-02,-1.636863e-02,-1.239431e-02,-1.166916e-02,-1.516223e-02,-1.652503e-02,-2.025390e-02,
-1.585245e-02,-1.289284e-02,-9.585619e-03,-4.225254e-03,3.590345e-03,1.010251e-02,1.441121e-02,1.499176e-02,1.289487e-02,9.457827e-03,5.391598e-03,1.768470e-03,-5.929470e-04,9.567738e-04,4.443884e-03,6.841540e-03,9.085894e-03,9.989858e-03,9.921908e-03,9.650111e-03,8.633852e-03,8.397460e-03,5.565405e-03,3.291488e-03,1.587987e-03,-3.151894e-03,-6.048083e-03,-1.113915e-02,-1.044428e-02,-1.048088e-02,-1.213050e-02,
-9.303331e-03,-7.429004e-03,-5.367160e-03,1.872778e-04,8.103013e-03,1.272845e-02,1.583171e-02,1.556873e-02,1.134181e-02,5.606532e-03,-7.516146e-04,-5.581141e-03,-8.131146e-03,-1.094472e-02,-1.240599e-02,-6.891727e-03,-6.795168e-03,-4.094243e-03,-9.160399e-03,-8.101463e-03,-7.787824e-03,-4.290342e-03,-1.211286e-03,-4.634857e-03,-6.353140e-03,-7.053733e-03,
-1.656520e-02,-1.757562e-02,-1.481092e-02,-1.067507e-02,-4.809618e-03,-6.222725e-05,1.552820e-03,8.073092e-03,7.922769e-03,5.547404e-03,1.503825e-03,1.335740e-03,4.697800e-03,5.529165e-03,1.115978e-02,9.426355e-03,9.783030e-03,7.687211e-03,5.330443e-03,1.282573e-03,-1.172543e-03,6.715059e-04,3.926516e-03,6.558180e-03,7.522464e-03,6.737471e-03,6.022453e-03,4.491925e-03,1.729012e-03,2.015471e-03,-1.097441e-03,1.033187e-03,3.890872e-03,1.150203e-02,1.264584e-02,6.781340e-03,1.017451e-03,-6.631613e-03,-7.922053e-03,-1.126385e-02,-1.333451e-02,-1.476586e-02,
-1.016665e-02,-4.585266e-03,4.175186e-03,2.339530e-02,2.293372e-02,2.644074e-02,2.499998e-02,1.270854e-02,1.461899e-02,1.139569e-02,3.544092e-03,3.005505e-03,-1.448154e-03,-4.292727e-04,4.334569e-03,6.678104e-03,3.498077e-03,1.882792e-03,-1.638174e-03,-3.967524e-03,-2.296567e-03,-4.253387e-04,-5.068779e-04,-1.469016e-03,-5.589724e-03,
-2.417207e-03,-9.965539e-03,-6.781459e-03,-4.642129e-03,1.331115e-02,3.070438e-02,5.294108e-02,5.948198e-02,5.901861e-02,6.241047e-02,5.423355e-02,2.496505e-02,2.552462e-02,2.314293e-02,2.252460e-02,1.850426e-02,1.945639e-02,1.871717e-02,1.913166e-02,1.816571e-02,2.384591e-02,2.196836e-02,2.170372e-02,1.850569e-02,1.635230e-02,1.550686e-02,8.137584e-03,9.237409e-03,3.091455e-03,1.704454e-03,-3.777742e-04,-2.326131e-03,
-5.799294e-03,-3.344178e-03,-9.748936e-04,4.343748e-03,2.764118e-02,3.431070e-02,5.769658e-02,4.256630e-02,5.558169e-02,2.582407e-02,2.353215e-02,2.064919e-02,1.725137e-02,1.746774e-02,1.502097e-02,9.275198e-03,1.006973e-02,9.207129e-03,7.198930e-03,8.157134e-03,7.310748e-03,1.032317e-02,1.640701e-02,1.123118e-02,1.105058e-02,7.967949e-03,
-1.150465e-02,-7.649183e-03,-2.615333e-03,-1.984239e-03,5.264282e-04,1.888156e-03,3.291488e-03,2.743006e-03,1.705766e-03,-7.393360e-04,-5.662441e-04,2.239585e-03,5.446553e-03,7.239819e-03,6.158590e-03,4.722834e-03,5.572915e-03,4.396677e-03,8.252859e-04,4.535913e-04,-4.350543e-03,-9.643435e-03,-1.046979e-02,-1.473141e-02,-1.328874e-02,-1.297522e-02,-1.751125e-02,-2.150261e-02,
-3.390467e-02,-2.989209e-02,-2.501023e-02,-2.211869e-02,-1.967120e-02,-1.533222e-02,-1.131594e-02,-1.016402e-02,-9.436488e-03,-1.217151e-02,-1.350784e-02,-1.080894e-02,-8.619070e-03,-7.048488e-03,-6.423354e-03,-5.375862e-03,-6.114364e-03,-9.041309e-03,-1.127839e-02,-1.454997e-02,-1.545584e-02,-1.407897e-02,-1.268101e-02,-8.471727e-03,-5.750895e-03,-7.535934e-03,-1.099956e-02,-1.551592e-02,-1.685822e-02,-1.540542e-02,-2.001655e-02,-2.625966e-02,-2.885759e-02,-3.464305e-02,-3.515184e-02,
-3.118917e+00,-3.116492e+00,-3.107300e+00,-3.097937e+00,-3.084822e+00,-3.072178e+00,-3.065199e+00,-3.063175e+00,-3.067894e+00,-3.062380e+00,-3.059445e+00,-3.060845e+00,-3.066095e+00,7.163835e-02,6.509757e-02,6.794131e-02,-3.069189e+00,-3.067609e+00,-3.069604e+00,-3.077029e+00,-3.082848e+00,-3.090963e+00,-3.092473e+00,-3.097715e+00,-3.102007e+00,-3.110257e+00,2.455652e-02,2.460909e-02,
-1.343966e-03,-3.336191e-03,-3.889441e-03,-2.118468e-03,-8.648396e-03,-1.358855e-02,-2.587962e-02,-3.435147e-02,-4.146433e-02,-4.408419e-02,-4.525900e-02,-4.078126e-02,-3.468227e-02,-2.989852e-02,-2.993035e-02,-3.119719e-02,-3.451586e-02,-3.612399e-02,-3.744805e-02,-3.816295e-02,-3.907645e-02,-3.603566e-02,-3.317046e-02,-2.996910e-02,3.108098e+00,3.104611e+00,-3.609383e-02,-3.238308e-02,-2.189124e-02,-1.740432e-02,-8.332491e-03,-1.047528e-02,-3.535271e-03,-4.349232e-03,-1.110435e-03,
-1.817572e-02,-1.598716e-02,-1.324964e-02,-8.449554e-03,-2.067089e-03,6.890416e-03,1.483512e-02,2.375090e-02,-3.120834e+00,-3.129115e+00,-1.237392e-04,-9.055138e-04,5.379915e-03,-3.137280e+00,-3.133719e+00,-3.134612e+00,-3.128940e+00,-3.127881e+00,-3.127755e+00,-3.122640e+00,-3.120786e+00,-3.123325e+00,-3.124017e+00,-3.122759e+00,-3.127490e+00,-3.124537e+00,-3.120947e+00,-3.123582e+00,-3.127346e+00,-3.138869e+00,-3.106952e-03,-7.949233e-03,-1.124108e-02,
-6.575584e-04,1.380444e-04,7.266879e-03,1.778948e-02,3.296971e-02,4.601967e-02,4.728663e-02,5.160534e-02,5.340564e-02,5.845070e-02,6.001556e-02,5.910480e-02,5.839908e-02,5.546558e-02,5.237508e-02,4.832065e-02,4.386830e-02,3.236651e-02,2.282202e-02,1.849854e-02,1.149857e-02,1.196766e-02,8.823633e-03,3.662705e-03,2.677441e-04,-3.944993e-03,-5.393147e-03,
-2.218068e-02,-1.526833e-02,-1.724505e-02,-8.320808e-03,-1.778686e-02,-9.996533e-03,-9.330153e-03,-1.000702e-02,-8.311629e-03,-1.381993e-02,-1.483881e-02,-2.242804e-02,-1.600671e-02,-1.944387e-02,-1.191247e-02,-1.522708e-02,-1.680553e-02,
1.719046e-02,1.142669e-02,6.126642e-03,1.396894e-03,-2.528429e-03,-8.064151e-03,-1.078129e-02,-9.335637e-03,-1.178026e-02,-1.307964e-02,-1.125586e-02,-1.192737e-02,-1.674211e-02,-1.584351e-02,-2.378368e-02,-2.687633e-02,-2.986836e-02,-3.365934e-02,-2.928579e-02,-2.685225e-02,-2.730870e-02,-2.761483e-02,-3.317356e-02,-3.727579e-02,-3.850484e-02,-2.900946e-02,-3.218663e-02,-3.468966e-02,-2.952278e-02,-2.434850e-02,-2.182865e-02,-1.817071e-02,-1.807404e-02,-1.846540e-02,-1.590908e-02,
-2.364755e-02,-2.208865e-02,-2.308333e-02,-2.530360e-02,-2.055001e-02,-1.840889e-02,-1.779854e-02,-1.088858e-02,-6.962419e-03,-6.415486e-03,-2.161860e-03,1.769304e-03,2.145767e-05,-4.889727e-03,-1.035309e-02,-1.953173e-02,-1.836026e-02,-1.862860e-02,-2.413058e-02,-2.049172e-02,-2.568901e-02,
-1.596916e-02,-1.395476e-02,-2.034473e-02,-7.899642e-03,-1.715684e-02,-9.354591e-03,-6.476283e-03,-2.087593e-03,-3.537178e-03,3.122687e-03,3.345013e-03,1.220584e-03,-3.571510e-04,-1.175046e-02,-1.314425e-02,-1.495111e-02,-1.277506e-02,-1.672709e-02,-1.676059e-02,-1.955485e-02,
-3.312778e-02,-3.131521e-02,-2.936327e-02,-2.873135e-02,-2.790952e-02,-2.041948e-02,-1.989281e-02,-1.588845e-02,-1.380527e-02,-1.488221e-02,-8.756280e-03,-1.143229e-02,-8.254409e-03,-1.104939e-02,-1.895475e-02,-2.042401e-02,-2.349389e-02,-2.090394e-02,-2.374935e-02,
-3.110387e+00,-3.112303e+00,2.377594e-02,2.011991e-02,1.112032e-02,3.389955e-03,-2.489924e-03,-5.709767e-03,-5.928755e-03,-5.589843e-03,-6.174922e-03,-4.022479e-03,-8.122087e-03,-8.916378e-03,-1.001394e-02,-1.024866e-02,-9.387016e-03,-7.841349e-03,-7.330418e-03,-6.671786e-03,-7.254481e-03,-9.175181e-03,-1.090086e-02,-1.047397e-02,-8.332133e-03,-7.318377e-03,-9.433031e-03,-7.912636e-03,-7.405758e-03,-8.328319e-03,-8.975506e-03,-1.379013e-02,-1.983762e-02,-1.994073e-02,-1.687789e-02,-1.989806e-02,-1.827919e-02,-1.193953e-02,-7.570624e-03,-5.161762e-03,2.938509e-04,3.868222e-03,5.154133e-03,
1.742959e-02,1.672685e-02,2.728128e-02,3.708708e-02,4.927170e-02,-3.078400e+00,-3.075063e+00,-3.067636e+00,-3.069885e+00,-3.064622e+00,-3.066405e+00,-3.060680e+00,-3.063546e+00,-3.064160e+00,-3.059517e+00,-3.067773e+00,-3.072060e+00,-3.085762e+00,4.722905e-02,3.934228e-02,3.053510e-02,2.171183e-02,1.328468e-02,
-3.104692e+00,-3.103814e+00,3.989220e-02,4.662442e-02,-3.090334e+00,-3.085316e+00,-3.083856e+00,-3.083419e+00,-3.081925e+00,-3.079515e+00,-3.073378e+00,-3.071990e+00,-3.077119e+00,-3.082999e+00,-3.085855e+00,-3.088061e+00,-3.091163e+00,-3.093842e+00,4.355109e-02,3.288555e-02,2.894413e-02,2.063298e-02,1.489544e-02,1.016951e-02,8.500338e-03,3.422856e-03,4.979491e-03,8.933306e-03,1.271725e-02,8.009076e-03,9.691358e-03,9.397388e-03,7.866859e-03,7.293224e-03,
-1.631236e-02,-1.326513e-02,-1.257694e-02,-1.110375e-02,-8.643389e-03,-8.242249e-03,-1.667976e-03,-5.459070e-03,-7.628202e-03,-5.585909e-03,-4.456520e-03,4.007816e-04,-1.156807e-03,-2.510071e-03,-5.332828e-03,-5.107880e-03,-2.969384e-03,-2.462268e-03,-1.967907e-03,-5.040646e-03,-3.191948e-03,-5.148292e-03,-5.146861e-03,-3.592730e-03,-5.626321e-03,-2.484798e-03,-3.370404e-03,
-9.959936e-03,-6.990910e-03,-8.942842e-03,-1.416445e-03,3.878355e-03,1.615596e-02,2.534068e-02,3.419018e-02,4.714227e-02,-3.093588e+00,-3.091656e+00,-3.088710e+00,-3.084207e+00,-3.084008e+00,-3.084896e+00,-3.091084e+00,-3.095840e+00,-3.098488e+00,4.287827e-02,3.561509e-02,2.651191e-02,2.207708e-02,1.752234e-02,1.403499e-02,6.867409e-03,3.416181e-03,1.866817e-03,-2.689242e-03,
-1.442230e-02,-1.701307e-02,-1.241016e-02,-1.531804e-02,-7.258892e-03,-4.506230e-03,4.889727e-03,6.821513e-03,1.036787e-02,6.914854e-03,3.059745e-03,1.764774e-03,2.644539e-03,6.028295e-03,5.564213e-03,6.443858e-03,1.713395e-03,7.903576e-05,-1.084208e-03,1.641273e-03,1.805902e-03,-1.047730e-03,1.359940e-03,
-7.983208e-03,-3.224969e-03,-1.144409e-03,2.511859e-03,2.053857e-03,1.122105e-02,1.681328e-02,2.179062e-02,2.361298e-02,2.685022e-02,3.133845e-02,3.157961e-02,3.318644e-02,3.253889e-02,3.507805e-02,3.377151e-02,3.281343e-02,3.131950e-02,2.954566e-02,3.033423e-02,2.622426e-02,2.340138e-02,1.892197e-02,
-7.729888e-03,-5.810499e-03,-7.324815e-03,-3.985763e-03,1.784682e-03,6.867886e-03,1.469719e-02,1.659858e-02,1.391578e-02,1.262546e-02,9.783983e-03,1.053500e-02,1.339781e-02,1.701748e-02,2.097619e-02,2.410257e-02,2.567327e-02,2.406847e-02,2.336478e-02,2.372324e-02,2.471852e-02,2.477944e-02,2.846706e-02,3.249800e-02,3.655231e-02,3.601575e-02,
-1.588130e-02,-1.453125e-02,-8.903027e-03,-5.118966e-03,-1.528502e-03,5.935192e-03,1.545525e-02,2.194905e-02,2.405930e-02,2.671766e-02,2.780735e-02,2.774048e-02,2.809036e-02,2.872372e-02,2.893221e-02,2.862763e-02,2.849197e-02,2.225661e-02,1.551175e-02,1.184118e-02,4.829884e-03,-3.639936e-03,-8.672833e-03,-9.699345e-03,-1.244974e-02,-1.460969e-02,
1.106501e-03,-4.541874e-05,-6.678104e-04,-8.761883e-05,3.678560e-03,8.049250e-03,1.530147e-02,1.032352e-02,8.269429e-03,7.064223e-03,4.820228e-03,9.342074e-03,8.888721e-03,1.994967e-03,3.360987e-03,6.731749e-03,6.111622e-03,9.796977e-03,1.021433e-02,6.210208e-03,1.273644e-02,6.953001e-03,7.512093e-03,9.112000e-03,9.349465e-03,8.275390e-03,8.581877e-03,7.855177e-03,
-2.903271e-02,-2.692330e-02,-2.856255e-02,-2.172828e-02,-1.958096e-02,-2.746880e-02,-1.656461e-02,-2.288687e-02,-1.300526e-02,-9.893894e-03,-6.880403e-03,-8.533239e-03,-1.259530e-02,-1.431096e-02,-1.929951e-02,-1.518488e-02,-2.225327e-02,-1.603341e-02,-2.140498e-02,-2.500224e-02,-2.466261e-02,
-1.666665e-02,-1.316917e-02,-7.129192e-03,-1.097083e-03,4.720092e-03,9.905577e-03,1.367760e-02,1.580298e-02,1.658463e-02,1.698887e-02,1.652694e-02,1.771986e-02,1.841879e-02,1.876247e-02,1.919973e-02,1.962113e-02,1.737344e-02,1.515460e-02,1.516044e-02,1.027882e-02,7.112145e-03,3.719807e-03,-2.806067e-03,-9.946585e-03,-1.631975e-02,-1.582849e-02,-1.855493e-02,
-6.011248e-03,-6.415009e-03,2.350807e-03,8.643866e-04,7.270813e-03,1.122892e-02,1.205182e-02,1.659930e-02,1.823723e-02,1.881933e-02,1.750016e-02,2.436090e-02,2.545428e-02,2.806425e-02,2.766585e-02,2.357149e-02,2.258301e-02,2.002645e-02,1.792133e-02,1.770222e-02,1.334608e-02,1.109302e-02,9.470582e-03,
1.299500e-03,-2.813339e-03,-1.139641e-04,-2.805471e-03,-2.316236e-03,-8.082390e-04,3.523588e-03,1.154089e-02,1.856613e-02,1.924789e-02,1.126862e-02,1.048386e-02,6.886601e-03,9.066105e-03,1.313269e-02,1.612258e-02,1.864660e-02,1.926053e-02,1.998544e-02,1.691055e-02,1.505136e-02,1.295733e-02,1.202452e-02,1.231909e-02,8.618116e-03,3.845334e-03,2.500772e-03,2.485514e-04,
8.293271e-03,8.088946e-03,1.047683e-02,1.454234e-02,1.986408e-02,2.337384e-02,1.943123e-02,2.043486e-02,1.869977e-02,1.681316e-02,1.559865e-02,1.366305e-02,1.959443e-02,1.825643e-02,1.883173e-02,1.660800e-02,1.511765e-02,1.687515e-02,2.006984e-02,2.487421e-02,2.243710e-02,2.462506e-02,1.864994e-02,1.967573e-02,1.692474e-02,1.257396e-02,1.009154e-02,
7.077456e-03,8.454084e-03,9.060740e-03,9.683609e-03,1.107383e-02,1.238978e-02,1.561153e-02,1.629448e-02,1.821542e-02,2.255964e-02,2.521050e-02,2.666152e-02,2.369773e-02,2.353323e-02,2.054536e-02,2.148128e-02,2.138531e-02,2.412426e-02,2.480292e-02,2.432024e-02,2.406275e-02,2.128828e-02,2.187550e-02,
-5.883098e-03,-8.614182e-03,-9.130836e-03,-1.069248e-02,-7.050514e-03,-1.791835e-03,-2.646685e-03,-2.662778e-03,-2.217293e-03,-1.863956e-03,3.526568e-03,6.493568e-03,7.117152e-03,7.095098e-03,4.741788e-03,1.899958e-03,-2.556443e-03,-1.217961e-03,
-2.103674e-02,-2.415335e-02,-2.350271e-02,-2.001500e-02,-2.026808e-02,-1.790154e-02,-1.943827e-02,-1.542079e-02,-1.866472e-02,-1.378739e-02,-2.284884e-02,-1.809931e-02,-2.003562e-02,-2.150440e-02,-1.745284e-02,-1.999664e-02,-1.949692e-02,
-7.120848e-03,-3.511548e-03,1.330137e-03,8.275032e-03,1.275790e-02,1.424468e-02,1.800179e-02,2.556074e-02,2.926934e-02,4.123759e-02,-3.089769e+00,-3.081821e+00,-3.084957e+00,-3.090210e+00,4.489517e-02,4.559553e-02,3.985381e-02,3.519070e-02,3.142357e-02,3.098178e-02,2.698386e-02,2.337575e-02,1.553893e-02,4.955292e-03,-3.453493e-04,-6.385446e-03,
-5.324721e-03,-2.956748e-03,-4.591465e-03,-4.216433e-04,4.719853e-03,7.535338e-03,1.360774e-02,1.087749e-02,1.122642e-02,7.868052e-03,9.476900e-03,4.451871e-03,4.661560e-03,1.489878e-03,3.276587e-03,5.284190e-03,1.222742e-02,8.704901e-03,1.037133e-02,9.692430e-03,7.824421e-03,9.984374e-03,9.665251e-03,9.924889e-03,1.435864e-02,1.145852e-02,1.299942e-02,
2.793956e-02,3.571141e-02,4.525220e-02,5.863452e-02,6.746924e-02,-3.071258e+00,-3.076018e+00,-3.073015e+00,-3.073968e+00,-3.070144e+00,-3.073287e+00,-3.068244e+00,-3.075746e+00,-3.076637e+00,5.917537e-02,5.985260e-02,5.221188e-02,4.483366e-02,3.633940e-02,2.491868e-02,1.604497e-02,1.182747e-02,
-9.382963e-04,-7.573366e-04,3.027201e-03,8.460164e-03,1.233923e-02,1.315904e-02,1.040769e-02,1.558197e-02,1.711535e-02,1.791823e-02,1.368499e-02,1.714122e-02,1.800156e-02,1.185942e-02,1.623952e-02,1.008022e-02,1.008189e-02,1.077032e-02,1.419246e-02,1.084018e-02,1.206994e-02,8.723378e-03,5.434752e-03,6.838560e-03,4.982352e-03,
-1.445329e-02,-7.361650e-03,-2.578139e-03,1.959205e-03,6.292343e-03,9.639621e-03,1.455510e-02,1.715422e-02,2.094650e-02,2.128935e-02,1.949418e-02,1.856208e-02,1.846516e-02,1.863718e-02,1.883554e-02,1.928186e-02,1.797509e-02,1.682866e-02,1.493764e-02,8.955240e-03,-2.272844e-03,-7.477880e-03,-7.978082e-03,-4.294038e-03,-5.803227e-03,-8.910537e-03,-1.159954e-02,-1.347613e-02,
-2.836013e-02,-2.931094e-02,-2.821445e-02,-2.719188e-02,-2.759731e-02,-2.622068e-02,-2.702045e-02,-2.101696e-02,-1.710212e-02,-1.260912e-02,-8.624315e-03,-9.177923e-03,-1.191294e-02,-1.597035e-02,-1.664472e-02,-1.779664e-02,-1.995540e-02,-2.245247e-02,-2.556002e-02,-2.502966e-02,
-1.107287e-02,-8.140326e-03,-6.303787e-03,-1.393795e-03,1.639485e-03,1.044595e-02,1.405120e-02,1.755810e-02,1.965702e-02,1.960874e-02,2.088118e-02,2.038479e-02,2.021432e-02,1.959717e-02,2.012873e-02,2.089143e-02,2.167332e-02,2.071977e-02,2.004051e-02,1.897669e-02,1.657236e-02,1.032078e-02,4.269481e-03,-1.948476e-03,-5.219817e-03,-6.947160e-03,-9.972453e-03,-1.382482e-02,-1.703990e-02,
4.482269e-03,1.267600e-02,2.556527e-02,3.520191e-02,-3.094970e+00,-3.089224e+00,-3.088068e+00,-3.087546e+00,-3.088219e+00,-3.083877e+00,-3.082975e+00,-3.081070e+00,-3.083829e+00,-3.085980e+00,-3.092536e+00,3.627288e-02,2.700293e-02,2.417994e-02,2.687001e-02,2.448368e-02,2.100420e-02,1.865375e-02,1.919460e-02,
-3.127417e+00,-3.128812e+00,-3.128466e+00,-3.130844e+00,-3.131666e+00,-3.130843e+00,-3.130731e+00,-3.128186e+00,-3.127524e+00,-3.124852e+00,-3.123917e+00,-3.122759e+00,-3.122893e+00,-3.123777e+00,-3.122700e+00,-3.122405e+00,-3.120182e+00,-3.119173e+00,-3.118192e+00,-3.116781e+00,-3.118160e+00,-3.117360e+00,-3.116932e+00,-3.115172e+00,-3.112243e+00,-3.112981e+00,-3.111868e+00,-3.112289e+00,-3.115608e+00,-3.119380e+00,-3.120292e+00,-3.123391e+00,-3.123180e+00,-3.124162e+00,-3.130482e+00,-3.130464e+00,
-3.288877e-02,-3.139496e-02,-3.053522e-02,-3.270864e-02,-3.358793e-02,-2.556896e-02,-1.926506e-02,-1.311910e-02,-1.027298e-02,-1.126826e-02,-1.257932e-02,-8.990169e-03,-1.044583e-02,-1.504290e-02,-2.055979e-02,-2.338433e-02,-2.683377e-02,-2.607548e-02,-2.711439e-02,-3.257895e-02,
-4.244065e-02,-4.660130e-02,-3.974521e-02,-3.742039e-02,-3.262794e-02,-2.637017e-02,-2.286208e-02,-1.928842e-02,-1.981008e-02,-1.860750e-02,-2.161372e-02,-2.684307e-02,-3.533757e-02,-3.635108e-02,-3.537488e-02,-3.568077e-02,-4.055917e-02,
7.173657e-03,5.681038e-03,5.899668e-04,-5.549908e-03,-8.160472e-03,-1.128316e-02,-1.142359e-02,-1.132202e-02,-8.940339e-03,-7.287145e-03,-5.460382e-03,-2.408862e-03,-2.243519e-03,3.226995e-04,1.342058e-03,4.140139e-04,-1.626015e-04,-2.073050e-04,2.655029e-03,4.246235e-03,2.813697e-03,1.562595e-03,1.219749e-03,2.092123e-03,-1.658559e-03,-1.050115e-03,-1.810312e-03,-3.256559e-03,-3.805280e-03,-6.502867e-04,1.117587e-03,2.774835e-03,7.252097e-03,1.039350e-02,1.471901e-02,
-2.183294e-02,-3.186285e-02,-3.970337e-02,-4.146993e-02,-5.053961e-02,-5.982375e-02,-8.357263e-02,-9.736776e-02,-1.016649e-01,-9.180093e-02,-9.463179e-02,-9.011114e-02,-9.343398e-02,-9.989274e-02,-9.835303e-02,-9.517419e-02,-9.229529e-02,-9.244609e-02,-8.547342e-02,-8.009553e-02,-7.249117e-02,-6.027758e-02,-5.579388e-02,-4.911602e-02,
1.387501e-02,1.134956e-02,5.856752e-03,7.940888e-03,1.183546e-02,1.641548e-02,2.685082e-02,3.370512e-02,3.815806e-02,3.984416e-02,5.303764e-02,-3.083724e+00,-3.074738e+00,-3.073187e+00,-3.080625e+00,-3.079909e+00,-3.070302e+00,-3.078110e+00,-3.085782e+00,4.478478e-02,4.100382e-02,2.901590e-02,2.852309e-02,2.410877e-02,1.583302e-02,1.879776e-02,1.552284e-02,1.196396e-02,
-6.522059e-03,-9.439468e-03,-8.389235e-03,-5.296707e-03,-1.064777e-03,4.040003e-04,-7.896423e-04,-1.307130e-03,-2.057314e-03,-9.653568e-04,-4.889965e-04,-5.028248e-04,5.650878e-03,5.687714e-03,5.903363e-03,7.950783e-03,6.899238e-03,8.586884e-03,8.115768e-03,8.930087e-03,8.886337e-03,1.192653e-02,1.619351e-02,1.631343e-02,-3.125073e+00,1.279044e-02,8.294225e-03,2.710342e-03,3.385901e-03,1.443624e-04,-1.049161e-03,-5.698562e-03,-4.815221e-03,
6.924868e-03,2.534628e-03,-2.226114e-03,-7.591963e-03,-1.048923e-02,-1.116931e-02,-9.332299e-03,-1.014972e-02,-9.884953e-03,-6.631494e-03,-3.105640e-03,-7.630587e-04,1.451254e-03,2.711773e-03,5.296946e-03,7.357717e-03,7.472634e-03,1.002502e-02,1.119483e-02,1.197791e-02,7.083416e-03,3.780723e-03,4.938722e-03,2.014995e-03,7.466078e-04,4.512906e-03,3.954530e-03,7.667899e-03,5.792856e-03,6.158352e-04,-5.790114e-03,-5.292177e-03,-8.047700e-03,-1.016283e-02,-1.094031e-02,-1.052213e-02,-5.616546e-03,-2.263188e-03,-3.030300e-03,-4.197836e-03,
1.440477e-02,1.859784e-02,3.194308e-02,4.443300e-02,5.477953e-02,-3.081901e+00,-3.077999e+00,-3.074614e+00,-3.079721e+00,-3.080371e+00,-3.083301e+00,-3.080910e+00,-3.083943e+00,-3.086326e+00,-3.093775e+00,4.278827e-02,3.494000e-02,2.948809e-02,2.684283e-02,2.387977e-02,2.379799e-02,2.121794e-02,2.081180e-02,2.082360e-02,1.951385e-02,2.272701e-02,1.911318e-02,2.043188e-02,
9.465933e-03,9.934068e-03,1.012349e-02,1.370347e-02,1.299667e-02,2.041948e-02,1.870418e-02,1.265693e-02,1.515782e-02,1.711571e-02,1.806438e-02,1.539755e-02,2.099574e-02,7.658362e-03,9.910345e-03,9.400129e-03,1.603878e-02,2.039516e-02,2.423906e-02,2.501249e-02,2.035475e-02,2.498579e-02,1.998293e-02,
-4.349828e-03,-4.768610e-03,3.489256e-04,6.703138e-04,1.662254e-03,8.264899e-03,1.246440e-02,1.597750e-02,2.208900e-02,2.037561e-02,2.110362e-02,2.070808e-02,1.994336e-02,2.164721e-02,2.418816e-02,2.432847e-02,2.359593e-02,2.104139e-02,1.655722e-02,1.395929e-02,1.733387e-02,1.489234e-02,
-1.612306e-03,5.550146e-03,5.052328e-03,1.085174e-02,1.163733e-02,1.081836e-02,1.323915e-02,1.267290e-02,8.328557e-03,1.065290e-02,1.266932e-02,1.008511e-02,8.518338e-03,7.917523e-03,8.152604e-03,9.550810e-03,1.212990e-02,1.293862e-02,1.178288e-02,8.133054e-03,1.100183e-03,1.855731e-03,3.710508e-03,
-1.235008e-03,-1.023531e-03,1.999021e-03,5.167246e-03,8.734584e-03,1.019061e-02,1.113176e-02,1.036906e-02,1.126647e-02,3.368378e-03,-5.617023e-03,-1.075625e-02,-1.532483e-02,-1.995397e-02,-2.247643e-02,-1.997232e-02,-1.719165e-02,-1.531518e-02,-1.528788e-02,-1.368928e-02,-1.186001e-02,-1.304889e-02,-1.433337e-02,-1.169002e-02,-9.237766e-03,-7.040620e-03,-7.681489e-03,-9.050727e-03,-9.356499e-03,-7.081151e-03,
-1.299262e-02,-9.415269e-03,-5.542517e-03,-2.099633e-03,3.254056e-03,8.577466e-03,1.548707e-02,1.969314e-02,2.181506e-02,2.189243e-02,2.208030e-02,2.214396e-02,2.238977e-02,2.142656e-02,2.159667e-02,2.069950e-02,1.829517e-02,1.574183e-02,8.419514e-03,3.371239e-04,-6.589174e-03,-1.287067e-02,-1.522684e-02,-1.730478e-02,
-6.226301e-04,2.780795e-03,5.657077e-03,8.078575e-03,1.619911e-02,1.130319e-02,2.303958e-03,5.971670e-03,4.271626e-03,8.395672e-03,1.004922e-02,7.230759e-03,6.639481e-03,8.461475e-03,6.179452e-03,8.661389e-03,1.065111e-02,1.031530e-02,1.125896e-02,1.215732e-02,1.058304e-02,8.886337e-03,5.869865e-03,
-1.713991e-03,5.848408e-04,4.461765e-03,8.692741e-03,1.201093e-02,1.328802e-02,1.345909e-02,1.465917e-02,1.527619e-02,1.614285e-02,1.547241e-02,1.670325e-02,1.778030e-02,2.027071e-02,2.445352e-02,2.309239e-02,2.639031e-02,2.665639e-02,2.855301e-02,2.810383e-02,2.977407e-02,3.040302e-02,3.583729e-02,3.704011e-02,3.186035e-02,2.624655e-02,2.303088e-02,1.743686e-02,1.732945e-02,1.570380e-02,1.548040e-02,1.745164e-02,2.122891e-02,2.176142e-02,2.227914e-02,2.737868e-02,2.755976e-02,2.715349e-02,2.907991e-02,
-3.117765e+00,2.106631e-02,1.423776e-02,2.691865e-03,-6.453872e-03,-1.383054e-02,-2.003443e-02,-2.377057e-02,-2.779651e-02,-2.767968e-02,-2.418470e-02,-2.184880e-02,-2.486348e-02,-2.618837e-02,-2.804923e-02,-2.854967e-02,-3.071189e-02,-3.396630e-02,-3.415430e-02,-3.573906e-02,-3.606069e-02,-3.625274e-02,-3.739715e-02,-3.681326e-02,-3.424144e-02,-3.156495e-02,-3.068018e-02,-2.920413e-02,-2.964056e-02,-2.675307e-02,-2.010274e-02,-1.711249e-02,-1.470745e-02,-1.521575e-02,-9.519458e-03,-7.253051e-03,-1.120687e-03,3.828287e-03,5.905032e-03,
-1.531100e-02,-1.321518e-02,-1.085210e-02,-4.443884e-03,3.863692e-03,9.810567e-03,1.613593e-02,2.196598e-02,2.620161e-02,2.951610e-02,3.180373e-02,3.231740e-02,3.362000e-02,3.470576e-02,3.462052e-02,3.452241e-02,3.164446e-02,3.037357e-02,2.489495e-02,1.928699e-02,1.157570e-02,5.598426e-03,-3.170967e-03,-9.661078e-03,-1.375449e-02,-1.606262e-02,-1.716483e-02,
-2.249372e-02,-2.063191e-02,-2.319944e-02,-1.838779e-02,-8.743405e-03,1.694679e-03,6.756306e-03,1.161373e-02,1.849699e-02,2.509677e-02,3.066194e-02,3.349519e-02,3.605807e-02,3.707492e-02,3.750229e-02,3.766668e-02,3.860986e-02,3.952992e-02,3.784227e-02,3.307664e-02,2.468085e-02,1.821971e-02,9.529114e-03,2.465963e-03,-6.042719e-03,-1.382780e-02,-1.871157e-02,-2.050495e-02,
-1.734126e-02,-1.486909e-02,-1.016963e-02,-2.644181e-03,5.169630e-03,1.194012e-02,1.927066e-02,2.293754e-02,2.568758e-02,2.620542e-02,2.783334e-02,2.913618e-02,2.884436e-02,2.820742e-02,2.818286e-02,2.842009e-02,2.829826e-02,2.637088e-02,2.424920e-02,1.997173e-02,1.630116e-02,1.447368e-02,6.860971e-03,-5.355239e-03,-9.241819e-03,-1.325834e-02,
-1.130056e-02,-8.267879e-03,-3.311992e-03,3.188848e-03,7.547379e-03,1.269901e-02,1.632953e-02,2.070761e-02,2.461290e-02,2.638638e-02,2.691841e-02,2.649891e-02,2.664304e-02,2.796674e-02,2.524292e-02,2.458107e-02,1.967859e-02,1.491916e-02,1.154423e-02,8.418202e-03,1.868129e-03,-4.751801e-03,-6.060958e-03,
-5.842686e-03,-6.034374e-04,-1.505733e-03,-1.784682e-03,1.082420e-03,8.275986e-03,1.536405e-02,1.827073e-02,1.992488e-02,1.972234e-02,2.050924e-02,1.879120e-02,1.986504e-02,1.954317e-02,2.140033e-02,2.045298e-02,1.684308e-02,1.156807e-02,5.280018e-03,1.146436e-03,-2.323389e-03,-3.752351e-03,
-6.462455e-03,-7.852197e-03,-1.087582e-02,-7.616639e-03,-5.318165e-03,1.400113e-03,6.264687e-03,8.918881e-03,1.713121e-02,1.370072e-02,9.916186e-03,1.124692e-02,1.112306e-02,1.071858e-02,1.639247e-02,1.710618e-02,1.734066e-02,1.817930e-02,1.728189e-02,1.304781e-02,1.201594e-02,1.524758e-02,1.523685e-02,1.469982e-02,1.074517e-02,7.241249e-03,
-1.647663e-02,-1.789451e-02,-1.638722e-02,-1.262689e-02,-7.862449e-03,5.774498e-04,9.613156e-03,1.864469e-02,2.724087e-02,2.974057e-02,3.040838e-02,3.135085e-02,3.098428e-02,3.002727e-02,3.000784e-02,3.085840e-02,3.109634e-02,3.067517e-02,3.169930e-02,3.141534e-02,3.238285e-02,3.058064e-02,2.392852e-02,1.540208e-02,9.481549e-03,3.750682e-03,-3.821731e-03,-7.938981e-03,-1.254976e-02,-1.611912e-02,
-1.505482e-02,-1.144171e-02,-3.982306e-03,3.197193e-03,-3.408194e-04,-3.178477e-03,6.275177e-04,6.366968e-04,1.781583e-03,4.559875e-03,-4.055977e-03,-1.205087e-02,-9.372234e-03,-9.802341e-03,-8.190036e-03,7.710457e-04,9.343624e-04,6.415844e-03,-1.859665e-03,-4.408717e-03,1.212955e-03,5.034804e-03,5.587816e-03,
