2.238250e-02,2.769363e-02,2.552283e-02,2.061701e-02,1.940727e-02,2.638817e-02,2.979434e-02,3.004670e-02,5.113554e-02,5.546200e-02,4.142380e-02,4.024065e-02,3.555763e-02,3.167892e-02,3.749692e-02,3.615737e-02,3.419316e-02,3.802061e-02,3.941619e-02,3.181255e-02,2.350986e-02,1.895499e-02,1.340079e-02,1.576626e-02,1.599300e-02,
-4.248977e-03,-8.392334e-03,-1.063561e-02,-1.228428e-02,-1.404619e-02,-1.579630e-02,-1.945972e-02,-1.562011e-02,-1.238894e-02,8.183599e-03,4.797220e-03,6.525040e-03,3.411174e-03,7.079601e-03,6.094694e-03,7.773399e-03,6.752968e-03,4.338384e-03,6.904602e-03,7.957220e-04,9.162068e-03,-2.797484e-03,-5.268455e-03,6.557703e-04,6.093860e-03,3.439665e-03,5.588412e-03,-6.171465e-04,-3.193855e-03,
1.119053e-02,1.646268e-02,1.057816e-02,1.654589e-02,8.963943e-03,8.953810e-03,1.068246e-02,1.222706e-02,2.988911e-02,3.763115e-02,3.179491e-02,3.180182e-02,3.434455e-02,3.140843e-02,3.359008e-02,3.374541e-02,3.346229e-02,3.061521e-02,2.535701e-02,2.032506e-02,1.427197e-02,5.835533e-03,7.406950e-03,7.745862e-03,6.617785e-03,
5.573511e-03,3.891706e-03,6.814599e-03,-3.135390e+00,-3.133791e+00,-3.132473e+00,-3.130195e+00,-3.124047e+00,-3.118153e+00,-3.113647e+00,-3.112814e+00,-3.111132e+00,-3.115255e+00,-3.117934e+00,-3.118455e+00,-3.127382e+00,-3.126464e+00,-3.123127e+00,-3.126143e+00,-3.127736e+00,1.377487e-02,1.403332e-02,-3.128017e+00,-3.123357e+00,-3.123105e+00,-3.117042e+00,-3.124017e+00,-3.122256e+00,-3.128124e+00,-3.124963e+00,-3.126431e+00,-3.128854e+00,1.042700e-02,1.168835e-02,
1.719844e-02,1.667404e-02,1.855803e-02,2.222359e-02,3.025544e-02,1.982474e-02,6.313086e-03,1.845717e-02,2.878511e-02,3.113437e-02,2.423298e-02,2.595830e-02,2.324867e-02,2.514172e-02,2.257097e-02,2.208149e-02,2.343178e-02,2.555871e-02,2.860689e-02,2.806270e-02,2.810395e-02,2.620685e-02,2.443922e-02,2.302504e-02,
1.804781e-02,-3.119361e+00,-3.117282e+00,-3.113178e+00,-3.114176e+00,-3.105792e+00,-3.100637e+00,-3.102205e+00,-3.108799e+00,-3.113792e+00,-3.114255e+00,-3.114404e+00,-3.110143e+00,-3.106671e+00,-3.111841e+00,-3.112819e+00,-3.122325e+00,-3.123114e+00,-3.128304e+00,-3.128767e+00,1.038408e-02,
-3.104157e+00,-3.105437e+00,-3.108646e+00,-3.108142e+00,-3.107285e+00,-3.104846e+00,-3.106394e+00,-3.096064e+00,-3.105677e+00,-3.112175e+00,2.496183e-02,2.267301e-02,2.421057e-02,2.708650e-02,3.141582e-02,3.219986e-02,-3.109797e+00,-3.107353e+00,-3.116136e+00,2.200520e-02,1.974940e-02,1.800740e-02,1.677310e-02,
6.546855e-03,1.783097e-02,1.303768e-02,9.370565e-03,1.151991e-02,-3.114979e+00,-3.104928e+00,-3.106152e+00,-3.116621e+00,-3.096270e+00,4.284298e-02,3.155088e-02,2.746797e-02,2.885497e-02,2.764392e-02,2.717566e-02,2.953279e-02,2.907431e-02,2.740264e-02,2.143204e-02,1.321864e-02,
-7.411361e-03,-7.475257e-03,-3.725052e-03,-3.962159e-03,-5.327463e-03,-2.371669e-02,-2.265286e-02,-9.905815e-03,-1.395035e-02,-1.859403e-02,-1.740146e-02,-2.026629e-02,-2.482033e-02,-2.574360e-02,-2.111602e-02,-1.284242e-02,-2.874970e-03,-2.715111e-03,-4.661202e-03,
-3.869057e-03,-1.169300e-02,-2.224422e-02,-2.924013e-02,-3.453505e-02,-3.940845e-02,-3.321218e-02,-2.619374e-02,-1.915205e-02,-2.086735e-02,-2.124107e-02,-2.043784e-02,-2.032840e-02,-2.071142e-02,-1.909184e-02,-2.634978e-02,-2.359140e-02,-1.988494e-02,-1.661372e-02,-1.854479e-02,-1.529038e-02,-1.133442e-02,-1.054549e-02,-7.708192e-03,-6.306767e-03,-9.362698e-03,-5.371094e-03,-2.558112e-03,
-3.126065e+00,-3.121222e+00,-3.117109e+00,-3.117384e+00,-3.113881e+00,-3.110594e+00,-3.109478e+00,-3.103998e+00,-3.104824e+00,-3.103642e+00,-3.102958e+00,-3.104279e+00,-3.102279e+00,-3.100369e+00,-3.107545e+00,-3.108952e+00,-3.112835e+00,-3.113742e+00,-3.106497e+00,-3.104027e+00,-3.106503e+00,-3.109773e+00,-3.111617e+00,-3.112426e+00,
-3.127471e+00,-3.118607e+00,2.544808e-02,3.644884e-02,3.386068e-02,3.796911e-02,-3.095698e+00,-3.102449e+00,-3.108350e+00,-3.111775e+00,-3.112714e+00,-3.111379e+00,-3.109880e+00,3.086054e-02,3.356874e-02,3.264046e-02,3.186548e-02,-3.111787e+00,-3.115027e+00,-3.119496e+00,-3.122856e+00,-3.123444e+00,1.740849e-02,1.362801e-02,1.441503e-02,
4.226923e-03,9.750247e-03,9.243011e-03,-1.048923e-03,-3.043056e-03,1.189947e-02,-3.116623e+00,-3.111660e+00,-3.116540e+00,2.348697e-02,1.118279e-02,1.206660e-02,1.705754e-02,1.886523e-02,1.976848e-02,2.057791e-02,1.895130e-02,1.816952e-02,1.758397e-02,1.423728e-02,1.003075e-02,4.813910e-03,1.201391e-03,-3.511071e-03,-4.921556e-03,-1.239884e-02,-1.451147e-02,-1.509178e-02,
2.015555e-02,2.443326e-02,3.045726e-02,3.128529e-02,3.583992e-02,3.674018e-02,4.126751e-02,3.772771e-02,3.805387e-02,3.754532e-02,3.005016e-02,-3.111803e+00,-3.115121e+00,2.610970e-02,2.739608e-02,3.087366e-02,2.722883e-02,2.596879e-02,-3.114701e+00,2.271688e-02,2.086794e-02,1.580608e-02,
-1.707673e-03,-3.852606e-03,-7.800698e-03,-1.198483e-02,-1.581013e-02,-1.959038e-02,-1.990688e-02,-2.213180e-02,-2.215374e-02,-1.780617e-02,-1.345122e-02,-7.395506e-03,-2.722144e-03,-2.044439e-04,-4.411936e-04,2.276063e-03,3.884077e-03,7.099390e-03,8.588552e-03,8.927822e-03,4.088759e-03,4.661798e-03,5.247831e-03,3.826618e-05,-1.764536e-03,-5.698442e-03,-4.560947e-04,4.111409e-03,2.469063e-03,4.326820e-03,4.132509e-03,3.460169e-03,-3.093839e-03,-3.085732e-03,
-1.597154e-02,-1.618552e-02,-1.416707e-02,-6.676912e-03,1.576543e-03,7.266521e-03,1.041675e-02,1.598954e-02,1.929271e-02,2.132893e-02,1.820099e-02,1.608646e-02,1.447928e-02,1.322484e-02,1.468563e-02,1.673400e-02,1.917577e-02,1.980102e-02,2.186012e-02,1.844358e-02,1.560080e-02,1.395535e-02,1.829243e-02,2.378070e-02,2.505434e-02,3.551888e-02,4.622769e-02,5.547178e-02,5.817509e-02,6.143713e-02,6.144249e-02,6.236660e-02,
2.535856e-02,2.830100e-02,3.694201e-02,4.449272e-02,4.921806e-02,4.893351e-02,4.719651e-02,4.636252e-02,3.869140e-02,3.066492e-02,2.494299e-02,2.035296e-02,2.166486e-02,2.186787e-02,2.243853e-02,2.263296e-02,2.613449e-02,2.789295e-02,2.874601e-02,2.434731e-02,1.936853e-02,1.847970e-02,2.016723e-02,1.916361e-02,
9.282827e-04,2.470016e-03,2.047849e-02,3.070676e-02,3.521693e-02,3.894508e-02,3.956378e-02,3.681540e-02,3.303218e-02,2.834344e-02,2.090108e-02,1.551735e-02,1.367092e-02,1.869488e-02,2.416217e-02,2.722895e-02,3.003061e-02,3.207672e-02,3.089976e-02,2.922523e-02,2.485526e-02,2.139974e-02,1.804924e-02,1.888323e-02,2.185440e-02,2.576017e-02,2.645600e-02,2.747476e-02,2.733815e-02,2.841580e-02,2.796721e-02,2.850115e-02,2.847087e-02,2.378297e-02,2.114034e-02,1.857054e-02,1.070404e-02,7.204413e-03,4.727364e-03,
-1.001716e-03,-5.305409e-03,6.533384e-03,1.311326e-02,2.001727e-02,3.154910e-02,3.748572e-02,4.219627e-02,4.471040e-02,4.192865e-02,3.860939e-02,3.256559e-02,2.690041e-02,2.128947e-02,2.165449e-02,2.355278e-02,2.793825e-02,3.115785e-02,3.580225e-02,4.023373e-02,4.135227e-02,3.776181e-02,3.494465e-02,3.012800e-02,2.634311e-02,2.391326e-02,2.284491e-02,2.485144e-02,2.516103e-02,2.631855e-02,2.434266e-02,2.170539e-02,1.783168e-02,1.274681e-02,1.308036e-02,4.466414e-03,3.392577e-03,3.510594e-03,2.969384e-03,
6.628633e-03,9.567261e-03,2.775073e-03,8.477569e-03,1.655018e-02,1.503348e-02,1.587713e-02,1.440322e-02,1.277196e-02,1.342869e-02,1.132917e-02,8.362055e-03,5.455852e-03,4.799247e-03,4.202485e-03,1.278281e-03,1.438498e-03,9.763241e-04,1.086712e-03,-2.877116e-03,3.802776e-05,-8.996725e-04,-2.852678e-03,-8.993983e-03,-1.178217e-02,
6.920099e-03,1.000476e-02,1.227510e-02,1.424074e-02,7.417202e-03,-6.211281e-03,-5.040169e-03,6.637573e-04,1.219583e-02,1.029396e-02,5.553007e-03,2.277017e-03,1.229167e-03,1.562476e-03,-3.701329e-03,-7.054090e-03,-1.077712e-02,-5.651116e-03,-3.004313e-03,-1.859307e-03,-2.935052e-03,-7.469654e-04,-5.872250e-04,2.331376e-03,4.580975e-03,1.054168e-02,1.261377e-02,1.403642e-02,1.416719e-02,1.316333e-02,1.147032e-02,
-5.905628e-04,-3.173232e-03,6.880760e-03,1.617050e-02,2.347600e-02,2.970517e-02,3.560185e-02,3.671670e-02,3.170109e-02,2.535033e-02,2.020168e-02,1.750851e-02,1.527774e-02,1.900995e-02,2.427459e-02,2.951384e-02,3.203154e-02,3.132486e-02,2.864194e-02,2.430916e-02,2.052081e-02,1.778364e-02,1.835716e-02,2.038312e-02,2.427328e-02,2.525496e-02,2.376032e-02,2.401710e-02,1.919603e-02,1.533353e-02,1.443791e-02,1.066780e-02,1.132607e-03,1.464128e-03,-1.173973e-03,-4.094243e-03,-4.581928e-03,
2.705693e-03,5.980015e-03,1.267958e-02,1.736164e-02,2.200437e-02,2.774525e-02,3.015316e-02,3.111684e-02,3.020656e-02,2.472210e-02,2.237153e-02,2.219856e-02,2.363157e-02,2.179050e-02,1.863194e-02,2.008927e-02,2.368903e-02,2.437258e-02,2.181828e-02,1.731706e-02,1.648104e-02,1.677215e-02,1.986659e-02,1.912856e-02,1.551151e-02,1.072800e-02,
1.329458e-02,1.714456e-02,1.955342e-02,1.012862e-02,1.159847e-02,1.959908e-02,2.581084e-02,2.347386e-02,2.257204e-02,1.354373e-02,1.165247e-02,1.110637e-02,1.267672e-02,1.486361e-02,1.681566e-02,1.701331e-02,1.680946e-02,1.599419e-02,1.774085e-02,1.453376e-02,1.108694e-02,1.051223e-02,7.198334e-03,7.163405e-03,7.904530e-03,
1.061273e-02,1.944017e-02,2.789366e-02,3.443182e-02,3.563535e-02,3.451335e-02,3.666759e-02,3.435159e-02,3.008246e-02,2.550304e-02,2.286470e-02,2.249658e-02,2.451444e-02,2.586460e-02,2.480292e-02,2.506065e-02,2.086854e-02,1.639974e-02,9.449124e-03,8.872867e-03,8.169770e-03,
2.276063e-02,2.522135e-02,2.769554e-02,2.931070e-02,3.139448e-02,3.315461e-02,3.730667e-02,3.883052e-02,3.889859e-02,3.243279e-02,2.498329e-02,1.883233e-02,1.756763e-02,1.457286e-02,1.295936e-02,1.462567e-02,1.736081e-02,1.644969e-02,1.450062e-02,1.247764e-02,1.082420e-02,8.006573e-03,
1.657712e-02,1.939404e-02,-3.121491e+00,-3.114240e+00,-3.112674e+00,-3.109995e+00,3.190243e-02,3.371251e-02,3.815305e-02,4.063523e-02,3.465521e-02,2.633715e-02,-3.116749e+00,-3.116574e+00,-3.116521e+00,-3.115693e+00,-3.116358e+00,-3.110553e+00,-3.111956e+00,2.450418e-02,2.170205e-02,1.921546e-02,1.877666e-02,2.101851e-02,2.052450e-02,
2.126813e-03,3.240347e-03,-3.078341e-03,9.534359e-04,6.227493e-04,1.074159e-02,2.134132e-02,2.757215e-02,3.078616e-02,3.243554e-02,2.974176e-02,2.596509e-02,2.300751e-02,1.781094e-02,1.508331e-02,1.866806e-02,2.271521e-02,2.728844e-02,3.028631e-02,2.971482e-02,2.738106e-02,2.133179e-02,1.777518e-02,1.551116e-02,1.450896e-02,1.729250e-02,2.153039e-02,2.414942e-02,2.659154e-02,2.788699e-02,2.882612e-02,2.480662e-02,2.038300e-02,1.738036e-02,1.638651e-02,3.341675e-03,-4.269242e-03,-5.378723e-04,
2.532458e-02,2.942050e-02,2.694166e-02,2.213454e-02,1.986110e-02,1.728463e-02,1.754594e-02,2.270877e-02,-3.113354e+00,-3.112425e+00,-3.116437e+00,-3.120136e+00,-3.120115e+00,-3.121132e+00,-3.124039e+00,-3.121808e+00,-3.117058e+00,-3.113596e+00,-3.117624e+00,1.863968e-02,1.713073e-02,1.496935e-02,
1.086402e-02,1.280737e-02,1.684213e-02,1.981819e-02,2.471006e-02,2.727032e-02,3.203225e-02,3.072727e-02,3.209531e-02,3.461480e-02,3.386521e-02,3.390336e-02,3.033316e-02,2.845657e-02,2.771485e-02,3.019428e-02,2.796006e-02,2.649033e-02,2.395117e-02,2.439189e-02,2.578926e-02,2.201045e-02,1.983559e-02,1.539528e-02,1.194787e-02,1.129293e-02,1.089823e-02,1.002634e-02,1.017213e-02,
-3.119713e+00,-3.121210e+00,-3.118861e+00,-3.120934e+00,-3.117648e+00,-3.112976e+00,1.732051e-02,-6.147981e-03,-3.098965e-03,3.136235e+00,3.120055e+00,-1.712596e-02,1.942635e-03,7.047534e-03,-5.129337e-03,1.397526e-02,1.688266e-02,-3.131927e+00,-3.129625e+00,-3.122893e+00,3.132967e+00,-5.909801e-03,-5.971193e-04,1.156092e-03,4.926324e-03,5.437851e-03,1.141667e-03,-1.593947e-03,-6.436110e-04,-3.076792e-04,
9.311318e-03,-2.519846e-03,-8.916974e-03,-3.130385e+00,2.301764e-02,2.218080e-02,1.639879e-02,1.716053e-02,1.842475e-02,1.704681e-02,1.721060e-02,1.649249e-02,1.382959e-02,2.204418e-03,5.134463e-03,-2.218485e-04,-5.474091e-04,-4.165053e-03,-4.453063e-03,-5.274892e-03,-5.392432e-03,-5.702496e-03,-5.782366e-03,
5.192041e-03,1.310360e-02,2.231729e-02,3.115618e-02,3.576970e-02,4.000258e-02,3.814006e-02,3.262937e-02,2.728248e-02,2.338767e-02,2.411127e-02,2.317333e-02,2.263689e-02,2.360833e-02,2.175701e-02,1.647544e-02,1.209438e-02,9.225726e-03,5.800962e-03,2.470493e-03,
3.508353e-02,3.507841e-02,3.945673e-02,3.832412e-02,3.491318e-02,3.413296e-02,3.654742e-02,3.502154e-02,3.730071e-02,3.409374e-02,2.917576e-02,3.061807e-02,2.788877e-02,2.564871e-02,2.798653e-02,2.714157e-02,2.836454e-02,3.099012e-02,3.009737e-02,2.948391e-02,2.900529e-02,2.860844e-02,2.710581e-02,2.886903e-02,2.894139e-02,2.933455e-02,
-2.603173e-03,-7.953525e-03,-1.811075e-02,-2.564776e-02,-3.397179e-02,-3.883982e-02,-4.062140e-02,-3.422034e-02,-3.233957e-02,-2.023494e-02,-1.270008e-02,3.136750e+00,-4.475117e-03,3.135828e+00,-6.050587e-03,3.130554e+00,-1.135111e-03,-5.123734e-03,3.130141e+00,-3.677368e-03,3.132597e+00,-5.694747e-03,3.137738e+00,-1.917958e-03,-7.033825e-03,-5.584598e-03,3.134125e+00,
1.718640e-02,1.835322e-02,1.785314e-02,2.826893e-02,3.531921e-02,4.459846e-02,-3.095589e+00,-3.087469e+00,-3.097759e+00,-3.087677e+00,-3.086994e+00,-3.086062e+00,-3.080926e+00,-3.084672e+00,-3.081270e+00,-3.087133e+00,-3.089267e+00,-3.093057e+00,-3.083606e+00,-3.089283e+00,-3.090706e+00,-3.092414e+00,-3.100453e+00,-3.108904e+00,-3.111786e+00,-3.115710e+00,-3.122602e+00,1.840794e-02,
1.985514e-02,1.936233e-02,1.955724e-02,2.034116e-02,1.846206e-02,2.374911e-02,1.976907e-02,2.563262e-02,2.844799e-02,2.756214e-02,2.863789e-02,-3.107669e+00,-3.110348e+00,-3.109114e+00,3.194845e-02,3.162277e-02,3.905356e-02,-3.106151e+00,-3.110255e+00,-3.118690e+00,-3.119701e+00,-3.118144e+00,-3.119484e+00,-3.114972e+00,-3.115253e+00,-3.113802e+00,-3.115018e+00,-3.118742e+00,-3.118696e+00,-3.119496e+00,-3.121853e+00,1.978195e-02,2.206349e-02,2.280641e-02,2.292049e-02,
2.798486e-02,3.410935e-02,3.729451e-02,4.438508e-02,4.992771e-02,5.346406e-02,5.710268e-02,5.144429e-02,4.364634e-02,4.248226e-02,4.267621e-02,4.377067e-02,4.324520e-02,3.932154e-02,4.150748e-02,4.273534e-02,3.750443e-02,3.255665e-02,2.837718e-02,2.754653e-02,2.890515e-02,2.969921e-02,2.719474e-02,2.468371e-02,2.279520e-02,
-7.073283e-03,-8.265495e-03,-1.007855e-02,3.129058e+00,3.127357e+00,-2.490258e-02,-2.732360e-02,3.112576e+00,3.114058e+00,3.119772e+00,3.111059e+00,3.121047e+00,-5.315542e-03,-2.544641e-03,3.139447e+00,-3.129304e+00,-3.131188e+00,-3.129474e+00,4.222751e-03,6.691217e-04,-7.021427e-05,3.122818e+00,-2.129436e-03,-3.601551e-03,-2.366662e-03,-7.194281e-03,7.550478e-03,1.269245e-02,1.126444e-02,
1.008296e-02,1.565337e-02,1.427126e-02,2.383876e-02,3.504670e-02,4.131556e-02,4.066598e-02,4.657018e-02,4.248679e-02,4.299927e-02,5.324519e-02,5.018234e-02,4.821599e-02,4.908323e-02,5.600882e-02,5.832589e-02,4.230285e-02,3.783786e-02,3.570592e-02,5.102599e-02,4.458940e-02,4.871237e-02,5.829918e-02,4.885876e-02,3.354335e-02,2.613509e-02,1.457596e-02,4.266024e-03,7.177591e-03,1.710653e-03,3.623128e-03,6.517410e-03,4.515052e-03,
2.695763e-02,2.658963e-02,2.802098e-02,3.160703e-02,3.474069e-02,3.560472e-02,3.772497e-02,3.622770e-02,3.477407e-02,3.214037e-02,2.926564e-02,2.444315e-02,2.422380e-02,2.367699e-02,2.578819e-02,2.849853e-02,3.015172e-02,2.882600e-02,2.602863e-02,2.530682e-02,2.381134e-02,2.521002e-02,2.292109e-02,2.252269e-02,
-3.120230e+00,-3.119252e+00,-3.119038e+00,-3.131237e+00,-2.570152e-04,-6.826162e-03,1.246917e-02,1.362944e-02,-3.128880e+00,-3.127034e+00,-3.123050e+00,-3.130629e+00,-3.131713e+00,-3.133858e+00,-3.136322e+00,7.265687e-03,1.026726e-02,-3.126260e+00,-3.115470e+00,-3.112762e+00,-3.111858e+00,-3.113910e+00,-3.115352e+00,-3.118411e+00,-3.121367e+00,
9.692430e-03,1.447546e-02,1.712263e-02,2.354813e-02,3.060663e-02,3.322315e-02,3.535688e-02,3.390801e-02,3.077924e-02,3.037310e-02,2.851462e-02,2.472663e-02,2.453363e-02,2.246392e-02,2.212882e-02,2.330852e-02,3.097546e-02,3.096890e-02,3.392267e-02,3.217530e-02,3.242481e-02,2.874923e-02,2.754021e-02,2.480543e-02,2.392340e-02,2.275789e-02,2.053475e-02,1.609457e-02,1.341617e-02,9.839296e-03,9.945869e-03,
2.219999e-02,2.731550e-02,3.089035e-02,3.066134e-02,3.328300e-02,3.738832e-02,4.081857e-02,4.157865e-02,4.049850e-02,3.524220e-02,2.356040e-02,2.304065e-02,2.705789e-02,3.106713e-02,3.171229e-02,3.252363e-02,3.304756e-02,3.165710e-02,2.999187e-02,2.494025e-02,2.442014e-02,2.212489e-02,2.187526e-02,2.243912e-02,2.178788e-02,
3.134404e+00,3.137172e+00,3.131057e+00,-2.760768e-03,-1.442683e-02,5.803347e-03,-4.804611e-03,-2.067900e-02,-2.478611e-02,-1.089156e-02,-2.196860e-02,-3.984094e-03,-1.805329e-02,-2.249396e-02,-1.781440e-02,-1.501238e-02,-2.993357e-02,-1.270592e-02,-1.331711e-02,-2.189457e-02,-2.642083e-02,-2.289653e-02,-2.318418e-02,-2.045476e-02,-1.853704e-02,-1.140797e-02,-7.343888e-03,-8.817315e-03,-8.306265e-03,-2.200961e-03,4.601598e-03,
2.730727e-03,2.891660e-03,3.338814e-03,3.480792e-03,1.004195e-02,1.448298e-02,5.678296e-03,-6.088853e-03,-1.092076e-03,1.253998e-02,8.383989e-03,9.734392e-03,7.590771e-03,4.255652e-03,2.235055e-03,5.871415e-03,9.267092e-03,1.166737e-02,1.352000e-02,1.244104e-02,1.335907e-02,1.445568e-02,1.649141e-02,1.618838e-02,1.665533e-02,1.493013e-02,1.231432e-02,6.010652e-03,-2.598763e-04,7.480383e-04,8.125305e-04,
1.337528e-04,1.423240e-03,1.955152e-03,1.990795e-05,-7.959604e-04,-3.872037e-03,-1.610851e-02,-1.786971e-02,-6.690621e-03,-3.770947e-03,-5.205274e-03,-4.735470e-03,-7.170081e-03,-6.613612e-03,-4.360914e-03,-4.291534e-06,9.429455e-05,2.521276e-04,-1.724243e-03,9.262562e-05,4.316568e-03,4.739523e-03,8.389354e-03,1.367581e-02,1.830590e-02,2.104616e-02,2.398908e-02,2.232933e-02,2.153134e-02,1.992154e-02,
4.066944e-03,6.230474e-03,4.600763e-03,1.240849e-02,2.224195e-02,3.187740e-02,4.041708e-02,4.461730e-02,4.751873e-02,4.416227e-02,3.759539e-02,3.191829e-02,2.349615e-02,2.283418e-02,2.516317e-02,3.205681e-02,3.345478e-02,3.669417e-02,3.579628e-02,3.358305e-02,2.942264e-02,2.527106e-02,2.094495e-02,2.075589e-02,2.789342e-02,3.490579e-02,3.889537e-02,4.010344e-02,3.924525e-02,3.707516e-02,2.944350e-02,2.162814e-02,2.294910e-02,
7.336140e-03,4.808664e-03,1.948833e-02,1.652026e-02,3.225017e-02,3.507984e-02,3.798103e-02,3.460038e-02,2.913475e-02,2.662528e-02,2.455759e-02,2.687383e-02,2.649903e-02,3.160548e-02,3.560138e-02,3.914559e-02,4.024124e-02,3.668535e-02,3.227949e-02,2.572858e-02,2.356839e-02,1.983464e-02,2.115226e-02,2.119207e-02,2.522469e-02,2.787983e-02,2.448606e-02,1.916170e-02,1.305211e-02,1.272798e-02,3.369331e-03,2.839923e-03,
9.281993e-03,1.330602e-02,2.362752e-02,3.023601e-02,3.723013e-02,4.422271e-02,4.879928e-02,4.827464e-02,4.317403e-02,3.862202e-02,3.222692e-02,2.516878e-02,1.664722e-02,1.641786e-02,2.313507e-02,2.991343e-02,3.533590e-02,3.823471e-02,3.731859e-02,3.326714e-02,2.936876e-02,2.308393e-02,1.921725e-02,1.931119e-02,2.089286e-02,2.234554e-02,2.461803e-02,2.372527e-02,2.158833e-02,1.809764e-02,9.646416e-03,
3.568161e-02,4.034829e-02,4.331958e-02,4.700816e-02,4.752350e-02,5.240595e-02,5.302608e-02,5.321610e-02,5.204237e-02,4.367447e-02,4.153085e-02,3.980446e-02,3.918433e-02,3.818750e-02,4.157579e-02,4.248011e-02,4.418433e-02,4.193282e-02,3.444862e-02,2.998459e-02,2.995718e-02,3.435242e-02,3.535283e-02,3.413856e-02,3.297234e-02,3.299212e-02,
5.285859e-03,4.402757e-03,2.406204e-02,2.672100e-02,3.427017e-02,4.118478e-02,4.443133e-02,4.408073e-02,4.118276e-02,3.849065e-02,3.565836e-02,3.586340e-02,3.559518e-02,4.224133e-02,4.678857e-02,4.566491e-02,4.875231e-02,4.913580e-02,4.657793e-02,4.271853e-02,4.049313e-02,4.007053e-02,4.400647e-02,4.750979e-02,4.890597e-02,4.923332e-02,4.886508e-02,5.109739e-02,4.827344e-02,4.270184e-02,3.791201e-02,4.020500e-02,4.585564e-02,4.850817e-02,4.908419e-02,4.974723e-02,5.106068e-02,4.847848e-02,4.348123e-02,3.433359e-02,3.632462e-02,3.396940e-02,
4.047441e-02,4.140484e-02,4.062116e-02,3.826821e-02,4.258513e-02,4.622591e-02,4.545832e-02,4.261410e-02,3.722513e-02,3.487635e-02,3.805232e-02,3.956699e-02,3.715456e-02,4.056144e-02,4.080760e-02,3.835547e-02,3.559446e-02,3.544307e-02,3.515649e-02,3.255975e-02,2.692223e-02,2.696967e-02,2.873182e-02,2.913249e-02,3.012466e-02,
8.723736e-03,8.490682e-03,1.034153e-02,6.619334e-03,4.676104e-03,-5.702972e-04,-7.577538e-03,-8.927822e-03,-7.124186e-03,1.526392e-02,2.363288e-02,2.105212e-02,1.943588e-02,1.545882e-02,1.287854e-02,1.110005e-02,9.864092e-03,8.778811e-03,6.542444e-03,7.714629e-03,9.050369e-03,6.915689e-03,4.074812e-03,1.030207e-03,1.407504e-03,1.340508e-03,5.107999e-03,6.547689e-03,5.273819e-03,2.872705e-03,1.229405e-03,1.095057e-03,
5.336285e-03,8.097649e-03,6.544948e-03,6.322861e-03,1.111150e-03,3.514171e-03,-8.471966e-03,5.087972e-03,1.298618e-02,1.400864e-02,9.605885e-03,1.052427e-02,7.907152e-03,8.619428e-03,9.385228e-03,1.253915e-02,1.391256e-02,1.536834e-02,1.649213e-02,1.774299e-02,1.811588e-02,2.095461e-02,1.960385e-02,1.898932e-02,2.229071e-02,1.951039e-02,
3.775358e-03,1.557672e-02,2.520406e-02,3.671324e-02,4.453933e-02,5.283368e-02,5.505073e-02,5.224144e-02,4.618549e-02,3.882813e-02,3.294492e-02,2.973557e-02,2.976406e-02,3.367841e-02,3.805172e-02,3.970003e-02,3.894889e-02,3.899777e-02,2.685440e-02,3.198159e-02,2.346897e-02,1.822186e-02,2.593684e-02,2.257299e-02,1.803780e-02,1.328552e-02,8.808374e-03,5.953789e-03,
9.985685e-03,6.218553e-03,1.870322e-02,2.552736e-02,3.255475e-02,3.600872e-02,3.718448e-02,3.413701e-02,3.311527e-02,3.009927e-02,2.998579e-02,3.254366e-02,3.823125e-02,4.103637e-02,4.303968e-02,4.464376e-02,4.267812e-02,4.037321e-02,3.645456e-02,3.139293e-02,2.876449e-02,2.867138e-02,3.082633e-02,3.268790e-02,3.895879e-02,3.941607e-02,4.065371e-02,4.151785e-02,3.561294e-02,3.247738e-02,2.981520e-02,2.539778e-02,1.752663e-02,1.734281e-02,1.096249e-02,
-5.749106e-03,-5.472422e-03,-4.935622e-03,-2.938986e-03,6.055832e-04,2.864957e-03,4.336119e-03,7.941246e-03,8.465767e-03,3.003120e-03,1.220226e-03,9.366274e-04,2.906680e-03,5.491972e-03,2.962947e-03,2.492666e-03,6.351113e-03,3.501773e-03,-3.450036e-03,-7.146239e-03,-8.241296e-03,-6.237626e-03,-5.095720e-03,-3.032446e-03,-7.371545e-03,-8.820891e-03,-9.884238e-03,-7.831693e-03,
1.155305e-02,3.235817e-03,3.113151e-03,3.276825e-03,-2.634406e-03,-5.878687e-03,-7.075906e-03,-8.396745e-03,-7.030964e-03,-1.058543e-02,-1.365769e-02,-1.147187e-02,-9.290814e-03,-4.772186e-03,-2.875328e-03,-3.013253e-03,-2.666354e-03,-3.792882e-03,-5.563259e-03,-7.090569e-03,-6.796598e-03,-7.194519e-03,-9.119272e-03,-6.561279e-03,-9.248853e-03,-9.332180e-03,-7.716656e-03,-3.674030e-03,-5.725980e-03,-5.591393e-03,-2.868533e-03,-7.219672e-03,6.511211e-04,1.619101e-03,2.436042e-03,
-3.121720e+00,-3.119612e+00,2.311885e-02,2.752960e-02,3.411829e-02,3.718150e-02,4.095030e-02,-3.094447e+00,-3.093579e+00,4.569972e-02,4.702091e-02,4.612362e-02,4.700398e-02,4.677570e-02,4.334378e-02,4.515648e-02,4.255617e-02,4.026949e-02,4.180634e-02,4.019606e-02,3.922999e-02,3.952968e-02,4.225612e-02,4.342115e-02,4.603219e-02,-3.096113e+00,-3.103348e+00,-3.109773e+00,-3.122184e+00,-3.126289e+00,-3.127566e+00,-3.132598e+00,6.073594e-03,
6.973267e-03,6.001472e-03,2.565384e-03,4.829884e-03,4.831195e-03,5.134702e-03,6.545305e-03,6.348848e-03,1.100004e-02,1.324713e-02,1.158953e-02,9.433270e-03,1.014960e-02,9.248257e-03,6.929159e-03,3.410339e-03,5.361319e-03,9.980917e-03,1.226699e-02,9.667158e-03,6.722569e-03,1.195467e-02,1.061332e-02,9.807825e-03,9.563208e-03,1.061928e-02,1.394010e-02,
-3.123202e+00,-3.120274e+00,-3.108266e+00,-3.107069e+00,2.979577e-02,-3.116156e+00,-3.115687e+00,-3.117672e+00,-3.117258e+00,-3.116810e+00,-3.116354e+00,-3.114094e+00,-3.112325e+00,-3.117090e+00,-3.120477e+00,-3.125216e+00,-3.127445e+00,
2.077103e-03,1.937151e-04,-3.623962e-05,1.314878e-03,-7.260442e-03,-7.988453e-03,-1.142263e-02,-1.021600e-02,-9.226441e-03,-1.000667e-02,-7.993579e-03,-4.754066e-03,6.916881e-03,7.886767e-03,7.771969e-03,3.618479e-03,5.528212e-03,4.897118e-03,7.644892e-03,4.117727e-03,4.793406e-03,6.885648e-03,9.672284e-03,1.027822e-03,-3.685474e-03,4.927635e-03,5.812764e-03,7.568002e-03,6.810188e-03,5.160928e-03,5.655169e-03,-3.132808e+00,8.406281e-03,8.167386e-03,9.553313e-03,
-3.122711e+00,-3.118473e+00,2.362239e-02,2.682328e-02,-3.111815e+00,-3.110133e+00,2.933443e-02,2.836180e-02,-3.113564e+00,2.737188e-02,3.022516e-02,3.169930e-02,2.857852e-02,2.968860e-02,-3.112841e+00,-3.116588e+00,-3.116270e+00,-3.116714e+00,2.018023e-02,1.855028e-02,1.181364e-02,
2.395976e-02,2.450049e-02,2.738929e-02,-3.111544e+00,3.127480e-02,-3.107025e+00,3.107488e-02,2.541983e-02,2.377272e-02,-3.113593e+00,2.773690e-02,-3.109874e+00,-3.108572e+00,-3.106689e+00,-3.109640e+00,-3.111517e+00,-3.114050e+00,-3.115180e+00,2.433050e-02,2.301455e-02,
1.661479e-02,1.753271e-02,2.245331e-02,2.563655e-02,-3.112785e+00,-3.108233e+00,3.058648e-02,2.756774e-02,2.468121e-02,2.280104e-02,-3.115595e+00,-3.115542e+00,-3.109169e+00,-3.109062e+00,-3.107968e+00,-3.112251e+00,-3.113188e+00,-3.115838e+00,-3.116917e+00,
4.820228e-03,2.442837e-03,1.225471e-04,-4.471183e-03,-1.148605e-02,-1.980090e-02,-2.982771e-02,-3.449273e-02,-3.730404e-02,-3.936732e-02,-3.731728e-02,-3.537691e-02,-3.217173e-02,-3.162551e-02,-2.961481e-02,-2.853680e-02,-2.745366e-02,-2.570844e-02,-2.424276e-02,-2.270675e-02,-2.188623e-02,-2.126813e-02,-2.220607e-02,-2.025747e-02,-2.081430e-02,-2.269626e-02,-2.334738e-02,-2.301824e-02,-2.011919e-02,-1.634765e-02,-1.744103e-02,-1.819313e-02,-1.361835e-02,-1.737046e-02,-2.250314e-02,-2.471530e-02,-2.587330e-02,-2.371609e-02,-1.691043e-02,-1.280105e-02,-1.219893e-02,-5.520940e-03,-4.756212e-03,
7.297635e-03,1.293910e-02,1.862156e-02,2.075171e-02,2.219617e-02,3.111219e-02,2.924800e-02,3.024530e-02,2.876985e-02,2.897191e-02,2.651846e-02,2.698195e-02,2.214324e-02,2.345204e-02,2.506900e-02,1.975143e-02,2.091324e-02,1.762462e-02,1.429725e-02,1.140702e-02,7.197499e-03,2.849698e-03,2.592087e-03,
-2.772093e-03,-1.458526e-03,-1.836061e-03,8.723736e-04,2.129436e-03,2.517581e-03,6.970167e-04,3.100157e-03,3.408074e-03,1.504779e-03,-4.567385e-03,-2.518535e-03,-1.417994e-03,-3.584146e-03,-3.838897e-03,1.279593e-03,8.134127e-03,1.210475e-02,1.185429e-02,5.673647e-03,4.306555e-03,4.407048e-03,1.304507e-03,2.268553e-04,-2.406836e-04,2.355099e-03,1.537204e-03,-2.087235e-03,-5.406260e-03,-9.861112e-03,-9.797812e-03,-9.521246e-03,-5.755186e-03,-4.363775e-03,
2.113223e-02,2.154171e-02,2.117479e-02,2.137089e-02,-3.117150e+00,-3.108763e+00,-3.106153e+00,-3.110721e+00,-3.118099e+00,-3.119871e+00,-3.118305e+00,-3.114694e+00,-3.115324e+00,-3.116493e+00,-3.115499e+00,-3.112489e+00,-3.111412e+00,-3.112781e+00,-3.113449e+00,-3.113066e+00,-3.113241e+00,-3.112400e+00,-3.113530e+00,-3.114980e+00,-3.119863e+00,1.904476e-02,1.837945e-02,
-5.221963e-03,-4.551530e-03,-3.951192e-03,-3.431320e-03,-2.720833e-03,-2.571464e-03,-1.980662e-03,1.419783e-03,2.638817e-03,2.455115e-03,-3.397822e-03,-4.782915e-03,-5.024195e-03,-7.319093e-03,-4.643202e-03,-3.144383e-03,4.727244e-03,6.975889e-03,1.466811e-02,1.699078e-02,1.499796e-02,1.390898e-02,9.903431e-03,7.197380e-03,2.777100e-03,6.270170e-03,9.619832e-03,1.233041e-02,
1.625657e-02,2.119243e-02,2.618515e-02,3.071642e-02,3.306317e-02,3.364015e-02,3.669631e-02,3.775084e-02,3.915024e-02,3.898180e-02,4.019094e-02,3.941989e-02,3.959095e-02,3.769660e-02,3.810835e-02,3.847218e-02,4.059219e-02,4.284942e-02,4.570699e-02,4.499781e-02,4.342127e-02,4.297042e-02,4.283130e-02,
-1.964688e-03,2.925158e-03,-1.596451e-03,-1.005173e-03,-6.417036e-04,2.978683e-03,2.365828e-03,2.076983e-03,1.782060e-03,4.245162e-03,5.369544e-03,7.919669e-03,5.423903e-03,2.637506e-03,2.183676e-03,3.884912e-03,5.243540e-03,7.445097e-03,8.180261e-03,9.938478e-03,1.112008e-02,1.197135e-02,1.329112e-02,
1.693416e-02,1.968920e-02,2.018487e-02,2.377534e-02,2.607358e-02,2.660930e-02,2.806365e-02,2.804065e-02,3.145576e-02,3.280640e-02,3.594291e-02,3.792489e-02,3.706706e-02,3.623426e-02,3.395844e-02,3.428614e-02,3.291082e-02,3.324878e-02,3.283334e-02,3.640258e-02,3.725624e-02,3.435159e-02,3.217494e-02,3.035319e-02,2.865756e-02,2.722895e-02,
1.650453e-03,1.111424e-02,1.166797e-02,1.293921e-02,1.269197e-02,1.412642e-02,1.126277e-02,8.844614e-03,7.032156e-03,5.626202e-03,6.476521e-03,6.320596e-03,6.501913e-03,4.922271e-03,8.313775e-03,9.389758e-03,1.301932e-02,1.278734e-02,1.386940e-02,1.237607e-02,9.431839e-03,8.867145e-03,8.891582e-03,1.099348e-03,1.496196e-03,1.169562e-03,
2.277493e-03,6.453872e-03,8.393407e-03,1.176906e-02,1.352787e-02,1.808929e-02,1.840091e-02,1.391149e-02,1.251519e-02,1.318872e-02,1.750612e-02,1.922333e-02,1.718116e-02,1.534271e-02,1.706839e-02,1.750863e-02,1.747775e-02,1.812637e-02,2.093124e-02,2.912688e-02,3.374434e-02,3.424120e-02,3.757083e-02,3.725600e-02,3.545403e-02,3.332722e-02,2.683401e-02,2.140021e-02,
1.496732e-02,1.676702e-02,1.959407e-02,2.335906e-02,2.314138e-02,2.859938e-02,3.306973e-02,2.914226e-02,2.972376e-02,2.579355e-02,2.374589e-02,2.699244e-02,2.794135e-02,2.739680e-02,3.021455e-02,2.941322e-02,2.872777e-02,3.210962e-02,2.553451e-02,2.273655e-02,2.140892e-02,
2.196193e-03,1.236320e-02,1.328814e-02,1.314414e-02,1.492691e-02,1.202428e-02,1.018488e-02,8.198023e-03,8.261085e-03,7.852793e-03,8.429170e-03,8.016109e-03,9.141207e-03,9.924173e-03,1.111877e-02,1.170933e-02,1.219642e-02,1.298976e-02,1.427305e-02,1.618969e-02,1.535749e-02,1.599121e-02,1.412177e-02,1.366007e-02,1.141155e-02,2.622128e-03,4.580140e-03,
1.064122e-02,1.234102e-02,1.190972e-02,1.090741e-02,1.293075e-02,1.548922e-02,1.960242e-02,2.157533e-02,2.042449e-02,2.055669e-02,2.273846e-02,2.529764e-02,2.616668e-02,2.459908e-02,2.471173e-02,2.603030e-02,2.683997e-02,2.751112e-02,2.592182e-02,2.306986e-02,1.794434e-02,1.673555e-02,1.497710e-02,
1.786470e-03,8.820891e-03,1.215136e-02,1.118290e-02,1.182449e-02,1.069772e-02,1.016998e-02,1.399517e-02,1.793313e-02,2.686977e-02,3.818142e-02,4.778981e-02,5.280447e-02,5.424881e-02,5.256712e-02,5.242336e-02,5.065584e-02,5.049503e-02,4.981780e-02,5.146408e-02,5.061114e-02,4.748499e-02,3.757763e-02,2.426672e-02,1.028168e-02,1.674771e-03,-2.561331e-03,-3.203273e-03,
1.856565e-02,2.081144e-02,2.136052e-02,2.284503e-02,2.224004e-02,2.401519e-02,2.193439e-02,2.301073e-02,2.287948e-02,2.151382e-02,1.939058e-02,1.974034e-02,2.086747e-02,2.176273e-02,2.117908e-02,2.168941e-02,2.269804e-02,2.272093e-02,2.420974e-02,2.547824e-02,2.683830e-02,2.465057e-02,2.579653e-02,2.328992e-02,1.908088e-02,1.433492e-02,1.200926e-02,
2.373576e-03,4.521370e-03,1.066613e-02,1.479137e-02,1.700342e-02,1.723266e-02,1.815593e-02,1.939511e-02,1.963520e-02,1.830220e-02,1.830399e-02,1.776040e-02,1.833355e-02,1.839268e-02,1.863098e-02,1.749599e-02,1.751196e-02,1.749587e-02,1.729655e-02,1.245070e-02,6.971359e-03,3.478527e-03,3.076077e-03,
2.899778e-02,2.816522e-02,2.412534e-02,2.375984e-02,2.597880e-02,2.725637e-02,2.440989e-02,2.379465e-02,2.359295e-02,2.604485e-02,2.870619e-02,2.763164e-02,2.878642e-02,2.855277e-02,2.978265e-02,2.804828e-02,2.868187e-02,2.897143e-02,
-3.115122e+00,-3.116306e+00,-3.116708e+00,2.785516e-02,2.877665e-02,-3.115833e+00,-3.119140e+00,-3.118899e+00,-3.117709e+00,-3.117554e+00,-3.115714e+00,-3.110554e+00,-3.112286e+00,-3.111624e+00,-3.114585e+00,-3.115916e+00,-3.116520e+00,
1.879501e-02,2.100968e-02,2.129412e-02,1.736701e-02,1.648235e-02,9.197354e-03,3.864169e-03,1.930833e-03,5.030513e-03,9.981394e-03,1.206160e-02,1.290345e-02,8.100629e-03,8.076787e-03,1.635909e-03,2.946854e-03,2.421975e-03,7.286072e-03,5.563617e-03,1.066566e-03,2.911329e-03,-4.652739e-04,-8.283854e-04,-1.472354e-03,7.398129e-04,2.326846e-03,
1.242602e-02,7.691383e-03,9.380102e-03,1.583457e-02,2.268696e-02,2.508485e-02,2.137363e-02,1.896727e-02,1.638150e-02,1.605940e-02,1.461089e-02,1.787364e-02,2.089405e-02,2.349913e-02,2.142203e-02,2.215052e-02,2.040660e-02,1.998067e-02,2.190804e-02,2.086329e-02,1.954937e-02,2.186775e-02,2.073491e-02,2.013516e-02,1.498115e-02,9.035110e-03,5.744696e-03,
8.522034e-03,1.153207e-02,1.141906e-02,7.557154e-03,6.569624e-03,4.894972e-03,-7.658005e-04,7.725954e-04,-1.158237e-03,4.781485e-04,-6.200552e-03,-7.310867e-03,-9.210944e-03,-5.717874e-03,-2.683997e-03,-6.332397e-04,3.791928e-03,4.839778e-03,6.647348e-03,5.672097e-03,2.372265e-05,-4.958749e-03,
2.626896e-02,2.948892e-02,3.252470e-02,3.384829e-02,3.274488e-02,2.870059e-02,2.922189e-02,2.798843e-02,2.662897e-02,2.363825e-02,2.363169e-02,2.451921e-02,2.676272e-02,2.406156e-02,2.506459e-02,2.297878e-02,2.416801e-02,2.363980e-02,2.746999e-02,2.542818e-02,2.156055e-02,1.949143e-02,1.923168e-02,2.059388e-02,2.377307e-02,
7.500768e-03,8.845210e-03,1.032603e-02,1.380372e-02,1.326644e-02,1.107788e-02,8.117557e-03,6.313801e-03,4.775405e-03,2.224088e-03,1.564741e-03,2.200842e-03,3.142834e-03,3.131270e-03,3.117442e-03,4.079103e-03,5.033255e-03,6.588221e-03,9.181142e-03,1.226485e-02,1.485634e-02,1.360822e-02,1.235557e-02,1.256907e-02,4.528999e-03,3.810287e-03,4.990339e-03,2.595782e-03,
3.262293e-02,3.364146e-02,3.773928e-02,3.904688e-02,3.988373e-02,3.628206e-02,3.760290e-02,4.083216e-02,3.946328e-02,3.736222e-02,3.698170e-02,3.797638e-02,3.840029e-02,-3.102091e+00,-3.103633e+00,-3.104380e+00,3.331077e-02,2.868128e-02,2.772212e-02,2.861309e-02,
1.172245e-02,1.385319e-02,1.343715e-02,1.311588e-02,1.419580e-02,1.139724e-02,8.860707e-03,3.717780e-03,2.557516e-03,3.675938e-03,4.207730e-03,7.630110e-03,7.450700e-03,7.098913e-03,6.697059e-03,7.361054e-03,6.945491e-03,7.542253e-03,8.195162e-03,7.974386e-03,1.148558e-02,1.353681e-02,1.414871e-02,1.153231e-02,1.259279e-02,4.712939e-03,4.069328e-03,2.543330e-03,1.078963e-03,
1.208782e-04,-1.654387e-03,-2.469182e-03,-3.774166e-04,2.217174e-03,5.433440e-03,6.789684e-03,1.244640e-02,1.219845e-02,1.356089e-02,1.310766e-02,1.256025e-02,9.580612e-03,4.338622e-03,1.552463e-03,-1.268387e-03,-1.132488e-04,-1.496196e-03,-9.245872e-04,1.676440e-03,2.945781e-03,2.073765e-03,5.632639e-04,
1.819897e-02,1.858985e-02,1.864147e-02,1.904917e-02,-3.120338e+00,-3.117401e+00,-3.115840e+00,-3.113555e+00,-3.113086e+00,-3.112759e+00,-3.117146e+00,-3.119338e+00,-3.123450e+00,-3.124116e+00,-3.128482e+00,-3.132827e+00,5.575180e-03,4.754901e-03,2.847672e-03,4.004359e-03,4.705191e-03,5.172014e-03,4.540324e-03,5.334139e-03,-3.134721e+00,-3.135598e+00,-3.131341e+00,-3.132737e+00,-3.132169e+00,-3.129615e+00,-3.128278e+00,-3.125206e+00,-3.121963e+00,-3.122536e+00,-3.124197e+00,-3.124903e+00,
2.642763e-02,-3.113294e+00,2.806056e-02,3.006268e-02,3.257966e-02,3.293610e-02,3.053677e-02,2.869081e-02,2.488601e-02,1.897633e-02,-3.120526e+00,-3.116679e+00,-3.114922e+00,-3.112300e+00,-3.111382e+00,-3.113852e+00,-3.116922e+00,1.900959e-02,1.851130e-02,1.529431e-02,
3.041315e-02,2.933216e-02,3.523302e-02,3.320611e-02,3.035188e-02,2.581871e-02,2.399766e-02,2.346063e-02,2.432001e-02,2.367747e-02,2.616012e-02,2.798438e-02,2.896392e-02,3.030276e-02,3.135443e-02,3.226697e-02,3.226340e-02,
-4.697919e-03,-8.349538e-03,-1.258731e-02,-1.304829e-02,-1.624405e-02,-1.719105e-02,-1.613915e-02,-1.325214e-02,-1.070452e-02,-9.664416e-03,-7.938385e-03,-4.686475e-03,-4.924536e-04,-2.227306e-03,-1.471043e-03,-9.485483e-04,-2.851486e-04,-6.875992e-04,-1.212239e-03,-2.254248e-04,-1.238942e-03,-1.786709e-03,-5.069137e-03,-6.552458e-03,-7.218361e-03,-8.277535e-03,-9.173393e-03,-9.866714e-03,-7.307529e-03,-6.002903e-03,-4.733920e-03,-2.705574e-03,-3.111362e-03,-1.480937e-03,1.569271e-03,
-3.111713e+00,-3.113535e+00,-3.118276e+00,-3.119308e+00,1.873326e-02,2.088797e-02,2.380013e-02,1.833427e-02,1.303506e-02,2.018595e-02,2.501822e-02,1.445770e-02,1.445878e-02,1.020873e-02,8.995891e-03,1.313663e-02,1.349473e-02,1.311219e-02,1.344681e-02,1.969922e-02,1.961780e-02,2.052438e-02,2.800906e-02,-3.113625e+00,
3.153598e-02,3.270233e-02,-3.108518e+00,-3.105736e+00,3.764772e-02,3.917921e-02,4.049659e-02,3.619814e-02,3.604221e-02,3.694010e-02,3.531861e-02,3.457427e-02,3.409934e-02,3.580403e-02,3.473771e-02,3.476536e-02,3.448224e-02,2.277672e-02,2.282429e-02,2.883446e-02,3.227401e-02,3.501260e-02,3.337777e-02,3.485310e-02,3.540730e-02,3.008664e-02,2.138376e-02,2.161133e-02,
1.516807e-02,1.786876e-02,-3.118820e+00,-3.115471e+00,-3.113667e+00,-3.111751e+00,-3.112911e+00,-3.115324e+00,-3.118680e+00,-3.122600e+00,-3.125222e+00,1.564884e-02,8.997321e-03,6.396294e-03,2.837062e-03,3.517628e-03,3.561974e-04,1.657844e-03,1.559258e-03,7.965565e-04,1.532197e-03,-2.467632e-05,5.189180e-04,2.848506e-03,5.851626e-03,6.835103e-03,9.779692e-03,9.940624e-03,9.991884e-03,9.773850e-03,6.075978e-03,7.345200e-03,8.532047e-03,
-6.837249e-03,-1.076603e-02,-1.421559e-02,-2.062654e-02,-2.519548e-02,-2.822912e-02,-3.154385e-02,-3.293228e-02,-3.231549e-02,-3.059208e-02,-2.910769e-02,-2.631652e-02,-2.558982e-02,-2.330029e-02,-2.245426e-02,-2.341211e-02,-2.377844e-02,-2.429020e-02,-2.376425e-02,-2.177250e-02,-2.084935e-02,-1.929259e-02,-1.972020e-02,-2.121305e-02,-1.939309e-02,-2.342880e-02,-2.432907e-02,-2.197134e-02,-2.209437e-02,-1.907742e-02,-1.518762e-02,-1.760018e-02,-1.610994e-02,-1.367891e-02,-1.747501e-02,-1.630437e-02,-1.407433e-02,-1.482618e-02,-1.200902e-02,-9.991050e-03,
-4.567981e-03,-4.067659e-03,-3.990889e-03,-2.801895e-03,-7.052422e-04,-1.239061e-03,-2.181530e-04,-2.264977e-03,8.772612e-04,1.129389e-03,1.737475e-03,8.786917e-04,2.595305e-03,2.469659e-03,2.435207e-03,7.891655e-04,-3.250837e-04,-1.614571e-03,-3.147840e-03,-7.244825e-03,-8.365870e-03,-6.503582e-03,-3.915787e-03,-3.483176e-03,-2.961874e-03,-3.776073e-03,-4.783273e-03,-2.562881e-03,
2.766538e-02,3.157055e-02,3.561282e-02,4.053295e-02,4.387903e-02,3.991628e-02,3.331435e-02,3.302717e-02,3.199255e-02,3.064799e-02,3.150165e-02,3.149807e-02,3.176272e-02,2.993441e-02,2.978015e-02,3.022623e-02,3.044248e-02,2.897096e-02,3.009367e-02,2.721131e-02,2.645755e-02,1.965666e-02,1.671898e-02,
-1.469851e-03,3.543735e-03,6.711602e-03,8.808970e-03,7.956386e-03,1.624227e-03,-1.192689e-03,7.870197e-04,1.770616e-03,7.616282e-04,1.335382e-03,1.621246e-03,2.249837e-03,6.313324e-04,-1.290917e-03,-2.139091e-03,-2.585411e-03,-3.833532e-03,-4.640341e-03,-6.208420e-03,-1.210427e-02,-1.402044e-02,
2.537990e-02,2.475798e-02,2.737606e-02,2.861106e-02,2.698004e-02,2.534938e-02,2.214658e-02,2.418303e-02,2.668607e-02,2.613342e-02,2.385592e-02,2.516913e-02,2.717149e-02,2.482915e-02,2.559114e-02,2.425432e-02,2.395773e-02,2.081585e-02,2.389109e-02,2.603424e-02,2.498579e-02,2.271986e-02,2.253461e-02,
1.831079e-02,2.251887e-02,2.796757e-02,3.381824e-02,3.969610e-02,4.358673e-02,4.505277e-02,4.686463e-02,4.787493e-02,4.725087e-02,4.781806e-02,4.707015e-02,4.462302e-02,4.136455e-02,3.959811e-02,3.799427e-02,3.787637e-02,3.623497e-02,3.485727e-02,3.630996e-02,3.898394e-02,4.221642e-02,4.872894e-02,5.175054e-02,4.944026e-02,4.326797e-02,3.618705e-02,2.996373e-02,2.914393e-02,2.817810e-02,
5.528450e-03,1.279044e-02,1.351595e-02,1.360881e-02,1.589119e-02,1.313937e-02,1.215875e-02,1.090848e-02,9.782910e-03,1.059377e-02,1.050055e-02,9.048700e-03,9.518743e-03,1.009965e-02,1.033127e-02,1.213980e-02,1.496530e-02,1.798630e-02,1.731348e-02,1.875222e-02,1.753473e-02,1.001501e-02,7.032752e-03,6.447196e-03,
2.332675e-02,2.333367e-02,2.381182e-02,2.346063e-02,2.279723e-02,1.928222e-02,1.863468e-02,1.971829e-02,1.973701e-02,2.009583e-02,1.931512e-02,1.961839e-02,2.457941e-02,2.374911e-02,2.368629e-02,2.437317e-02,2.408934e-02,2.490091e-02,2.592194e-02,2.573276e-02,2.940321e-02,2.959776e-02,3.112888e-02,
3.269315e-03,3.713131e-03,5.873919e-03,5.426884e-03,4.932880e-03,3.420353e-03,1.845002e-03,2.270699e-03,3.411889e-03,4.207373e-03,2.942085e-03,3.623962e-03,5.007744e-03,5.660772e-03,7.744193e-03,8.174062e-03,9.235740e-03,1.172960e-02,1.306021e-02,1.277852e-02,1.039255e-02,1.030087e-02,9.088874e-03,1.084518e-02,1.274419e-02,1.202583e-02,1.228368e-02,1.216340e-02,8.890629e-03,8.345127e-03,8.632898e-03,1.014209e-02,1.071298e-02,1.075661e-02,1.075780e-02,9.026885e-03,7.462740e-03,8.891225e-03,9.882689e-03,
8.589864e-03,8.113742e-03,3.097773e-03,-1.497030e-03,-5.662680e-03,-6.002069e-03,-4.635334e-03,-4.260302e-03,-8.730888e-04,3.596306e-03,7.468462e-03,8.460641e-03,9.741545e-03,1.406264e-02,1.644325e-02,1.627696e-02,1.494992e-02,1.486039e-02,1.512766e-02,1.586473e-02,1.741946e-02,1.747680e-02,1.820612e-02,1.739562e-02,1.582563e-02,1.219833e-02,9.284019e-03,4.841685e-03,2.159357e-03,-1.790643e-03,-4.330993e-03,-7.277369e-03,-1.024115e-02,-9.906173e-03,-1.076531e-02,-9.370804e-03,-7.593274e-03,-5.506158e-03,-4.739881e-03,
2.762318e-03,-1.527071e-03,8.614063e-03,1.065385e-02,9.186864e-03,1.195526e-02,8.251667e-03,5.235672e-03,3.169894e-03,2.409577e-03,1.375556e-03,1.166105e-03,3.290176e-04,2.473950e-03,2.293229e-03,3.844380e-03,4.277706e-03,6.676078e-03,7.100224e-03,8.771420e-03,1.049745e-02,9.214163e-03,9.143353e-03,9.843230e-03,-2.335548e-03,7.825613e-03,-9.393692e-05,
1.136065e-04,2.099991e-03,4.053116e-06,1.137710e-02,1.125860e-02,1.059377e-02,9.501696e-03,5.011082e-03,1.896501e-03,1.334548e-03,9.069443e-04,-7.507801e-04,-1.176596e-03,-1.469612e-03,-1.640797e-03,-2.061725e-03,-2.225041e-03,-9.211302e-04,2.224803e-03,4.732251e-03,8.865476e-03,1.004338e-02,1.251936e-02,1.559830e-02,1.509571e-02,1.036167e-02,8.582473e-03,1.270294e-03,
3.559351e-03,-8.617640e-04,7.944703e-03,6.654501e-03,9.847283e-03,8.344889e-03,5.631328e-03,3.653646e-03,1.713634e-03,5.962849e-04,9.080172e-04,3.231645e-03,3.341198e-03,3.792405e-03,3.708720e-03,3.638387e-03,4.129171e-03,5.512238e-03,8.104324e-03,1.013875e-02,1.106286e-02,8.757591e-03,5.821228e-03,9.900331e-03,1.387715e-03,7.197857e-04,
1.092768e-02,5.777121e-03,1.537979e-02,1.513970e-02,1.604414e-02,1.808202e-02,1.607096e-02,1.203275e-02,1.083136e-02,6.809354e-03,6.931901e-03,9.009123e-03,9.029984e-03,1.061642e-02,1.307201e-02,1.393151e-02,1.521266e-02,1.712632e-02,1.762474e-02,1.853120e-02,1.735055e-02,1.786399e-02,1.513553e-02,
5.420089e-03,8.175611e-03,9.206057e-03,1.149416e-02,1.256835e-02,1.215696e-02,1.017213e-02,9.024262e-03,4.741549e-03,4.841328e-03,4.038095e-03,3.538847e-03,2.383351e-03,3.967881e-03,3.979802e-03,3.230214e-03,3.468752e-03,2.202630e-03,1.168609e-03,2.127767e-03,5.992532e-03,7.698536e-03,
1.467943e-03,3.708720e-03,9.347200e-03,1.602244e-02,1.911271e-02,1.952863e-02,1.780868e-02,2.011502e-02,1.733208e-02,1.463914e-02,1.687217e-02,1.696658e-02,1.556516e-02,1.398599e-02,1.309574e-02,1.080143e-02,1.029968e-02,1.071918e-02,1.239562e-02,1.475656e-02,1.505458e-02,1.061642e-02,6.258488e-03,3.819585e-03,3.703356e-03,2.407432e-03,
7.854939e-03,8.857131e-03,3.339648e-03,1.470780e-02,1.541054e-02,1.717520e-02,1.960754e-02,1.479387e-02,1.055002e-02,8.878469e-03,5.818844e-03,5.715728e-03,7.100582e-03,7.224560e-03,9.058237e-03,9.624362e-03,1.134396e-02,1.038575e-02,1.056707e-02,1.265883e-02,1.353419e-02,1.443803e-02,1.641798e-02,1.795292e-02,1.722360e-02,1.539540e-02,1.590419e-02,8.291602e-03,5.258203e-03,4.292369e-03,
3.206372e-02,2.844691e-02,2.954543e-02,2.937698e-02,2.681923e-02,2.772689e-02,2.834773e-02,2.432871e-02,2.355695e-02,2.426493e-02,2.449286e-02,2.077031e-02,1.862431e-02,1.723135e-02,2.789676e-02,3.362000e-02,3.127980e-02,3.543484e-02,2.703679e-02,2.324533e-02,2.454686e-02,2.780497e-02,2.761149e-02,
