-1.569775e-01,-1.543057e-01,-1.520207e-01,-1.477863e-01,-1.535088e-01,-1.518459e-01,-1.557221e-01,-1.617061e-01,-1.675831e-01,-1.730907e-01,-1.679806e-01,-1.627573e-01,-1.613585e-01,-1.546433e-01,-1.503360e-01,-1.508728e-01,-1.480873e-01,-1.503913e-01,-1.531360e-01,-1.613331e-01,-1.620972e-01,-1.654302e-01,-1.648825e-01,-1.661193e-01,-1.676406e-01,
-1.435230e-01,-1.445504e-01,-1.413436e-01,-1.386429e-01,-1.356149e-01,-1.352158e-01,-1.341978e-01,-1.340654e-01,-1.331559e-01,-1.345359e-01,-1.344835e-01,-1.369116e-01,-1.335514e-01,-1.375161e-01,-1.418215e-01,-1.392945e-01,-1.394391e-01,-1.395001e-01,-1.408523e-01,-1.381963e-01,-1.452395e-01,-1.453580e-01,-1.513444e-01,-1.485368e-01,-1.577702e-01,-1.645101e-01,-1.653409e-01,-1.606748e-01,-1.610470e-01,
-1.566265e-01,-1.485561e-01,-1.363714e-01,-1.493195e-01,-1.486356e-01,-1.426046e-01,-1.501517e-01,-1.523176e-01,-1.578571e-01,-1.682402e-01,-1.576933e-01,-1.538458e-01,-1.522006e-01,-1.482416e-01,-1.487079e-01,-1.476902e-01,-1.474439e-01,-1.526806e-01,-1.561352e-01,-1.592232e-01,-1.629909e-01,-1.654286e-01,-1.672128e-01,-1.661506e-01,-1.674225e-01,
-1.589187e-01,-1.587840e-01,-1.597338e-01,-1.571130e-01,-1.566557e-01,-1.556940e-01,-1.531762e-01,-1.410304e-01,-1.360513e-01,-1.410654e-01,-1.431515e-01,-1.364659e-01,-1.399748e-01,-1.383734e-01,-1.348681e-01,-1.361415e-01,-1.409332e-01,-1.413984e-01,-1.412065e-01,-1.474681e-01,-1.558696e-01,-1.575893e-01,-1.583393e-01,-1.505089e-01,-1.496888e-01,-1.527799e-01,-1.424710e-01,-1.478004e-01,-1.563336e-01,-1.586635e-01,-1.624603e-01,-1.638249e-01,-1.627280e-01,-1.654695e-01,
-1.546459e-01,-1.531457e-01,-1.448685e-01,-1.437751e-01,-1.461436e-01,-1.315184e-01,-1.263168e-01,-1.392577e-01,-1.453671e-01,-1.447111e-01,-1.447891e-01,-1.401690e-01,-1.375110e-01,-1.323322e-01,-1.289343e-01,-1.316068e-01,-1.331738e-01,-1.341623e-01,-1.357710e-01,-1.397816e-01,-1.449435e-01,-1.499434e-01,-1.514645e-01,-1.532056e-01,
-1.173255e-01,-1.206388e-01,-1.185205e-01,-1.173024e-01,-1.112152e-01,-1.092918e-01,-1.073939e-01,-1.110867e-01,-1.179138e-01,-1.183431e-01,-1.213924e-01,-1.192621e-01,-1.198679e-01,-1.168561e-01,-1.204376e-01,-1.247834e-01,-1.283219e-01,-1.285264e-01,-1.221333e-01,-1.200669e-01,-1.190996e-01,
-1.189362e-01,-1.175689e-01,-1.150564e-01,-1.131588e-01,-1.136678e-01,-1.122040e-01,-1.134967e-01,-1.172911e-01,-1.212058e-01,-1.222880e-01,-1.230783e-01,-1.246843e-01,-1.210864e-01,-1.203961e-01,-1.215084e-01,-1.181026e-01,-1.177449e-01,-1.183589e-01,-1.187569e-01,-1.183182e-01,-1.227603e-01,-1.217986e-01,-1.198326e-01,
-1.600394e-01,-1.529648e-01,-1.511028e-01,-1.461869e-01,-1.484551e-01,-1.483183e-01,-1.475729e-01,-1.396754e-01,-1.508002e-01,-1.532682e-01,-1.590879e-01,-1.532912e-01,-1.522738e-01,-1.506513e-01,-1.496549e-01,-1.477118e-01,-1.474810e-01,-1.474866e-01,-1.524453e-01,-1.603255e-01,-1.646031e-01,
-1.283482e-01,-1.218015e-01,-1.180619e-01,-1.222516e-01,-1.261448e-01,-1.368517e-01,-1.470313e-01,-1.391848e-01,-1.371931e-01,-1.360872e-01,-1.355140e-01,-1.356406e-01,-1.362695e-01,-1.344827e-01,-1.348982e-01,-1.432818e-01,-1.456683e-01,-1.424345e-01,-1.437151e-01,
-1.609443e-01,-1.576463e-01,-1.544302e-01,-1.496763e-01,-1.467372e-01,-1.391814e-01,-1.356976e-01,-1.422708e-01,-1.442652e-01,-1.487759e-01,-1.378340e-01,-1.409189e-01,-1.447014e-01,-1.433322e-01,-1.402996e-01,-1.407071e-01,-1.433220e-01,-1.354004e-01,-1.417226e-01,-1.500341e-01,-1.557469e-01,-1.603860e-01,-1.620793e-01,-1.620777e-01,-1.643058e-01,-1.649979e-01,-1.626059e-01,-1.622084e-01,
-1.212952e-01,-1.178751e-01,-1.142566e-01,-1.145470e-01,-1.123942e-01,-1.139288e-01,-1.118183e-01,-1.032568e-01,-9.909964e-02,-9.779501e-02,-9.854376e-02,-9.885406e-02,-1.016629e-01,-1.061205e-01,-1.099020e-01,-1.104972e-01,-1.116946e-01,-1.120325e-01,-1.124361e-01,-1.122009e-01,-1.125615e-01,-1.119202e-01,-1.154252e-01,-1.166396e-01,
-1.238500e-01,-1.263845e-01,-1.228143e-01,-1.139321e-01,-1.131924e-01,-1.163166e-01,-1.155076e-01,-1.211544e-01,-1.201177e-01,-1.223494e-01,-1.241657e-01,-1.228127e-01,-1.222234e-01,-1.173079e-01,-1.175756e-01,-1.176395e-01,-1.166677e-01,-1.236991e-01,-1.279755e-01,-1.296115e-01,-1.336406e-01,-1.273184e-01,-1.253270e-01,-1.247714e-01,-1.244317e-01,
-1.323210e-01,-1.307155e-01,-1.230834e-01,-1.149522e-01,-1.151005e-01,-1.199373e-01,-1.268234e-01,-1.305349e-01,-1.333091e-01,-1.361887e-01,-1.383686e-01,-1.366949e-01,-1.352484e-01,-1.314380e-01,-1.298442e-01,-1.314119e-01,-1.336138e-01,-1.344993e-01,-1.348922e-01,-1.380603e-01,-1.426300e-01,-1.463140e-01,-1.481767e-01,-1.475763e-01,-1.486732e-01,-1.482545e-01,-1.470977e-01,-1.465540e-01,
-1.241406e-01,-1.214547e-01,-1.184603e-01,-1.101426e-01,-1.071017e-01,-1.024851e-01,-1.067686e-01,-1.056331e-01,-1.052394e-01,-1.081021e-01,-1.181777e-01,-1.208550e-01,-1.220206e-01,-1.251298e-01,-1.233509e-01,-1.202245e-01,-1.207362e-01,-1.215914e-01,-1.207693e-01,-1.220253e-01,-1.237612e-01,-1.236343e-01,
-1.558620e-01,-1.545502e-01,-1.541204e-01,-1.512396e-01,-1.474941e-01,-1.425232e-01,-1.398882e-01,-1.368806e-01,-1.372548e-01,-1.398305e-01,-1.413466e-01,-1.423298e-01,-1.414475e-01,-1.419461e-01,-1.358451e-01,-1.376510e-01,-1.427990e-01,-1.460491e-01,-1.469859e-01,-1.480627e-01,-1.460361e-01,-1.468024e-01,-1.498847e-01,-1.577711e-01,-1.560881e-01,-1.649843e-01,-1.647835e-01,-1.703678e-01,-1.747812e-01,-1.746222e-01,-1.736153e-01,-1.748116e-01,-1.691440e-01,-1.697848e-01,
-1.793202e-01,-1.774621e-01,-1.759659e-01,-1.718705e-01,-1.668308e-01,-1.592739e-01,-1.558900e-01,-1.531794e-01,-1.516854e-01,-1.533527e-01,-1.534358e-01,-1.537168e-01,-1.545120e-01,-1.533265e-01,-1.510757e-01,-1.485153e-01,-1.457696e-01,-1.487256e-01,-1.518325e-01,-1.556222e-01,-1.598707e-01,-1.635765e-01,-1.629168e-01,-1.648146e-01,-1.622092e-01,-1.595073e-01,-1.576844e-01,-1.605095e-01,-1.628011e-01,-1.661587e-01,-1.693069e-01,-1.699235e-01,
-1.398877e-01,-1.396909e-01,-1.375955e-01,-1.328015e-01,-1.288728e-01,-1.283977e-01,-1.272879e-01,-1.260945e-01,-1.272939e-01,-1.290206e-01,-1.279025e-01,-1.280012e-01,-1.259403e-01,-1.249138e-01,-1.240546e-01,-1.240832e-01,-1.243547e-01,-1.250789e-01,-1.315281e-01,-1.370853e-01,-1.388962e-01,-1.401961e-01,-1.399192e-01,-1.401377e-01,
-1.429778e-01,-1.420202e-01,-1.411183e-01,-1.395214e-01,-1.412694e-01,-1.444123e-01,-1.470764e-01,-1.467348e-01,-1.437838e-01,-1.398731e-01,-1.391389e-01,-1.406908e-01,-1.404926e-01,-1.399877e-01,-1.407609e-01,-1.439857e-01,-1.461161e-01,-1.477138e-01,-1.469721e-01,-1.432469e-01,-1.388887e-01,-1.375109e-01,-1.389074e-01,-1.375605e-01,-1.357411e-01,-1.375902e-01,-1.404185e-01,-1.425883e-01,-1.432458e-01,-1.433275e-01,-1.421177e-01,-1.413245e-01,-1.421854e-01,-1.420882e-01,-1.454892e-01,-1.474364e-01,-1.485130e-01,-1.489245e-01,-1.493608e-01,
-1.415679e-01,-1.433092e-01,-1.447365e-01,-1.436574e-01,-1.396971e-01,-1.408043e-01,-1.418325e-01,-1.445842e-01,-1.467955e-01,-1.497214e-01,-1.491574e-01,-1.465737e-01,-1.456482e-01,-1.466395e-01,-1.475835e-01,-1.457262e-01,-1.457251e-01,-1.505362e-01,-1.544560e-01,-1.555935e-01,-1.555009e-01,-1.538574e-01,-1.510093e-01,-1.465367e-01,-1.443410e-01,-1.430811e-01,-1.416043e-01,-1.373587e-01,-1.365342e-01,-1.399499e-01,-1.440978e-01,-1.483026e-01,-1.506811e-01,-1.498921e-01,-1.511035e-01,-1.499985e-01,-1.480330e-01,-1.482561e-01,-1.480998e-01,
-1.462494e-01,-1.424003e-01,-1.315238e-01,-1.318002e-01,-1.321609e-01,-1.331512e-01,-1.398253e-01,-1.416866e-01,-1.446136e-01,-1.454116e-01,-1.497091e-01,-1.524633e-01,-1.550342e-01,-1.512449e-01,-1.511763e-01,-1.497688e-01,-1.487250e-01,-1.469939e-01,-1.443521e-01,-1.432524e-01,-1.437876e-01,-1.469563e-01,-1.521591e-01,-1.522424e-01,-1.542747e-01,
-1.623887e-01,-1.626633e-01,-1.611971e-01,-1.571651e-01,-1.466925e-01,-1.433814e-01,-1.476055e-01,-1.525439e-01,-1.527892e-01,-1.579108e-01,-1.588284e-01,-1.555637e-01,-1.539901e-01,-1.559361e-01,-1.597267e-01,-1.593384e-01,-1.579570e-01,-1.579808e-01,-1.591417e-01,-1.576346e-01,-1.548822e-01,-1.520075e-01,-1.487943e-01,-1.499317e-01,-1.518878e-01,-1.562736e-01,-1.632549e-01,-1.672378e-01,-1.705893e-01,-1.732812e-01,-1.764559e-01,
-1.431327e-01,-1.440746e-01,-1.438916e-01,-1.441420e-01,-1.431408e-01,-1.411235e-01,-1.440229e-01,-1.456223e-01,-1.445861e-01,-1.412510e-01,-1.385016e-01,-1.385256e-01,-1.396104e-01,-1.393840e-01,-1.411959e-01,-1.443089e-01,-1.472999e-01,-1.474112e-01,-1.442065e-01,-1.384679e-01,-1.364757e-01,-1.363171e-01,-1.344755e-01,-1.325306e-01,-1.348637e-01,-1.370932e-01,-1.389893e-01,-1.372608e-01,-1.397690e-01,-1.418252e-01,-1.482471e-01,-1.485721e-01,-1.469309e-01,-1.465615e-01,-1.462986e-01,-1.463610e-01,-1.459467e-01,
-1.575748e-01,-1.567527e-01,-1.549495e-01,-1.483269e-01,-1.458740e-01,-1.416240e-01,-1.418457e-01,-1.417273e-01,-1.418256e-01,-1.461207e-01,-1.466334e-01,-1.476789e-01,-1.491143e-01,-1.467445e-01,-1.477094e-01,-1.481297e-01,-1.500512e-01,-1.484132e-01,-1.472721e-01,-1.490152e-01,-1.505796e-01,-1.513994e-01,-1.520103e-01,-1.555783e-01,-1.598445e-01,-1.640321e-01,
-1.545367e-01,-1.509914e-01,-1.463629e-01,-1.344464e-01,-1.376940e-01,-1.398185e-01,-1.435989e-01,-1.444205e-01,-1.478400e-01,-1.479785e-01,-1.513733e-01,-1.524282e-01,-1.550245e-01,-1.555192e-01,-1.559664e-01,-1.551020e-01,-1.549683e-01,-1.528091e-01,-1.496173e-01,-1.467052e-01,-1.445286e-01,-1.478764e-01,-1.519958e-01,-1.575902e-01,-1.600344e-01,
-1.326166e-01,-1.365223e-01,-1.367524e-01,-1.318586e-01,-1.289401e-01,-1.270754e-01,-1.269474e-01,-1.279320e-01,-1.291678e-01,-1.275872e-01,-1.294432e-01,-1.268084e-01,-1.244862e-01,-1.237326e-01,-1.244889e-01,-1.258157e-01,-1.290288e-01,-1.347086e-01,-1.368573e-01,-1.367140e-01,-1.365256e-01,
-1.371920e-01,-1.364992e-01,-1.357470e-01,-1.341392e-01,-1.317494e-01,-1.310303e-01,-1.282202e-01,-1.283821e-01,-1.268508e-01,-1.285406e-01,-1.283287e-01,-1.289067e-01,-1.285623e-01,-1.290287e-01,-1.273280e-01,-1.253992e-01,-1.285174e-01,-1.352571e-01,-1.409501e-01,-1.406486e-01,-1.397889e-01,-1.376694e-01,
-1.252575e-01,-1.236948e-01,-1.209925e-01,-1.202794e-01,-1.154413e-01,-1.082762e-01,-1.017773e-01,-9.823966e-02,-9.723127e-02,-9.847021e-02,-1.048640e-01,-1.109214e-01,-1.186130e-01,-1.195190e-01,-1.183197e-01,-1.187429e-01,-1.202731e-01,-1.229640e-01,-1.225195e-01,-1.224569e-01,-1.224855e-01,-1.241910e-01,-1.249057e-01,-1.245079e-01,-1.251866e-01,
-1.383049e-01,-1.402708e-01,-1.410763e-01,-1.398804e-01,-1.411785e-01,-1.402693e-01,-1.375401e-01,-1.382132e-01,-1.406958e-01,-1.417743e-01,-1.409931e-01,-1.395148e-01,-1.366931e-01,-1.357815e-01,-1.373447e-01,-1.355813e-01,-1.363227e-01,-1.404237e-01,-1.448083e-01,-1.466665e-01,-1.437113e-01,-1.392443e-01,-1.359650e-01,-1.366605e-01,-1.353005e-01,-1.322143e-01,-1.329002e-01,-1.348073e-01,-1.379645e-01,-1.365887e-01,-1.338425e-01,-1.342883e-01,-1.371924e-01,-1.372594e-01,-1.388012e-01,-1.432799e-01,-1.440973e-01,-1.473749e-01,
-1.279155e-01,-1.266481e-01,-1.240531e-01,-1.216486e-01,-1.253504e-01,-1.289611e-01,-1.315957e-01,-1.346818e-01,-1.323371e-01,-1.294714e-01,-1.232663e-01,-1.210154e-01,-1.190701e-01,-1.183410e-01,-1.188912e-01,-1.208669e-01,-1.273190e-01,-1.291122e-01,-1.312561e-01,-1.306347e-01,-1.300324e-01,-1.315181e-01,
-1.128770e-01,-1.125386e-01,-1.118147e-01,-1.113515e-01,-1.128646e-01,-1.122254e-01,-1.079321e-01,-1.013025e-01,-9.980857e-02,-1.009972e-01,-1.012503e-01,-1.059073e-01,-1.118455e-01,-1.155537e-01,-1.188573e-01,-1.190956e-01,-1.165826e-01,-1.140255e-01,-1.133217e-01,-1.146809e-01,-1.107583e-01,-1.128789e-01,-1.114969e-01,-1.117468e-01,-1.141627e-01,-1.152958e-01,-1.155914e-01,-1.160448e-01,-1.161696e-01,
-1.547521e-01,-1.560780e-01,-1.526694e-01,-1.417680e-01,-1.423992e-01,-1.364495e-01,-1.284473e-01,-1.381865e-01,-1.380010e-01,-1.510494e-01,-1.607982e-01,-1.656394e-01,-1.578864e-01,-1.806910e-01,-1.771767e-01,-1.647418e-01,-1.798357e-01,-1.752133e-01,-1.686224e-01,-1.522465e-01,-1.615670e-01,-1.542176e-01,-1.541023e-01,-1.565814e-01,-1.570877e-01,-1.602725e-01,-1.607764e-01,-1.584785e-01,-1.555679e-01,-1.615760e-01,
-1.170971e-01,-1.105584e-01,-1.140524e-01,-1.259265e-01,-1.369954e-01,-1.360209e-01,-1.369101e-01,-1.310339e-01,-1.286246e-01,-1.271265e-01,-1.264333e-01,-1.298977e-01,-1.372910e-01,-1.319640e-01,-1.397491e-01,-1.364976e-01,-1.399688e-01,-1.377254e-01,-1.350745e-01,-1.349014e-01,-1.334569e-01,-1.327286e-01,-1.307960e-01,
-1.329662e-01,-1.325014e-01,-1.313406e-01,-1.278177e-01,-1.264695e-01,-1.269475e-01,-1.282166e-01,-1.304890e-01,-1.298723e-01,-1.296474e-01,-1.283618e-01,-1.257915e-01,-1.254764e-01,-1.263111e-01,-1.266080e-01,-1.314538e-01,-1.374276e-01,-1.390691e-01,-1.405818e-01,-1.414310e-01,
-1.388987e-01,-1.391656e-01,-1.377493e-01,-1.314881e-01,-1.306555e-01,-1.296204e-01,-1.295222e-01,-1.304491e-01,-1.307261e-01,-1.323416e-01,-1.321929e-01,-1.337653e-01,-1.304097e-01,-1.304924e-01,-1.296456e-01,-1.301744e-01,-1.325904e-01,-1.325611e-01,-1.322817e-01,-1.335173e-01,-1.367567e-01,-1.397691e-01,-1.383036e-01,-1.381859e-01,-1.381401e-01,-1.388738e-01,
-1.690803e-01,-1.680084e-01,-1.600523e-01,-1.593739e-01,-1.588639e-01,-1.668123e-01,-1.630615e-01,-1.587402e-01,-1.570319e-01,-1.609989e-01,-1.629025e-01,-1.656163e-01,-1.576149e-01,-1.601536e-01,-1.575962e-01,-1.669831e-01,-1.535556e-01,-1.482081e-01,-1.608001e-01,-1.523645e-01,-1.503437e-01,-1.590525e-01,-1.616334e-01,-1.693168e-01,-1.654985e-01,-1.603513e-01,-1.597677e-01,
-1.643585e-01,-1.698549e-01,-1.640514e-01,-1.601462e-01,-1.616026e-01,-1.567863e-01,-1.498700e-01,-1.440516e-01,-1.482618e-01,-1.508772e-01,-1.585860e-01,-1.578668e-01,-1.597999e-01,-1.599050e-01,-1.626017e-01,-1.584412e-01,-1.541159e-01,-1.563596e-01,-1.649779e-01,-1.610571e-01,-1.619025e-01,-1.673307e-01,-1.687471e-01,-1.724695e-01,-1.675922e-01,-1.632814e-01,-1.621625e-01,-1.660998e-01,
-1.201140e-01,-1.205078e-01,-1.201127e-01,-1.218653e-01,-1.198521e-01,-1.183506e-01,-1.168234e-01,-1.196427e-01,-1.207669e-01,-1.204232e-01,-1.194361e-01,-1.206584e-01,-1.122816e-01,-1.033101e-01,-1.037151e-01,-1.010821e-01,-1.035749e-01,-1.082178e-01,-1.086762e-01,-1.144953e-01,-1.175146e-01,-1.172904e-01,-1.157151e-01,-1.157185e-01,-1.153237e-01,-1.164975e-01,-1.174345e-01,-1.232271e-01,-1.301481e-01,-1.303585e-01,-1.293737e-01,-1.308697e-01,-1.266689e-01,-1.266687e-01,-1.287093e-01,
-1.414959e-01,-1.399256e-01,-1.370803e-01,-1.313466e-01,-1.290495e-01,-1.290717e-01,-1.294127e-01,-1.295573e-01,-1.303277e-01,-1.303165e-01,-1.319114e-01,-1.304677e-01,-1.297064e-01,-1.306577e-01,-1.332762e-01,-1.298230e-01,-1.312832e-01,-1.350417e-01,-1.363736e-01,-1.390992e-01,-1.397563e-01,-1.411045e-01,-1.420188e-01,-1.410860e-01,-1.423510e-01,
-1.480993e-01,-1.552213e-01,-1.482272e-01,-1.497108e-01,-1.484696e-01,-1.500953e-01,-1.532943e-01,-1.567750e-01,-1.564376e-01,-1.566620e-01,-1.605662e-01,-1.664848e-01,-1.600707e-01,-1.661823e-01,-1.671880e-01,-1.699414e-01,-1.686084e-01,-1.713051e-01,-1.695366e-01,-1.657511e-01,-1.577625e-01,-1.539901e-01,-1.547070e-01,-1.499943e-01,-1.491488e-01,-1.547639e-01,-1.563182e-01,-1.595433e-01,-1.606531e-01,
-1.482294e-01,-1.596074e-01,-1.515099e-01,-1.452419e-01,-1.419055e-01,-1.413428e-01,-1.371622e-01,-1.322128e-01,-1.340048e-01,-1.408721e-01,-1.461080e-01,-1.478969e-01,-1.422404e-01,-1.433005e-01,-1.463003e-01,-1.595626e-01,-1.539750e-01,-1.388993e-01,-1.523585e-01,-1.471324e-01,-1.384149e-01,-1.321005e-01,-1.392996e-01,-1.460556e-01,-1.458986e-01,-1.538886e-01,-1.686879e-01,-1.720090e-01,-1.706641e-01,-1.667943e-01,-1.677237e-01,-1.672819e-01,-1.737213e-01,
-1.363546e-01,-1.411049e-01,-1.419115e-01,-1.383153e-01,-1.338758e-01,-1.318011e-01,-1.303159e-01,-1.313049e-01,-1.328402e-01,-1.338109e-01,-1.327115e-01,-1.355072e-01,-1.344709e-01,-1.343074e-01,-1.318011e-01,-1.308728e-01,-1.278268e-01,-1.281478e-01,-1.337101e-01,-1.327298e-01,-1.357256e-01,-1.364334e-01,-1.375513e-01,-1.377058e-01,
-1.267521e-01,-1.235329e-01,-1.231513e-01,-1.187173e-01,-1.201003e-01,-1.260636e-01,-1.230030e-01,-1.328201e-01,-1.386867e-01,-1.318852e-01,-1.242236e-01,-1.225928e-01,-1.227083e-01,-1.222616e-01,-1.217389e-01,-1.196287e-01,-1.230220e-01,-1.265217e-01,-1.292992e-01,-1.278936e-01,-1.278526e-01,-1.285282e-01,-1.268877e-01,-1.286089e-01,-1.282203e-01,
-1.678537e-01,-1.641090e-01,-1.619784e-01,-1.594765e-01,-1.536303e-01,-1.492510e-01,-1.484679e-01,-1.444554e-01,-1.454673e-01,-1.457274e-01,-1.451776e-01,-1.446848e-01,-1.438597e-01,-1.463602e-01,-1.418194e-01,-1.363901e-01,-1.343688e-01,-1.458069e-01,-1.445514e-01,-1.416240e-01,-1.418414e-01,-1.431814e-01,-1.420413e-01,-1.413965e-01,-1.429019e-01,-1.491734e-01,-1.568394e-01,-1.600989e-01,-1.619270e-01,-1.654226e-01,-1.670753e-01,
-1.160084e-01,-1.155452e-01,-1.165857e-01,-1.092792e-01,-1.036690e-01,-9.992683e-02,-9.839106e-02,-1.015747e-01,-1.048558e-01,-1.049172e-01,-1.086928e-01,-1.157080e-01,-1.150516e-01,-1.147547e-01,-1.127203e-01,-1.138854e-01,-1.125420e-01,-1.137730e-01,-1.155702e-01,-1.153643e-01,-1.171786e-01,-1.179706e-01,-1.203687e-01,-1.231672e-01,-1.236243e-01,
-1.544565e-01,-1.515589e-01,-1.466568e-01,-1.445003e-01,-1.467978e-01,-1.451547e-01,-1.455222e-01,-1.541981e-01,-1.515175e-01,-1.367179e-01,-1.459877e-01,-1.490244e-01,-1.462696e-01,-1.560729e-01,-1.477252e-01,-1.520727e-01,-1.447806e-01,-1.608539e-01,-1.429672e-01,-1.509104e-01,-1.456887e-01,-1.374859e-01,-1.391133e-01,-1.444697e-01,-1.456667e-01,-1.521252e-01,-1.554902e-01,-1.555946e-01,-1.562798e-01,-1.583833e-01,-1.601899e-01,
-1.537791e-01,-1.518085e-01,-1.500320e-01,-1.504000e-01,-1.480390e-01,-1.437702e-01,-1.365316e-01,-1.322234e-01,-1.334594e-01,-1.326370e-01,-1.363443e-01,-1.447604e-01,-1.481265e-01,-1.498537e-01,-1.503955e-01,-1.507492e-01,-1.517429e-01,-1.514907e-01,-1.523517e-01,-1.507412e-01,-1.505562e-01,-1.487216e-01,-1.458584e-01,-1.463531e-01,-1.445327e-01,-1.477305e-01,-1.514459e-01,-1.536183e-01,-1.561159e-01,-1.589106e-01,-1.597962e-01,
-1.530256e-01,-1.524193e-01,-1.482948e-01,-1.447759e-01,-1.418072e-01,-1.375000e-01,-1.282072e-01,-1.277769e-01,-1.328470e-01,-1.375940e-01,-1.434089e-01,-1.495272e-01,-1.507713e-01,-1.508743e-01,-1.518919e-01,-1.534617e-01,-1.538582e-01,-1.530945e-01,-1.521329e-01,-1.497103e-01,-1.450720e-01,-1.439446e-01,-1.467111e-01,-1.510874e-01,-1.554312e-01,-1.605600e-01,-1.619623e-01,-1.644620e-01,-1.659104e-01,-1.671703e-01,
-1.471778e-01,-1.485939e-01,-1.496719e-01,-1.512802e-01,-1.524036e-01,-1.529206e-01,-1.505313e-01,-1.515335e-01,-1.513913e-01,-1.481564e-01,-1.454639e-01,-1.456926e-01,-1.471654e-01,-1.473777e-01,-1.463841e-01,-1.497865e-01,-1.539589e-01,-1.564586e-01,-1.560023e-01,-1.503228e-01,-1.449013e-01,-1.436365e-01,-1.441625e-01,-1.420248e-01,-1.416177e-01,-1.438977e-01,-1.459430e-01,-1.465465e-01,-1.463485e-01,-1.453565e-01,-1.461873e-01,-1.431146e-01,-1.440979e-01,
-1.427013e-01,-1.415728e-01,-1.437395e-01,-1.393118e-01,-1.376363e-01,-1.405561e-01,-1.448727e-01,-1.439586e-01,-1.430712e-01,-1.412630e-01,-1.428423e-01,-1.432492e-01,-1.416378e-01,-1.450068e-01,-1.483576e-01,-1.514105e-01,-1.514664e-01,-1.495345e-01,-1.457381e-01,-1.416039e-01,-1.406499e-01,-1.397862e-01,-1.381062e-01,-1.365342e-01,-1.375943e-01,-1.405518e-01,-1.427495e-01,-1.462671e-01,-1.474403e-01,-1.511708e-01,-1.496534e-01,-1.468970e-01,
-1.479568e-01,-1.450995e-01,-1.437123e-01,-1.429626e-01,-1.453102e-01,-1.485231e-01,-1.519045e-01,-1.551155e-01,-1.551050e-01,-1.516417e-01,-1.478302e-01,-1.493603e-01,-1.500140e-01,-1.483175e-01,-1.477627e-01,-1.512421e-01,-1.549714e-01,-1.561677e-01,-1.559682e-01,-1.518024e-01,-1.452544e-01,-1.412064e-01,-1.398196e-01,-1.395547e-01,-1.363949e-01,-1.367449e-01,-1.378820e-01,-1.407535e-01,-1.441545e-01,-1.456770e-01,-1.457348e-01,
-1.412385e-01,-1.389198e-01,-1.337152e-01,-1.258900e-01,-1.220943e-01,-1.217114e-01,-1.224320e-01,-1.246326e-01,-1.250329e-01,-1.261307e-01,-1.254363e-01,-1.270469e-01,-1.253414e-01,-1.265751e-01,-1.273603e-01,-1.274055e-01,-1.275352e-01,-1.302979e-01,-1.358112e-01,-1.371936e-01,-1.405615e-01,-1.377983e-01,-1.397344e-01,-1.373944e-01,-1.367277e-01,-1.366305e-01,
-1.398380e-01,-1.437079e-01,-1.433054e-01,-1.435131e-01,-1.434653e-01,-1.459447e-01,-1.498530e-01,-1.514139e-01,-1.486930e-01,-1.464978e-01,-1.497239e-01,-1.535256e-01,-1.560483e-01,-1.564134e-01,-1.623821e-01,-1.627231e-01,-1.682472e-01,-1.663551e-01,-1.643244e-01,-1.615571e-01,-1.618147e-01,-1.591746e-01,-1.573129e-01,-1.611631e-01,-1.653570e-01,-1.694574e-01,-1.713268e-01,-1.670194e-01,-1.606069e-01,-1.599268e-01,-1.570257e-01,-1.594522e-01,-1.552305e-01,-1.598765e-01,-1.585273e-01,-1.615031e-01,-1.615204e-01,-1.584005e-01,-1.594684e-01,-1.593434e-01,-1.628784e-01,-1.614153e-01,
-1.501486e-01,-1.439505e-01,-1.359214e-01,-1.362085e-01,-1.355107e-01,-1.348653e-01,-1.364843e-01,-1.382248e-01,-1.395515e-01,-1.389949e-01,-1.398873e-01,-1.396040e-01,-1.389749e-01,-1.391698e-01,-1.386466e-01,-1.381518e-01,-1.375945e-01,-1.373100e-01,-1.433843e-01,-1.449790e-01,-1.456827e-01,-1.468486e-01,-1.465149e-01,-1.480764e-01,-1.498300e-01,
-1.510091e-01,-1.523097e-01,-1.530755e-01,-1.507231e-01,-1.453551e-01,-1.430087e-01,-1.490310e-01,-1.480374e-01,-1.516972e-01,-1.460572e-01,-1.448854e-01,-1.489545e-01,-1.493583e-01,-1.510018e-01,-1.505370e-01,-1.511719e-01,-1.524044e-01,-1.522740e-01,-1.537181e-01,-1.526489e-01,-1.531746e-01,-1.505548e-01,-1.485028e-01,-1.462330e-01,-1.451826e-01,-1.431428e-01,-1.444572e-01,-1.478262e-01,-1.504816e-01,-1.533399e-01,-1.562784e-01,-1.579814e-01,
-1.527418e-01,-1.539237e-01,-1.531373e-01,-1.498060e-01,-1.410775e-01,-1.398655e-01,-1.419456e-01,-1.352340e-01,-1.373296e-01,-1.430218e-01,-1.466012e-01,-1.498576e-01,-1.498483e-01,-1.523391e-01,-1.537936e-01,-1.530695e-01,-1.522660e-01,-1.503592e-01,-1.502428e-01,-1.499360e-01,-1.531180e-01,-1.585180e-01,-1.632885e-01,-1.638056e-01,-1.662694e-01,-1.680512e-01,
-1.450509e-01,-1.471699e-01,-1.466409e-01,-1.481285e-01,-1.501477e-01,-1.534455e-01,-1.539787e-01,-1.532867e-01,-1.528182e-01,-1.522260e-01,-1.536684e-01,-1.544636e-01,-1.570939e-01,-1.595566e-01,-1.601522e-01,-1.607180e-01,-1.580731e-01,-1.556635e-01,-1.485987e-01,-1.481862e-01,-1.466792e-01,-1.459321e-01,-1.440889e-01,-1.445253e-01,-1.461746e-01,-1.473063e-01,-1.478643e-01,-1.460867e-01,
-1.417170e-01,-1.429603e-01,-1.420382e-01,-1.398568e-01,-1.362627e-01,-1.350341e-01,-1.334392e-01,-1.332105e-01,-1.333828e-01,-1.362725e-01,-1.357039e-01,-1.349280e-01,-1.397880e-01,-1.435163e-01,-1.464787e-01,-1.479722e-01,-1.460530e-01,-1.423563e-01,-1.385183e-01,-1.382449e-01,-1.391587e-01,-1.384645e-01,-1.366507e-01,-1.332517e-01,-1.356930e-01,-1.388811e-01,-1.411418e-01,-1.416274e-01,-1.425184e-01,-1.457793e-01,-1.511650e-01,-1.509112e-01,-1.523358e-01,-1.564507e-01,-1.559255e-01,
-1.418275e-01,-1.387293e-01,-1.314400e-01,-1.258482e-01,-1.212139e-01,-1.141990e-01,-1.144325e-01,-1.113536e-01,-1.090820e-01,-1.121503e-01,-1.120141e-01,-1.134841e-01,-1.182933e-01,-1.183990e-01,-1.224551e-01,-1.190985e-01,-1.184527e-01,-1.179245e-01,-1.151360e-01,-1.170013e-01,-1.183125e-01,-1.208136e-01,-1.256570e-01,-1.302543e-01,-1.322017e-01,-1.277840e-01,-1.311600e-01,-1.265697e-01,
-1.660755e-01,-1.656426e-01,-1.618907e-01,-1.577314e-01,-1.505737e-01,-1.496023e-01,-1.482434e-01,-1.492078e-01,-1.495368e-01,-1.514246e-01,-1.515965e-01,-1.507061e-01,-1.465073e-01,-1.438649e-01,-1.429660e-01,-1.440197e-01,-1.444533e-01,-1.463349e-01,-1.488507e-01,-1.498638e-01,-1.492807e-01,-1.463900e-01,-1.458573e-01,-1.473913e-01,-1.489210e-01,-1.513215e-01,-1.539319e-01,-1.627249e-01,-1.687545e-01,-1.718658e-01,-1.736653e-01,-1.758667e-01,-1.733251e-01,-1.775986e-01,-1.776211e-01,
-1.581166e-01,-1.578089e-01,-1.543900e-01,-1.503019e-01,-1.478344e-01,-1.471108e-01,-1.493888e-01,-1.469452e-01,-1.414475e-01,-1.421525e-01,-1.404027e-01,-1.379319e-01,-1.354229e-01,-1.343623e-01,-1.369710e-01,-1.353055e-01,-1.319882e-01,-1.357846e-01,-1.359433e-01,-1.387945e-01,-1.398752e-01,-1.392149e-01,-1.410162e-01,-1.409497e-01,-1.422048e-01,-1.481806e-01,-1.531411e-01,-1.525886e-01,-1.545954e-01,-1.614600e-01,-1.647571e-01,-1.662511e-01,-1.680019e-01,
-1.453712e-01,-1.450748e-01,-1.421939e-01,-1.384345e-01,-1.343919e-01,-1.306156e-01,-1.322944e-01,-1.284494e-01,-1.329144e-01,-1.337101e-01,-1.368006e-01,-1.385168e-01,-1.347604e-01,-1.333530e-01,-1.325744e-01,-1.334356e-01,-1.335924e-01,-1.360675e-01,-1.409117e-01,-1.439325e-01,-1.487094e-01,-1.510996e-01,-1.492263e-01,-1.498673e-01,-1.515863e-01,-1.540909e-01,-1.568058e-01,
-1.260133e-01,-1.268142e-01,-1.241609e-01,-1.174927e-01,-1.137528e-01,-1.087154e-01,-1.107149e-01,-1.115824e-01,-1.100184e-01,-1.128684e-01,-1.141473e-01,-1.136315e-01,-1.142478e-01,-1.135159e-01,-1.218718e-01,-1.232990e-01,-1.252573e-01,
-1.492337e-01,-1.508251e-01,-1.495731e-01,-1.430155e-01,-1.325473e-01,-1.305962e-01,-1.312408e-01,-1.308504e-01,-1.305163e-01,-1.291547e-01,-1.319423e-01,-1.390606e-01,-1.313429e-01,-1.334405e-01,-1.331291e-01,-1.407287e-01,-1.464702e-01,-1.494145e-01,-1.506678e-01,-1.513226e-01,-1.487991e-01,-1.418960e-01,-1.424057e-01,-1.492717e-01,-1.556592e-01,-1.581258e-01,-1.567966e-01,-1.566141e-01,-1.551006e-01,-1.545221e-01,-1.545708e-01,-1.545175e-01,-1.617913e-01,-1.672213e-01,-1.708050e-01,
-1.184146e-01,-1.172436e-01,-1.174669e-01,-1.200899e-01,-1.218569e-01,-1.164887e-01,-1.123214e-01,-1.096467e-01,-1.095304e-01,-1.077050e-01,-1.071857e-01,-1.060437e-01,-1.056075e-01,-1.060841e-01,-1.099553e-01,-1.110717e-01,-1.158230e-01,-1.169657e-01,-1.149020e-01,-1.163905e-01,-1.172560e-01,
-1.211259e-01,-1.206093e-01,-1.198554e-01,-1.218902e-01,-1.136042e-01,-1.072402e-01,-1.039522e-01,-1.040683e-01,-1.013668e-01,-1.028292e-01,-1.014357e-01,-1.045849e-01,-1.063508e-01,-1.072378e-01,-1.087948e-01,-1.123430e-01,-1.134989e-01,-1.134151e-01,-1.137649e-01,-1.147904e-01,
-1.217214e-01,-1.207458e-01,-1.249890e-01,-1.287892e-01,-1.213073e-01,-1.155105e-01,-1.125072e-01,-1.101512e-01,-1.125914e-01,-1.114043e-01,-1.099921e-01,-1.084080e-01,-1.088790e-01,-1.088309e-01,-1.107895e-01,-1.140484e-01,-1.172038e-01,-1.189829e-01,-1.195024e-01,
-1.574811e-01,-1.564426e-01,-1.573431e-01,-1.608584e-01,-1.571580e-01,-1.549318e-01,-1.510557e-01,-1.493888e-01,-1.494579e-01,-1.476883e-01,-1.481488e-01,-1.493971e-01,-1.505233e-01,-1.513777e-01,-1.520804e-01,-1.498002e-01,-1.486782e-01,-1.477796e-01,-1.469656e-01,-1.475428e-01,-1.486652e-01,-1.510872e-01,-1.529654e-01,-1.532853e-01,-1.521473e-01,-1.526160e-01,-1.536500e-01,-1.537064e-01,-1.559572e-01,-1.598880e-01,-1.627619e-01,-1.688766e-01,-1.718706e-01,-1.720095e-01,-1.716548e-01,-1.743184e-01,-1.745348e-01,-1.750133e-01,-1.784848e-01,-1.805708e-01,-1.826050e-01,-1.837398e-01,-1.833636e-01,
-1.456915e-01,-1.414427e-01,-1.381116e-01,-1.331084e-01,-1.246629e-01,-1.175680e-01,-1.202866e-01,-1.230991e-01,-1.261538e-01,-1.255541e-01,-1.250387e-01,-1.253719e-01,-1.271834e-01,-1.250001e-01,-1.295708e-01,-1.303830e-01,-1.342272e-01,-1.367586e-01,-1.379412e-01,-1.421014e-01,-1.435782e-01,-1.483954e-01,-1.509515e-01,
-1.282121e-01,-1.263905e-01,-1.245894e-01,-1.210011e-01,-1.207116e-01,-1.189351e-01,-1.236768e-01,-1.309670e-01,-1.307957e-01,-1.293546e-01,-1.291161e-01,-1.268865e-01,-1.263638e-01,-1.263685e-01,-1.286482e-01,-1.315869e-01,-1.284658e-01,-1.304908e-01,-1.319520e-01,-1.339573e-01,-1.412933e-01,-1.421853e-01,-1.457510e-01,-1.463151e-01,-1.460695e-01,-1.480165e-01,-1.487125e-01,-1.489434e-01,-1.486357e-01,-1.474335e-01,-1.470902e-01,-1.468072e-01,-1.458325e-01,-1.483831e-01,
-1.124942e-01,-1.150256e-01,-1.174041e-01,-1.176375e-01,-1.146209e-01,-1.113430e-01,-1.089267e-01,-1.103538e-01,-1.103203e-01,-1.097587e-01,-1.083102e-01,-1.084734e-01,-1.081837e-01,-1.082751e-01,-1.086274e-01,-1.086227e-01,-1.074806e-01,-1.078788e-01,-1.075711e-01,-1.062043e-01,-1.070137e-01,-1.084089e-01,-1.077049e-01,-1.098824e-01,-1.149322e-01,-1.169329e-01,-1.176107e-01,
-1.331637e-01,-1.325948e-01,-1.314003e-01,-1.297596e-01,-1.274378e-01,-1.215522e-01,-1.167169e-01,-1.191506e-01,-1.187459e-01,-1.239291e-01,-1.212189e-01,-1.218021e-01,-1.226815e-01,-1.212119e-01,-1.200768e-01,-1.198201e-01,-1.181247e-01,-1.198925e-01,-1.206731e-01,-1.225297e-01,-1.263871e-01,-1.289790e-01,-1.340005e-01,-1.344291e-01,-1.332511e-01,-1.373453e-01,-1.404439e-01,-1.422647e-01,
-1.493715e-01,-1.474100e-01,-1.444775e-01,-1.384661e-01,-1.313611e-01,-1.257526e-01,-1.248902e-01,-1.247216e-01,-1.250981e-01,-1.242015e-01,-1.254995e-01,-1.259894e-01,-1.267456e-01,-1.274525e-01,-1.288574e-01,-1.270485e-01,-1.281629e-01,-1.267385e-01,-1.275818e-01,-1.307404e-01,-1.317695e-01,-1.341727e-01,-1.372060e-01,
-1.529332e-01,-1.533637e-01,-1.477199e-01,-1.431789e-01,-1.409233e-01,-1.407319e-01,-1.373767e-01,-1.341074e-01,-1.308960e-01,-1.278417e-01,-1.280977e-01,-1.303370e-01,-1.323388e-01,-1.340292e-01,-1.354816e-01,-1.344271e-01,-1.333889e-01,-1.336809e-01,-1.346713e-01,-1.386832e-01,-1.437465e-01,-1.500478e-01,-1.542690e-01,
-1.531591e-01,-1.514874e-01,-1.496669e-01,-1.455433e-01,-1.395097e-01,-1.348363e-01,-1.302339e-01,-1.298838e-01,-1.279263e-01,-1.248966e-01,-1.250185e-01,-1.259203e-01,-1.259052e-01,-1.283402e-01,-1.309195e-01,-1.309551e-01,-1.316067e-01,-1.293969e-01,-1.290585e-01,-1.301680e-01,-1.335052e-01,-1.379796e-01,-1.398416e-01,-1.425233e-01,-1.474942e-01,-1.504127e-01,
-1.420251e-01,-1.405454e-01,-1.370126e-01,-1.349446e-01,-1.290625e-01,-1.245399e-01,-1.222142e-01,-1.222167e-01,-1.228365e-01,-1.238858e-01,-1.254820e-01,-1.275043e-01,-1.295900e-01,-1.284902e-01,-1.264877e-01,-1.251873e-01,-1.246043e-01,-1.235434e-01,-1.259139e-01,-1.313573e-01,-1.349740e-01,-1.352062e-01,-1.372007e-01,-1.386461e-01,-1.397820e-01,-1.421329e-01,
-1.334271e-01,-1.298419e-01,-1.246474e-01,-1.197499e-01,-1.144936e-01,-1.104101e-01,-1.073124e-01,-1.064724e-01,-1.055160e-01,-1.066940e-01,-1.052201e-01,-1.055862e-01,-1.068369e-01,-1.093289e-01,-1.087751e-01,-1.088455e-01,-1.073227e-01,-1.075487e-01,-1.084589e-01,-1.103003e-01,-1.148274e-01,-1.233132e-01,-1.302165e-01,-1.363626e-01,-1.417660e-01,-1.426430e-01,-1.412873e-01,-1.401584e-01,
-1.199882e-01,-1.202644e-01,-1.179295e-01,-1.193151e-01,-1.201376e-01,-1.151983e-01,-1.141374e-01,-1.109560e-01,-1.103834e-01,-1.078048e-01,-1.084262e-01,-1.083574e-01,-1.086959e-01,-1.088718e-01,-1.097674e-01,-1.115541e-01,-1.133174e-01,-1.133659e-01,-1.119254e-01,-1.122968e-01,-1.130267e-01,
-1.408961e-01,-1.404897e-01,-1.362908e-01,-1.298058e-01,-1.255066e-01,-1.253189e-01,-1.263384e-01,-1.275129e-01,-1.286840e-01,-1.298053e-01,-1.311644e-01,-1.315471e-01,-1.308967e-01,-1.306742e-01,-1.295450e-01,-1.289575e-01,-1.272463e-01,-1.254854e-01,-1.264598e-01,-1.287719e-01,-1.294634e-01,-1.326824e-01,-1.380780e-01,-1.387709e-01,-1.421430e-01,-1.424927e-01,-1.431049e-01,
-1.504849e-01,-1.503410e-01,-1.461406e-01,-1.420391e-01,-1.389830e-01,-1.355460e-01,-1.372668e-01,-1.366287e-01,-1.371216e-01,-1.412237e-01,-1.435659e-01,-1.442419e-01,-1.467170e-01,-1.471207e-01,-1.473833e-01,-1.466422e-01,-1.450191e-01,-1.432781e-01,-1.442823e-01,-1.449666e-01,-1.471266e-01,-1.492851e-01,-1.508899e-01,
-1.511023e-01,-1.527263e-01,-1.525739e-01,-1.494642e-01,-1.457394e-01,-1.396432e-01,-1.326978e-01,-1.314780e-01,-1.328392e-01,-1.339298e-01,-1.345081e-01,-1.327882e-01,-1.366603e-01,-1.386211e-01,-1.394478e-01,-1.403592e-01,-1.407958e-01,-1.408136e-01,-1.398125e-01,-1.374729e-01,-1.362275e-01,-1.335289e-01,-1.279598e-01,-1.242552e-01,-1.216632e-01,-1.178654e-01,-1.187419e-01,-1.202521e-01,
-1.244624e-01,-1.262295e-01,-1.241918e-01,-1.205853e-01,-1.126734e-01,-1.064448e-01,-1.051461e-01,-1.016630e-01,-9.970129e-02,-9.788620e-02,-9.910834e-02,-9.829569e-02,-9.863520e-02,-1.013908e-01,-1.010667e-01,-9.979951e-02,-1.007057e-01,-1.007097e-01,-1.018829e-01,-1.074749e-01,-1.141416e-01,-1.224447e-01,-1.265367e-01,-1.295174e-01,-1.322904e-01,-1.327537e-01,-1.312793e-01,
-1.284890e-01,-1.267411e-01,-1.233147e-01,-1.214118e-01,-1.164306e-01,-1.139666e-01,-1.152198e-01,-1.137910e-01,-1.127615e-01,-1.101247e-01,-1.075946e-01,-1.065483e-01,-1.064117e-01,-1.061836e-01,-1.066674e-01,-1.061890e-01,-1.072669e-01,-1.113865e-01,-1.158072e-01,-1.198708e-01,-1.200327e-01,-1.198457e-01,-1.182466e-01,
-1.091197e-01,-1.083388e-01,-1.102194e-01,-1.104248e-01,-1.075248e-01,-1.043411e-01,-1.025093e-01,-1.020663e-01,-1.016636e-01,-1.019684e-01,-1.006539e-01,-1.033554e-01,-1.049868e-01,-1.045879e-01,-1.040921e-01,-1.052966e-01,-1.087873e-01,-1.132292e-01,
-1.306444e-01,-1.264715e-01,-1.196220e-01,-1.142297e-01,-1.102093e-01,-1.133567e-01,-1.147805e-01,-1.134987e-01,-1.149751e-01,-1.163592e-01,-1.161232e-01,-1.153591e-01,-1.145003e-01,-1.176963e-01,-1.191173e-01,-1.192553e-01,-1.180829e-01,
-1.452084e-01,-1.428294e-01,-1.380483e-01,-1.329470e-01,-1.309733e-01,-1.296358e-01,-1.310350e-01,-1.323526e-01,-1.347895e-01,-1.372814e-01,-1.397291e-01,-1.405501e-01,-1.415403e-01,-1.423907e-01,-1.428692e-01,-1.447074e-01,-1.476986e-01,-1.538469e-01,-1.554983e-01,-1.565305e-01,-1.579168e-01,-1.570029e-01,-1.575465e-01,-1.578777e-01,-1.620332e-01,-1.619554e-01,
-1.266482e-01,-1.241857e-01,-1.216741e-01,-1.172978e-01,-1.129606e-01,-1.112416e-01,-1.092774e-01,-1.087575e-01,-1.085304e-01,-1.083957e-01,-1.076549e-01,-1.100302e-01,-1.115294e-01,-1.129830e-01,-1.135603e-01,-1.129524e-01,-1.092895e-01,-1.113364e-01,-1.113764e-01,-1.097817e-01,-1.115800e-01,-1.177951e-01,-1.233894e-01,-1.276898e-01,-1.280243e-01,-1.272311e-01,-1.278545e-01,
-1.486155e-01,-1.447077e-01,-1.419454e-01,-1.372516e-01,-1.377170e-01,-1.419073e-01,-1.376860e-01,-1.385893e-01,-1.394515e-01,-1.380879e-01,-1.372137e-01,-1.364305e-01,-1.368331e-01,-1.363515e-01,-1.345502e-01,-1.340027e-01,-1.337605e-01,-1.368887e-01,-1.410953e-01,-1.484197e-01,-1.494639e-01,-1.540313e-01,
-1.316147e-01,-1.283481e-01,-1.216929e-01,-1.142718e-01,-1.104413e-01,-1.087793e-01,-1.078328e-01,-1.083524e-01,-1.085111e-01,-1.096003e-01,-1.113912e-01,-1.090953e-01,-1.107900e-01,-1.100665e-01,-1.062688e-01,-1.069127e-01,-1.063491e-01,-1.085171e-01,-1.113000e-01,-1.171945e-01,-1.220244e-01,-1.270390e-01,-1.298646e-01,-1.305395e-01,-1.321193e-01,
-1.433014e-01,-1.431725e-01,-1.405751e-01,-1.373775e-01,-1.329104e-01,-1.305737e-01,-1.284689e-01,-1.289630e-01,-1.287727e-01,-1.289958e-01,-1.296047e-01,-1.297420e-01,-1.300501e-01,-1.310695e-01,-1.300236e-01,-1.291804e-01,-1.281123e-01,-1.270288e-01,-1.274899e-01,-1.304680e-01,-1.309327e-01,-1.336305e-01,-1.381900e-01,-1.399843e-01,-1.385301e-01,-1.395365e-01,-1.414225e-01,-1.423308e-01,
-1.199123e-01,-1.178225e-01,-1.186392e-01,-1.139308e-01,-1.115825e-01,-1.132445e-01,-1.127146e-01,-1.133893e-01,-1.113403e-01,-1.109117e-01,-1.114323e-01,-1.106750e-01,-1.111418e-01,-1.116047e-01,-1.115851e-01,-1.132768e-01,-1.133811e-01,-1.139102e-01,-1.149192e-01,-1.165071e-01,
-1.444917e-01,-1.419110e-01,-1.367568e-01,-1.313376e-01,-1.253982e-01,-1.227190e-01,-1.212796e-01,-1.223006e-01,-1.237330e-01,-1.258713e-01,-1.266160e-01,-1.276037e-01,-1.272769e-01,-1.271846e-01,-1.275576e-01,-1.256939e-01,-1.240950e-01,-1.227275e-01,-1.227220e-01,-1.219500e-01,-1.228559e-01,-1.246127e-01,-1.282954e-01,-1.320579e-01,-1.328025e-01,-1.324720e-01,-1.324117e-01,-1.355872e-01,-1.383741e-01,
-1.227002e-01,-1.223422e-01,-1.169053e-01,-1.119763e-01,-1.066347e-01,-1.037173e-01,-1.077553e-01,-1.112306e-01,-1.144665e-01,-1.149819e-01,-1.174672e-01,-1.181929e-01,-1.198506e-01,-1.178712e-01,-1.156595e-01,-1.157259e-01,-1.215403e-01,-1.240089e-01,-1.246073e-01,-1.275373e-01,-1.290880e-01,-1.291443e-01,-1.296659e-01,
-1.594317e-01,-1.594388e-01,-1.590724e-01,-1.601503e-01,-1.608657e-01,-1.592523e-01,-1.574230e-01,-1.555543e-01,-1.523975e-01,-1.497911e-01,-1.478924e-01,-1.466399e-01,-1.474224e-01,-1.491065e-01,-1.485063e-01,-1.478603e-01,-1.467083e-01,-1.464016e-01,-1.462793e-01,-1.465951e-01,-1.447164e-01,-1.441098e-01,-1.462444e-01,-1.486353e-01,-1.529512e-01,-1.543171e-01,-1.544751e-01,-1.549031e-01,-1.541955e-01,-1.539327e-01,-1.562753e-01,-1.596419e-01,-1.628340e-01,-1.669145e-01,-1.693769e-01,-1.702465e-01,
-1.191361e-01,-1.231958e-01,-1.211045e-01,-1.172316e-01,-1.133181e-01,-1.099007e-01,-1.103809e-01,-1.088203e-01,-1.099222e-01,-1.115721e-01,-1.106466e-01,-1.096554e-01,-1.097145e-01,-1.110679e-01,-1.114259e-01,-1.110282e-01,-1.139090e-01,-1.162418e-01,-1.150049e-01,-1.158849e-01,
-1.205665e-01,-1.194761e-01,-1.149769e-01,-1.097209e-01,-1.052542e-01,-1.017866e-01,-1.013756e-01,-1.032168e-01,-1.030794e-01,-1.024405e-01,-1.038513e-01,-1.046476e-01,-1.073669e-01,-1.104208e-01,-1.150844e-01,-1.165563e-01,-1.179491e-01,
-1.524509e-01,-1.526089e-01,-1.492568e-01,-1.474460e-01,-1.444606e-01,-1.418760e-01,-1.435968e-01,-1.428524e-01,-1.461164e-01,-1.463423e-01,-1.471136e-01,-1.471689e-01,-1.458704e-01,-1.445285e-01,-1.439952e-01,-1.444272e-01,-1.431463e-01,-1.436821e-01,-1.444705e-01,-1.466824e-01,-1.451571e-01,-1.463972e-01,-1.458749e-01,-1.461588e-01,-1.465013e-01,-1.466426e-01,-1.477524e-01,-1.493626e-01,-1.518794e-01,-1.530709e-01,-1.552290e-01,-1.566743e-01,-1.583819e-01,-1.599547e-01,-1.630197e-01,
-1.224352e-01,-1.204686e-01,-1.170501e-01,-1.114441e-01,-1.060363e-01,-1.025801e-01,-1.036234e-01,-1.009760e-01,-1.024910e-01,-1.054742e-01,-1.132836e-01,-1.242388e-01,-1.306007e-01,-1.288309e-01,-1.295713e-01,-1.236218e-01,-1.146517e-01,-1.096185e-01,-1.064490e-01,-1.061337e-01,-1.050029e-01,-1.074975e-01,-1.136386e-01,-1.143860e-01,
-1.256677e-01,-1.263044e-01,-1.247095e-01,-1.267340e-01,-1.268694e-01,-1.244946e-01,-1.228343e-01,-1.186378e-01,-1.169928e-01,-1.173706e-01,-1.179615e-01,-1.194493e-01,-1.257526e-01,-1.248800e-01,-1.275309e-01,-1.254095e-01,-1.229054e-01,-1.238871e-01,-1.229725e-01,-1.184738e-01,-1.187299e-01,-1.223209e-01,-1.299011e-01,-1.330171e-01,-1.354166e-01,-1.312807e-01,-1.346067e-01,-1.355979e-01,
-1.659623e-01,-1.654483e-01,-1.654567e-01,-1.655476e-01,-1.626549e-01,-1.582154e-01,-1.561044e-01,-1.530560e-01,-1.518573e-01,-1.509739e-01,-1.498996e-01,-1.500580e-01,-1.499527e-01,-1.469696e-01,-1.454582e-01,-1.440535e-01,-1.426903e-01,-1.422991e-01,-1.430055e-01,-1.425580e-01,-1.436217e-01,-1.461457e-01,-1.478065e-01,-1.439937e-01,-1.437274e-01,-1.437304e-01,-1.455364e-01,-1.469969e-01,-1.473039e-01,-1.506982e-01,-1.559374e-01,-1.595010e-01,-1.584482e-01,
-1.399114e-01,-1.423674e-01,-1.444061e-01,-1.442599e-01,-1.420410e-01,-1.379097e-01,-1.336833e-01,-1.320972e-01,-1.307888e-01,-1.315860e-01,-1.371776e-01,-1.374065e-01,-1.386709e-01,-1.362363e-01,-1.349387e-01,-1.332232e-01,-1.323749e-01,-1.317844e-01,-1.323537e-01,-1.343697e-01,-1.389112e-01,-1.404667e-01,-1.403096e-01,-1.429079e-01,-1.430264e-01,-1.430984e-01,-1.447335e-01,-1.472204e-01,-1.543807e-01,-1.615425e-01,-1.672536e-01,-1.700131e-01,-1.694306e-01,-1.675737e-01,-1.667217e-01,-1.667265e-01,-1.681161e-01,-1.703497e-01,-1.746857e-01,-1.775919e-01,
-1.313193e-01,-1.285982e-01,-1.259542e-01,-1.216396e-01,-1.191559e-01,-1.175189e-01,-1.190484e-01,-1.211929e-01,-1.214935e-01,-1.218828e-01,-1.220561e-01,-1.237525e-01,-1.248748e-01,-1.253783e-01,-1.255131e-01,-1.248511e-01,-1.271030e-01,-1.314332e-01,-1.300735e-01,-1.293324e-01,-1.311697e-01,-1.312889e-01,-1.328059e-01,-1.315757e-01,-1.302470e-01,-1.322248e-01,-1.324816e-01,-1.320316e-01,
-1.377646e-01,-1.397651e-01,-1.371182e-01,-1.329173e-01,-1.227673e-01,-1.138585e-01,-1.132063e-01,-1.131581e-01,-1.136088e-01,-1.151351e-01,-1.139628e-01,-1.115456e-01,-1.109422e-01,-1.128360e-01,-1.102085e-01,-1.086270e-01,-1.088922e-01,-1.111039e-01,-1.152604e-01,-1.221159e-01,-1.268716e-01,-1.317632e-01,-1.369584e-01,
-1.520175e-01,-1.521827e-01,-1.499617e-01,-1.455853e-01,-1.420399e-01,-1.397672e-01,-1.382316e-01,-1.389725e-01,-1.402198e-01,-1.398730e-01,-1.414510e-01,-1.440753e-01,-1.450869e-01,-1.465549e-01,-1.466444e-01,-1.470716e-01,-1.465540e-01,-1.480616e-01,-1.485840e-01,-1.491200e-01,-1.489148e-01,-1.487647e-01,
-1.253928e-01,-1.255023e-01,-1.243427e-01,-1.185979e-01,-1.128331e-01,-1.101182e-01,-1.055439e-01,-1.023090e-01,-1.048559e-01,-1.022134e-01,-1.014431e-01,-1.045885e-01,-1.062771e-01,-1.068761e-01,-1.082538e-01,-1.060585e-01,-1.042111e-01,-1.078318e-01,-1.162897e-01,-1.265010e-01,-1.346024e-01,-1.355290e-01,-1.333342e-01,
-1.626620e-01,-1.619914e-01,-1.594461e-01,-1.558287e-01,-1.532552e-01,-1.514978e-01,-1.502587e-01,-1.507188e-01,-1.512109e-01,-1.514384e-01,-1.487021e-01,-1.476372e-01,-1.460190e-01,-1.436871e-01,-1.424909e-01,-1.442678e-01,-1.465893e-01,-1.499828e-01,-1.534513e-01,-1.564916e-01,-1.578263e-01,-1.592218e-01,-1.606942e-01,-1.638861e-01,-1.690257e-01,-1.757572e-01,-1.809641e-01,-1.852593e-01,-1.893274e-01,-1.906571e-01,
-1.459631e-01,-1.438280e-01,-1.409985e-01,-1.327859e-01,-1.260308e-01,-1.234094e-01,-1.212155e-01,-1.227905e-01,-1.248465e-01,-1.260126e-01,-1.262027e-01,-1.254845e-01,-1.244427e-01,-1.241403e-01,-1.235092e-01,-1.224757e-01,-1.232355e-01,-1.238127e-01,-1.275288e-01,-1.325749e-01,-1.363399e-01,-1.369413e-01,-1.380618e-01,-1.402954e-01,
-1.296167e-01,-1.266376e-01,-1.213610e-01,-1.165644e-01,-1.142765e-01,-1.159762e-01,-1.154654e-01,-1.155028e-01,-1.164449e-01,-1.150671e-01,-1.154160e-01,-1.141036e-01,-1.120409e-01,-1.129442e-01,-1.129533e-01,-1.107129e-01,-1.126479e-01,-1.145757e-01,-1.171582e-01,-1.222259e-01,-1.250999e-01,-1.255199e-01,-1.256497e-01,
-1.507373e-01,-1.490039e-01,-1.457725e-01,-1.426405e-01,-1.421323e-01,-1.412139e-01,-1.412719e-01,-1.423640e-01,-1.424276e-01,-1.427051e-01,-1.429279e-01,-1.438798e-01,-1.460799e-01,-1.450572e-01,-1.448423e-01,-1.428498e-01,-1.414106e-01,-1.396018e-01,-1.386039e-01,-1.387188e-01,-1.354324e-01,-1.339110e-01,-1.317314e-01,-1.306379e-01,-1.310602e-01,-1.315602e-01,-1.325548e-01,-1.382530e-01,-1.386433e-01,-1.384759e-01,-1.388859e-01,-1.398780e-01,-1.405585e-01,-1.410866e-01,-1.420807e-01,-1.401831e-01,-1.385752e-01,-1.392223e-01,-1.418692e-01,
-1.650505e-01,-1.655378e-01,-1.636804e-01,-1.593236e-01,-1.575876e-01,-1.561195e-01,-1.548624e-01,-1.553179e-01,-1.557999e-01,-1.598451e-01,-1.598390e-01,-1.570956e-01,-1.562068e-01,-1.567975e-01,-1.569040e-01,-1.562862e-01,-1.553339e-01,-1.549127e-01,-1.552367e-01,-1.553557e-01,-1.555300e-01,-1.558193e-01,-1.565963e-01,-1.568738e-01,-1.566097e-01,-1.572269e-01,-1.593921e-01,-1.606206e-01,-1.588403e-01,-1.568084e-01,-1.553278e-01,-1.571405e-01,-1.597500e-01,-1.621801e-01,-1.644115e-01,-1.665516e-01,-1.694621e-01,-1.707780e-01,-1.698563e-01,
-1.391457e-01,-1.384346e-01,-1.379143e-01,-1.337112e-01,-1.315923e-01,-1.269259e-01,-1.223953e-01,-1.205251e-01,-1.216798e-01,-1.226366e-01,-1.242503e-01,-1.254090e-01,-1.257526e-01,-1.261896e-01,-1.254963e-01,-1.261948e-01,-1.250550e-01,-1.227884e-01,-1.220068e-01,-1.234531e-01,-1.283903e-01,-1.307849e-01,-1.343398e-01,-1.365749e-01,-1.377605e-01,-1.383225e-01,-1.376455e-01,
-1.417961e-01,-1.392176e-01,-1.363698e-01,-1.364267e-01,-1.330992e-01,-1.306399e-01,-1.261005e-01,-1.235993e-01,-1.234992e-01,-1.253105e-01,-1.271936e-01,-1.269605e-01,-1.262877e-01,-1.263691e-01,-1.270843e-01,-1.261003e-01,-1.252303e-01,-1.236616e-01,-1.237961e-01,-1.238061e-01,-1.231645e-01,-1.206520e-01,-1.239443e-01,-1.298597e-01,-1.343217e-01,-1.359057e-01,-1.395708e-01,-1.431295e-01,
-1.400125e-01,-1.375649e-01,-1.344825e-01,-1.313848e-01,-1.256562e-01,-1.206269e-01,-1.196332e-01,-1.202329e-01,-1.213253e-01,-1.223708e-01,-1.236089e-01,-1.235652e-01,-1.239294e-01,-1.236258e-01,-1.227665e-01,-1.215637e-01,-1.200063e-01,-1.193799e-01,-1.183019e-01,-1.195804e-01,-1.215618e-01,-1.255578e-01,-1.295925e-01,-1.336621e-01,-1.335285e-01,-1.335355e-01,
-1.364497e-01,-1.365021e-01,-1.349480e-01,-1.337283e-01,-1.267145e-01,-1.226976e-01,-1.225996e-01,-1.216079e-01,-1.220951e-01,-1.224285e-01,-1.237952e-01,-1.262095e-01,-1.272500e-01,-1.265591e-01,-1.276824e-01,-1.275703e-01,-1.265043e-01,-1.274526e-01,-1.307505e-01,-1.365860e-01,-1.396114e-01,-1.422780e-01,-1.432863e-01,
-1.480855e-01,-1.471679e-01,-1.427326e-01,-1.380566e-01,-1.332313e-01,-1.318945e-01,-1.295711e-01,-1.311044e-01,-1.322736e-01,-1.339718e-01,-1.345233e-01,-1.366245e-01,-1.369717e-01,-1.399035e-01,-1.384039e-01,-1.380503e-01,-1.384723e-01,-1.389751e-01,-1.417865e-01,-1.446489e-01,-1.474525e-01,-1.513764e-01,
-1.571560e-01,-1.576101e-01,-1.587422e-01,-1.578153e-01,-1.512231e-01,-1.468153e-01,-1.452055e-01,-1.450522e-01,-1.433256e-01,-1.434969e-01,-1.456245e-01,-1.446725e-01,-1.441858e-01,-1.455445e-01,-1.476631e-01,-1.500373e-01,-1.499724e-01,-1.500843e-01,-1.496265e-01,-1.490339e-01,-1.475332e-01,-1.459739e-01,-1.476393e-01,-1.495830e-01,-1.520994e-01,-1.544720e-01,
-1.392463e-01,-1.403896e-01,-1.413127e-01,-1.383517e-01,-1.350358e-01,-1.279814e-01,-1.197662e-01,-1.181734e-01,-1.185604e-01,-1.197339e-01,-1.205332e-01,-1.210723e-01,-1.219201e-01,-1.232818e-01,-1.238489e-01,-1.244634e-01,-1.240333e-01,-1.226190e-01,-1.221939e-01,-1.208342e-01,-1.208307e-01,-1.208746e-01,-1.223021e-01,-1.232992e-01,-1.287013e-01,-1.335224e-01,-1.357995e-01,-1.372066e-01,-1.376081e-01,-1.389545e-01,
-1.298310e-01,-1.233791e-01,-1.187068e-01,-1.128334e-01,-1.132252e-01,-1.128449e-01,-1.111681e-01,-1.176429e-01,-1.199398e-01,-1.161067e-01,-1.160791e-01,-1.163605e-01,-1.163452e-01,-1.137900e-01,-1.112077e-01,-1.104850e-01,-1.115720e-01,-1.125163e-01,-1.139590e-01,-1.185352e-01,-1.237296e-01,-1.293566e-01,-1.321417e-01,
